date,country,region,new_cases,total_cases,new_deaths,total_deaths
2021-01-01,Afghanistan,EMRO,183,52513,12,2201
2021-01-02,Afghanistan,EMRO,73,52586,10,2211
2021-01-03,Afghanistan,EMRO,123,52709,10,2221
2021-01-04,Afghanistan,EMRO,200,52909,9,2230
2021-01-05,Afghanistan,EMRO,102,53011,7,2237
2021-01-06,Afghanistan,EMRO,94,53105,7,2244
2021-01-07,Afghanistan,EMRO,102,53207,9,2253
2021-01-08,Afghanistan,EMRO,125,53332,4,2257
2021-01-09,Afghanistan,EMRO,68,53400,7,2264
2021-01-10,Afghanistan,EMRO,89,53489,13,2277
2021-01-11,Afghanistan,EMRO,49,53538,11,2288
2021-01-12,Afghanistan,EMRO,46,53584,13,2301
2021-01-13,Afghanistan,EMRO,106,53690,7,2308
2021-01-14,Afghanistan,EMRO,85,53775,6,2314
2021-01-15,Afghanistan,EMRO,56,53831,10,2324
2021-01-16,Afghanistan,EMRO,107,53938,12,2336
2021-01-17,Afghanistan,EMRO,46,53984,3,2339
2021-01-18,Afghanistan,EMRO,78,54062,4,2343
2021-01-19,Afghanistan,EMRO,79,54141,3,2346
2021-01-20,Afghanistan,EMRO,137,54278,8,2354
2021-01-21,Afghanistan,EMRO,125,54403,9,2363
2021-01-22,Afghanistan,EMRO,80,54483,7,2370
2021-01-23,Afghanistan,EMRO,76,54559,3,2373
2021-01-24,Afghanistan,EMRO,36,54595,5,2378
2021-01-25,Afghanistan,EMRO,77,54672,7,2385
2021-01-26,Afghanistan,EMRO,78,54750,4,2389
2021-01-27,Afghanistan,EMRO,104,54854,0,2389
2021-01-28,Afghanistan,EMRO,37,54891,8,2397
2021-01-29,Afghanistan,EMRO,48,54939,2,2399
2021-01-30,Afghanistan,EMRO,69,55008,1,2400
2021-01-31,Afghanistan,EMRO,15,55023,0,2400
2021-02-01,Afghanistan,EMRO,36,55059,4,2404
2021-02-02,Afghanistan,EMRO,62,55121,1,2405
2021-02-03,Afghanistan,EMRO,53,55174,1,2406
2021-02-04,Afghanistan,EMRO,57,55231,1,2407
2021-02-05,Afghanistan,EMRO,34,55265,0,2407
2021-02-06,Afghanistan,EMRO,65,55330,1,2408
2021-02-07,Afghanistan,EMRO,5,55335,2,2410
2021-02-08,Afghanistan,EMRO,24,55359,3,2413
2021-02-09,Afghanistan,EMRO,25,55384,1,2414
2021-02-10,Afghanistan,EMRO,18,55402,4,2418
2021-02-11,Afghanistan,EMRO,18,55420,1,2419
2021-02-12,Afghanistan,EMRO,25,55445,5,2424
2021-02-13,Afghanistan,EMRO,28,55473,3,2427
2021-02-14,Afghanistan,EMRO,19,55492,0,2427
2021-02-15,Afghanistan,EMRO,22,55514,0,2427
2021-02-16,Afghanistan,EMRO,4,55518,1,2428
2021-02-17,Afghanistan,EMRO,22,55540,0,2428
2021-02-18,Afghanistan,EMRO,17,55557,2,2430
2021-02-19,Afghanistan,EMRO,18,55575,0,2430
2021-02-20,Afghanistan,EMRO,5,55580,0,2430
2021-02-21,Afghanistan,EMRO,24,55604,2,2432
2021-02-22,Afghanistan,EMRO,13,55617,1,2433
2021-02-23,Afghanistan,EMRO,29,55646,2,2435
2021-02-24,Afghanistan,EMRO,18,55664,1,2436
2021-02-25,Afghanistan,EMRO,16,55680,2,2438
2021-02-26,Afghanistan,EMRO,16,55696,4,2442
2021-02-27,Afghanistan,EMRO,11,55707,1,2443
2021-02-28,Afghanistan,EMRO,7,55714,0,2443
2021-03-01,Afghanistan,EMRO,19,55733,1,2444
2021-03-02,Afghanistan,EMRO,26,55759,2,2446
2021-03-03,Afghanistan,EMRO,11,55770,0,2446
2021-03-04,Afghanistan,EMRO,5,55775,0,2446
2021-03-05,Afghanistan,EMRO,52,55827,3,2449
2021-03-06,Afghanistan,EMRO,13,55840,0,2449
2021-03-07,Afghanistan,EMRO,7,55847,0,2449
2021-03-08,Afghanistan,EMRO,29,55876,2,2451
2021-03-09,Afghanistan,EMRO,0,55876,0,2451
2021-03-10,Afghanistan,EMRO,18,55894,0,2451
2021-03-11,Afghanistan,EMRO,23,55917,0,2451
2021-03-12,Afghanistan,EMRO,42,55959,3,2454
2021-03-13,Afghanistan,EMRO,0,55959,0,2454
2021-03-14,Afghanistan,EMRO,26,55985,3,2457
2021-03-15,Afghanistan,EMRO,0,55985,2,2459
2021-03-16,Afghanistan,EMRO,10,55995,1,2460
2021-03-17,Afghanistan,EMRO,21,56016,0,2460
2021-03-18,Afghanistan,EMRO,28,56044,2,2462
2021-03-19,Afghanistan,EMRO,25,56069,0,2462
2021-03-20,Afghanistan,EMRO,24,56093,0,2462
2021-03-21,Afghanistan,EMRO,10,56103,1,2463
2021-03-22,Afghanistan,EMRO,50,56153,1,2464
2021-03-23,Afghanistan,EMRO,24,56177,2,2466
2021-03-24,Afghanistan,EMRO,15,56192,0,2466
2021-03-25,Afghanistan,EMRO,34,56226,1,2467
2021-03-26,Afghanistan,EMRO,28,56254,0,2467
2021-03-27,Afghanistan,EMRO,36,56290,2,2469
2021-03-28,Afghanistan,EMRO,4,56294,1,2470
2021-03-29,Afghanistan,EMRO,28,56322,2,2472
2021-03-30,Afghanistan,EMRO,62,56384,4,2476
2021-03-31,Afghanistan,EMRO,70,56454,8,2484
2021-04-01,Afghanistan,EMRO,63,56517,5,2489
2021-04-02,Afghanistan,EMRO,55,56572,6,2495
2021-04-03,Afghanistan,EMRO,23,56595,1,2496
2021-04-04,Afghanistan,EMRO,81,56676,1,2497
2021-04-05,Afghanistan,EMRO,41,56717,11,2508
2021-04-06,Afghanistan,EMRO,62,56779,4,2512
2021-04-07,Afghanistan,EMRO,94,56873,0,2512
2021-04-08,Afghanistan,EMRO,70,56943,4,2516
2021-04-09,Afghanistan,EMRO,76,57019,5,2521
2021-04-10,Afghanistan,EMRO,125,57144,0,2521
2021-04-11,Afghanistan,EMRO,16,57160,0,2521
2021-04-12,Afghanistan,EMRO,82,57242,8,2529
2021-04-13,Afghanistan,EMRO,122,57364,0,2529
2021-04-14,Afghanistan,EMRO,128,57492,3,2532
2021-04-15,Afghanistan,EMRO,42,57534,1,2533
2021-04-16,Afghanistan,EMRO,78,57612,2,2535
2021-04-17,Afghanistan,EMRO,109,57721,4,2539
2021-04-18,Afghanistan,EMRO,72,57793,0,2539
2021-04-19,Afghanistan,EMRO,105,57898,7,2546
2021-04-20,Afghanistan,EMRO,139,58037,3,2549
2021-04-21,Afghanistan,EMRO,177,58214,8,2557
2021-04-22,Afghanistan,EMRO,98,58312,4,2561
2021-04-23,Afghanistan,EMRO,230,58542,4,2565
2021-04-24,Afghanistan,EMRO,188,58730,7,2572
2021-04-25,Afghanistan,EMRO,113,58843,10,2582
2021-04-26,Afghanistan,EMRO,172,59015,10,2592
2021-04-27,Afghanistan,EMRO,210,59225,6,2598
2021-04-28,Afghanistan,EMRO,145,59370,13,2611
2021-04-29,Afghanistan,EMRO,206,59576,7,2618
2021-04-30,Afghanistan,EMRO,169,59745,7,2625
2021-05-01,Afghanistan,EMRO,194,59939,6,2631
2021-05-02,Afghanistan,EMRO,183,60122,6,2637
2021-05-03,Afghanistan,EMRO,178,60300,5,2642
2021-05-04,Afghanistan,EMRO,263,60563,6,2648
2021-05-05,Afghanistan,EMRO,234,60797,6,2654
2021-05-06,Afghanistan,EMRO,365,61162,10,2664
2021-05-07,Afghanistan,EMRO,293,61455,9,2673
2021-05-08,Afghanistan,EMRO,300,61755,10,2683
2021-05-09,Afghanistan,EMRO,87,61842,3,2686
2021-05-10,Afghanistan,EMRO,221,62063,12,2698
2021-05-11,Afghanistan,EMRO,340,62403,12,2710
2021-05-12,Afghanistan,EMRO,315,62718,3,2713
2021-05-13,Afghanistan,EMRO,327,63045,8,2721
2021-05-14,Afghanistan,EMRO,310,63355,9,2730
2021-05-15,Afghanistan,EMRO,57,63412,3,2733
2021-05-16,Afghanistan,EMRO,72,63484,9,2742
2021-05-17,Afghanistan,EMRO,114,63598,3,2745
2021-05-18,Afghanistan,EMRO,221,63819,6,2751
2021-05-19,Afghanistan,EMRO,303,64122,11,2762
2021-05-20,Afghanistan,EMRO,453,64575,10,2772
2021-05-21,Afghanistan,EMRO,505,65080,10,2782
2021-05-22,Afghanistan,EMRO,406,65486,10,2792
2021-05-23,Afghanistan,EMRO,242,65728,10,2802
2021-05-24,Afghanistan,EMRO,547,66275,10,2812
2021-05-25,Afghanistan,EMRO,628,66903,24,2836
2021-05-26,Afghanistan,EMRO,840,67743,19,2855
2021-05-27,Afghanistan,EMRO,623,68366,14,2869
2021-05-28,Afghanistan,EMRO,764,69130,12,2881
2021-05-29,Afghanistan,EMRO,981,70111,18,2899
2021-05-30,Afghanistan,EMRO,650,70761,20,2919
2021-01-01,Albania,EURO,589,58316,7,1181
2021-01-02,Albania,EURO,407,58723,5,1186
2021-01-03,Albania,EURO,268,58991,4,1190
2021-01-04,Albania,EURO,447,59438,3,1193
2021-01-05,Albania,EURO,185,59623,6,1199
2021-01-06,Albania,EURO,660,60283,11,1210
2021-01-07,Albania,EURO,725,61008,7,1217
2021-01-08,Albania,EURO,697,61705,6,1223
2021-01-09,Albania,EURO,673,62378,7,1230
2021-01-10,Albania,EURO,655,63033,3,1233
2021-01-11,Albania,EURO,562,63595,8,1241
2021-01-12,Albania,EURO,376,63971,6,1247
2021-01-13,Albania,EURO,656,64627,5,1252
2021-01-14,Albania,EURO,707,65334,4,1256
2021-01-15,Albania,EURO,660,65994,5,1261
2021-01-16,Albania,EURO,641,66635,4,1265
2021-01-17,Albania,EURO,581,67216,5,1270
2021-01-18,Albania,EURO,474,67690,7,1277
2021-01-19,Albania,EURO,292,67982,4,1281
2021-01-20,Albania,EURO,586,68568,6,1287
2021-01-21,Albania,EURO,670,69238,4,1291
2021-01-22,Albania,EURO,678,69916,5,1296
2021-01-23,Albania,EURO,739,70655,7,1303
2021-01-24,Albania,EURO,786,71441,7,1310
2021-01-25,Albania,EURO,833,72274,5,1315
2021-01-26,Albania,EURO,538,72812,9,1324
2021-01-27,Albania,EURO,879,73691,8,1332
2021-01-28,Albania,EURO,876,74567,7,1339
2021-01-29,Albania,EURO,887,75454,11,1350
2021-01-30,Albania,EURO,896,76350,8,1358
2021-01-31,Albania,EURO,901,77251,11,1369
2021-02-01,Albania,EURO,876,78127,11,1380
2021-02-02,Albania,EURO,865,78992,13,1393
2021-02-03,Albania,EURO,942,79934,5,1398
2021-02-04,Albania,EURO,1007,80941,6,1404
2021-02-05,Albania,EURO,1052,81993,14,1418
2021-02-06,Albania,EURO,1089,83082,15,1433
2021-02-07,Albania,EURO,1130,84212,13,1446
2021-02-08,Albania,EURO,1124,85336,14,1460
2021-02-09,Albania,EURO,953,86289,12,1472
2021-02-10,Albania,EURO,1239,87528,16,1488
2021-02-11,Albania,EURO,1143,88671,15,1503
2021-02-12,Albania,EURO,1105,89776,14,1517
2021-02-13,Albania,EURO,1059,90835,14,1531
2021-02-14,Albania,EURO,1152,91987,12,1543
2021-02-15,Albania,EURO,1088,93075,12,1555
2021-02-16,Albania,EURO,775,93850,12,1567
2021-02-17,Albania,EURO,801,94651,15,1582
2021-02-18,Albania,EURO,1075,95726,18,1600
2021-02-19,Albania,EURO,1112,96838,17,1617
2021-02-20,Albania,EURO,1071,97909,19,1636
2021-02-21,Albania,EURO,1153,99062,17,1653
2021-02-22,Albania,EURO,1184,100246,13,1666
2021-02-23,Albania,EURO,1039,101285,15,1681
2021-02-24,Albania,EURO,1021,102306,15,1696
2021-02-25,Albania,EURO,1021,103327,19,1715
2021-02-26,Albania,EURO,986,104313,21,1736
2021-02-27,Albania,EURO,916,105229,20,1756
2021-02-28,Albania,EURO,986,106215,19,1775
2021-03-01,Albania,EURO,952,107167,21,1796
2021-03-02,Albania,EURO,764,107931,20,1816
2021-03-03,Albania,EURO,892,108823,19,1835
2021-03-04,Albania,EURO,851,109674,21,1856
2021-03-05,Albania,EURO,847,110521,20,1876
2021-03-06,Albania,EURO,780,111301,21,1897
2021-03-07,Albania,EURO,777,112078,21,1918
2021-03-08,Albania,EURO,819,112897,21,1939
2021-03-09,Albania,EURO,683,113580,17,1956
2021-03-10,Albania,EURO,629,114209,13,1969
2021-03-11,Albania,EURO,631,114840,17,1986
2021-03-12,Albania,EURO,602,115442,16,2002
2021-03-13,Albania,EURO,681,116123,16,2018
2021-03-14,Albania,EURO,690,116813,12,2030
2021-03-15,Albania,EURO,661,117474,15,2045
2021-03-16,Albania,EURO,543,118017,15,2060
2021-03-17,Albania,EURO,475,118492,17,2077
2021-03-18,Albania,EURO,446,118938,15,2092
2021-03-19,Albania,EURO,590,119528,14,2106
2021-03-20,Albania,EURO,494,120022,16,2122
2021-03-21,Albania,EURO,519,120541,11,2133
2021-03-22,Albania,EURO,659,121200,4,2137
2021-03-23,Albania,EURO,344,121544,8,2145
2021-03-24,Albania,EURO,303,121847,11,2156
2021-03-25,Albania,EURO,448,122295,15,2171
2021-03-26,Albania,EURO,472,122767,13,2184
2021-03-27,Albania,EURO,449,123216,8,2192
2021-03-28,Albania,EURO,425,123641,12,2204
2021-03-29,Albania,EURO,493,124134,6,2210
2021-03-30,Albania,EURO,285,124419,6,2216
2021-03-31,Albania,EURO,304,124723,11,2227
2021-04-01,Albania,EURO,434,125157,8,2235
2021-04-02,Albania,EURO,349,125506,6,2241
2021-04-03,Albania,EURO,336,125842,6,2247
2021-04-04,Albania,EURO,341,126183,9,2256
2021-04-05,Albania,EURO,348,126531,9,2265
2021-04-06,Albania,EURO,264,126795,9,2274
2021-04-07,Albania,EURO,141,126936,9,2283
2021-04-08,Albania,EURO,256,127192,8,2291
2021-04-09,Albania,EURO,317,127509,6,2297
2021-04-10,Albania,EURO,286,127795,7,2304
2021-04-11,Albania,EURO,360,128155,6,2310
2021-04-12,Albania,EURO,238,128393,7,2317
2021-04-13,Albania,EURO,125,128518,4,2321
2021-04-14,Albania,EURO,234,128752,5,2326
2021-04-15,Albania,EURO,207,128959,5,2331
2021-04-16,Albania,EURO,169,129128,4,2335
2021-04-17,Albania,EURO,179,129307,2,2337
2021-04-18,Albania,EURO,149,129456,3,2340
2021-04-19,Albania,EURO,138,129594,2,2342
2021-04-20,Albania,EURO,100,129694,5,2347
2021-04-21,Albania,EURO,148,129842,6,2353
2021-04-22,Albania,EURO,138,129980,5,2358
2021-04-23,Albania,EURO,134,130114,6,2364
2021-04-24,Albania,EURO,156,130270,3,2367
2021-04-25,Albania,EURO,139,130409,5,2372
2021-04-26,Albania,EURO,128,130537,6,2378
2021-04-27,Albania,EURO,69,130606,1,2379
2021-04-28,Albania,EURO,130,130736,4,2383
2021-04-29,Albania,EURO,123,130859,3,2386
2021-04-30,Albania,EURO,118,130977,3,2389
2021-05-01,Albania,EURO,108,131085,5,2394
2021-05-02,Albania,EURO,100,131185,2,2396
2021-05-03,Albania,EURO,53,131238,1,2397
2021-05-04,Albania,EURO,38,131276,2,2399
2021-05-05,Albania,EURO,51,131327,3,2402
2021-05-06,Albania,EURO,92,131419,1,2403
2021-05-07,Albania,EURO,91,131510,3,2406
2021-05-08,Albania,EURO,67,131577,2,2408
2021-05-09,Albania,EURO,89,131666,3,2411
2021-05-10,Albania,EURO,57,131723,1,2412
2021-05-11,Albania,EURO,30,131753,4,2416
2021-05-12,Albania,EURO,50,131803,4,2420
2021-05-13,Albania,EURO,42,131845,3,2423
2021-05-14,Albania,EURO,45,131890,3,2426
2021-05-15,Albania,EURO,49,131939,1,2427
2021-05-16,Albania,EURO,39,131978,2,2429
2021-05-17,Albania,EURO,37,132015,3,2432
2021-05-18,Albania,EURO,17,132032,3,2435
2021-05-19,Albania,EURO,39,132071,1,2436
2021-05-20,Albania,EURO,24,132095,2,2438
2021-05-21,Albania,EURO,23,132118,2,2440
2021-05-22,Albania,EURO,35,132153,1,2441
2021-05-23,Albania,EURO,23,132176,1,2442
2021-05-24,Albania,EURO,33,132209,2,2444
2021-05-25,Albania,EURO,6,132215,1,2445
2021-05-26,Albania,EURO,14,132229,2,2447
2021-05-27,Albania,EURO,15,132244,0,2447
2021-05-28,Albania,EURO,20,132264,0,2447
2021-05-29,Albania,EURO,21,132285,1,2448
2021-05-30,Albania,EURO,12,132297,1,2449
2021-01-01,Algeria,AFRO,299,99610,5,2756
2021-01-02,Algeria,AFRO,0,99610,0,2756
2021-01-03,Algeria,AFRO,549,100159,13,2769
2021-01-04,Algeria,AFRO,0,100159,0,2769
2021-01-05,Algeria,AFRO,486,100645,8,2777
2021-01-06,Algeria,AFRO,0,100645,0,2777
2021-01-07,Algeria,AFRO,475,101120,9,2786
2021-01-08,Algeria,AFRO,0,101120,0,2786
2021-01-09,Algeria,AFRO,537,101657,12,2798
2021-01-10,Algeria,AFRO,256,101913,5,2803
2021-01-11,Algeria,AFRO,231,102144,4,2807
2021-01-12,Algeria,AFRO,225,102369,5,2812
2021-01-13,Algeria,AFRO,272,102641,4,2816
2021-01-14,Algeria,AFRO,0,102641,0,2816
2021-01-15,Algeria,AFRO,219,102860,3,2819
2021-01-16,Algeria,AFRO,0,102860,0,2819
2021-01-17,Algeria,AFRO,751,103611,12,2831
2021-01-18,Algeria,AFRO,222,103833,10,2841
2021-01-19,Algeria,AFRO,259,104092,4,2845
2021-01-20,Algeria,AFRO,249,104341,3,2848
2021-01-21,Algeria,AFRO,265,104606,6,2854
2021-01-22,Algeria,AFRO,246,104852,0,2854
2021-01-23,Algeria,AFRO,272,105124,2,2856
2021-01-24,Algeria,AFRO,245,105369,5,2861
2021-01-25,Algeria,AFRO,227,105596,2,2863
2021-01-26,Algeria,AFRO,258,105854,3,2866
2021-01-27,Algeria,AFRO,243,106097,5,2871
2021-01-28,Algeria,AFRO,262,106359,6,2877
2021-01-29,Algeria,AFRO,251,106610,4,2881
2021-01-30,Algeria,AFRO,277,106887,3,2884
2021-01-31,Algeria,AFRO,235,107122,4,2888
2021-02-01,Algeria,AFRO,217,107339,3,2891
2021-02-02,Algeria,AFRO,239,107578,3,2894
2021-02-03,Algeria,AFRO,263,107841,4,2898
2021-02-04,Algeria,AFRO,275,108116,2,2900
2021-02-05,Algeria,AFRO,265,108381,4,2904
2021-02-06,Algeria,AFRO,248,108629,5,2909
2021-02-07,Algeria,AFRO,223,108852,2,2911
2021-02-08,Algeria,AFRO,236,109088,3,2914
2021-02-09,Algeria,AFRO,225,109313,4,2918
2021-02-10,Algeria,AFRO,246,109559,6,2924
2021-02-11,Algeria,AFRO,223,109782,2,2926
2021-02-12,Algeria,AFRO,267,110049,4,2930
2021-02-13,Algeria,AFRO,254,110303,2,2932
2021-02-14,Algeria,AFRO,210,110513,3,2935
2021-02-15,Algeria,AFRO,198,110711,4,2939
2021-02-16,Algeria,AFRO,183,110894,4,2943
2021-02-17,Algeria,AFRO,175,111069,2,2945
2021-02-18,Algeria,AFRO,178,111247,2,2947
2021-02-19,Algeria,AFRO,171,111418,3,2950
2021-02-20,Algeria,AFRO,182,111600,4,2954
2021-02-21,Algeria,AFRO,164,111764,4,2958
2021-02-22,Algeria,AFRO,153,111917,3,2961
2021-02-23,Algeria,AFRO,177,112094,3,2964
2021-02-24,Algeria,AFRO,185,112279,3,2967
2021-02-25,Algeria,AFRO,182,112461,3,2970
2021-02-26,Algeria,AFRO,161,112622,3,2973
2021-02-27,Algeria,AFRO,183,112805,4,2977
2021-02-28,Algeria,AFRO,155,112960,2,2979
2021-03-01,Algeria,AFRO,132,113092,4,2983
2021-03-02,Algeria,AFRO,163,113255,4,2987
2021-03-03,Algeria,AFRO,175,113430,4,2991
2021-03-04,Algeria,AFRO,163,113593,5,2996
2021-03-05,Algeria,AFRO,168,113761,6,3002
2021-03-06,Algeria,AFRO,187,113948,5,3007
2021-03-07,Algeria,AFRO,156,114104,3,3010
2021-03-08,Algeria,AFRO,130,114234,3,3013
2021-03-09,Algeria,AFRO,148,114382,5,3018
2021-03-10,Algeria,AFRO,161,114543,4,3022
2021-03-11,Algeria,AFRO,0,114543,0,3022
2021-03-12,Algeria,AFRO,308,114851,6,3028
2021-03-13,Algeria,AFRO,157,115008,3,3031
2021-03-14,Algeria,AFRO,135,115143,3,3034
2021-03-15,Algeria,AFRO,122,115265,2,3036
2021-03-16,Algeria,AFRO,145,115410,4,3040
2021-03-17,Algeria,AFRO,130,115540,5,3045
2021-03-18,Algeria,AFRO,148,115688,3,3048
2021-03-19,Algeria,AFRO,154,115842,3,3051
2021-03-20,Algeria,AFRO,128,115970,2,3053
2021-03-21,Algeria,AFRO,96,116066,2,3055
2021-03-22,Algeria,AFRO,91,116157,2,3057
2021-03-23,Algeria,AFRO,98,116255,4,3061
2021-03-24,Algeria,AFRO,94,116349,5,3066
2021-03-25,Algeria,AFRO,89,116438,3,3069
2021-03-26,Algeria,AFRO,105,116543,2,3071
2021-03-27,Algeria,AFRO,114,116657,3,3074
2021-03-28,Algeria,AFRO,93,116750,3,3077
2021-03-29,Algeria,AFRO,86,116836,3,3080
2021-03-30,Algeria,AFRO,110,116946,4,3084
2021-03-31,Algeria,AFRO,115,117061,5,3089
2021-04-01,Algeria,AFRO,131,117192,4,3093
2021-04-02,Algeria,AFRO,112,117304,3,3096
2021-04-03,Algeria,AFRO,125,117429,3,3099
2021-04-04,Algeria,AFRO,95,117524,3,3102
2021-04-05,Algeria,AFRO,0,117524,0,3102
2021-04-06,Algeria,AFRO,215,117739,6,3108
2021-04-07,Algeria,AFRO,140,117879,4,3112
2021-04-08,Algeria,AFRO,125,118004,4,3116
2021-04-09,Algeria,AFRO,112,118116,3,3119
2021-04-10,Algeria,AFRO,135,118251,4,3123
2021-04-11,Algeria,AFRO,127,118378,3,3126
2021-04-12,Algeria,AFRO,138,118516,4,3130
2021-04-13,Algeria,AFRO,129,118645,4,3134
2021-04-14,Algeria,AFRO,154,118799,3,3137
2021-04-15,Algeria,AFRO,176,118975,4,3141
2021-04-16,Algeria,AFRO,167,119142,3,3144
2021-04-17,Algeria,AFRO,181,119323,4,3148
2021-04-18,Algeria,AFRO,163,119486,4,3152
2021-04-19,Algeria,AFRO,156,119642,3,3155
2021-04-20,Algeria,AFRO,163,119805,5,3160
2021-04-21,Algeria,AFRO,187,119992,5,3165
2021-04-22,Algeria,AFRO,182,120174,7,3172
2021-04-23,Algeria,AFRO,189,120363,9,3181
2021-04-24,Algeria,AFRO,199,120562,9,3190
2021-04-25,Algeria,AFRO,174,120736,8,3198
2021-04-26,Algeria,AFRO,186,120922,9,3207
2021-04-27,Algeria,AFRO,190,121112,10,3217
2021-04-28,Algeria,AFRO,232,121344,8,3225
2021-04-29,Algeria,AFRO,236,121580,9,3234
2021-04-30,Algeria,AFRO,286,121866,10,3244
2021-05-01,Algeria,AFRO,242,122108,9,3253
2021-05-02,Algeria,AFRO,203,122311,8,3261
2021-05-03,Algeria,AFRO,211,122522,9,3270
2021-05-04,Algeria,AFRO,195,122717,10,3280
2021-05-05,Algeria,AFRO,282,122999,9,3289
2021-05-06,Algeria,AFRO,273,123272,10,3299
2021-05-07,Algeria,AFRO,201,123473,8,3307
2021-05-08,Algeria,AFRO,219,123692,8,3315
2021-05-09,Algeria,AFRO,208,123900,6,3321
2021-05-10,Algeria,AFRO,204,124104,7,3328
2021-05-11,Algeria,AFRO,184,124288,7,3335
2021-05-12,Algeria,AFRO,195,124483,8,3343
2021-05-13,Algeria,AFRO,199,124682,7,3350
2021-05-14,Algeria,AFRO,207,124889,5,3355
2021-05-15,Algeria,AFRO,170,125059,5,3360
2021-05-16,Algeria,AFRO,135,125194,6,3366
2021-05-17,Algeria,AFRO,117,125311,8,3374
2021-05-18,Algeria,AFRO,174,125485,7,3381
2021-05-19,Algeria,AFRO,208,125693,7,3388
2021-05-20,Algeria,AFRO,203,125896,7,3395
2021-05-21,Algeria,AFRO,260,126156,6,3401
2021-05-22,Algeria,AFRO,278,126434,4,3405
2021-05-23,Algeria,AFRO,217,126651,6,3411
2021-05-24,Algeria,AFRO,209,126860,7,3418
2021-05-25,Algeria,AFRO,247,127107,8,3426
2021-05-26,Algeria,AFRO,254,127361,7,3433
2021-05-27,Algeria,AFRO,285,127646,7,3440
2021-05-28,Algeria,AFRO,280,127926,8,3448
2021-05-29,Algeria,AFRO,272,128198,7,3455
2021-05-30,Algeria,AFRO,258,128456,5,3460
2021-01-01,American Samoa,WPRO,0,0,0,0
2021-01-02,American Samoa,WPRO,0,0,0,0
2021-01-03,American Samoa,WPRO,0,0,0,0
2021-01-04,American Samoa,WPRO,0,0,0,0
2021-01-05,American Samoa,WPRO,0,0,0,0
2021-01-06,American Samoa,WPRO,0,0,0,0
2021-01-07,American Samoa,WPRO,0,0,0,0
2021-01-08,American Samoa,WPRO,0,0,0,0
2021-01-09,American Samoa,WPRO,0,0,0,0
2021-01-10,American Samoa,WPRO,0,0,0,0
2021-01-11,American Samoa,WPRO,0,0,0,0
2021-01-12,American Samoa,WPRO,0,0,0,0
2021-01-13,American Samoa,WPRO,0,0,0,0
2021-01-14,American Samoa,WPRO,0,0,0,0
2021-01-15,American Samoa,WPRO,0,0,0,0
2021-01-16,American Samoa,WPRO,0,0,0,0
2021-01-17,American Samoa,WPRO,0,0,0,0
2021-01-18,American Samoa,WPRO,0,0,0,0
2021-01-19,American Samoa,WPRO,0,0,0,0
2021-01-20,American Samoa,WPRO,0,0,0,0
2021-01-21,American Samoa,WPRO,0,0,0,0
2021-01-22,American Samoa,WPRO,0,0,0,0
2021-01-23,American Samoa,WPRO,0,0,0,0
2021-01-24,American Samoa,WPRO,0,0,0,0
2021-01-25,American Samoa,WPRO,0,0,0,0
2021-01-26,American Samoa,WPRO,0,0,0,0
2021-01-27,American Samoa,WPRO,0,0,0,0
2021-01-28,American Samoa,WPRO,0,0,0,0
2021-01-29,American Samoa,WPRO,0,0,0,0
2021-01-30,American Samoa,WPRO,0,0,0,0
2021-01-31,American Samoa,WPRO,0,0,0,0
2021-02-01,American Samoa,WPRO,0,0,0,0
2021-02-02,American Samoa,WPRO,0,0,0,0
2021-02-03,American Samoa,WPRO,0,0,0,0
2021-02-04,American Samoa,WPRO,0,0,0,0
2021-02-05,American Samoa,WPRO,0,0,0,0
2021-02-06,American Samoa,WPRO,0,0,0,0
2021-02-07,American Samoa,WPRO,0,0,0,0
2021-02-08,American Samoa,WPRO,0,0,0,0
2021-02-09,American Samoa,WPRO,0,0,0,0
2021-02-10,American Samoa,WPRO,0,0,0,0
2021-02-11,American Samoa,WPRO,0,0,0,0
2021-02-12,American Samoa,WPRO,0,0,0,0
2021-02-13,American Samoa,WPRO,0,0,0,0
2021-02-14,American Samoa,WPRO,0,0,0,0
2021-02-15,American Samoa,WPRO,0,0,0,0
2021-02-16,American Samoa,WPRO,0,0,0,0
2021-02-17,American Samoa,WPRO,0,0,0,0
2021-02-18,American Samoa,WPRO,0,0,0,0
2021-02-19,American Samoa,WPRO,0,0,0,0
2021-02-20,American Samoa,WPRO,0,0,0,0
2021-02-21,American Samoa,WPRO,0,0,0,0
2021-02-22,American Samoa,WPRO,0,0,0,0
2021-02-23,American Samoa,WPRO,0,0,0,0
2021-02-24,American Samoa,WPRO,0,0,0,0
2021-02-25,American Samoa,WPRO,0,0,0,0
2021-02-26,American Samoa,WPRO,0,0,0,0
2021-02-27,American Samoa,WPRO,0,0,0,0
2021-02-28,American Samoa,WPRO,0,0,0,0
2021-03-01,American Samoa,WPRO,0,0,0,0
2021-03-02,American Samoa,WPRO,0,0,0,0
2021-03-03,American Samoa,WPRO,0,0,0,0
2021-03-04,American Samoa,WPRO,0,0,0,0
2021-03-05,American Samoa,WPRO,0,0,0,0
2021-03-06,American Samoa,WPRO,0,0,0,0
2021-03-07,American Samoa,WPRO,0,0,0,0
2021-03-08,American Samoa,WPRO,0,0,0,0
2021-03-09,American Samoa,WPRO,0,0,0,0
2021-03-10,American Samoa,WPRO,0,0,0,0
2021-03-11,American Samoa,WPRO,0,0,0,0
2021-03-12,American Samoa,WPRO,0,0,0,0
2021-03-13,American Samoa,WPRO,0,0,0,0
2021-03-14,American Samoa,WPRO,0,0,0,0
2021-03-15,American Samoa,WPRO,0,0,0,0
2021-03-16,American Samoa,WPRO,0,0,0,0
2021-03-17,American Samoa,WPRO,0,0,0,0
2021-03-18,American Samoa,WPRO,0,0,0,0
2021-03-19,American Samoa,WPRO,0,0,0,0
2021-03-20,American Samoa,WPRO,0,0,0,0
2021-03-21,American Samoa,WPRO,0,0,0,0
2021-03-22,American Samoa,WPRO,0,0,0,0
2021-03-23,American Samoa,WPRO,0,0,0,0
2021-03-24,American Samoa,WPRO,0,0,0,0
2021-03-25,American Samoa,WPRO,0,0,0,0
2021-03-26,American Samoa,WPRO,0,0,0,0
2021-03-27,American Samoa,WPRO,0,0,0,0
2021-03-28,American Samoa,WPRO,0,0,0,0
2021-03-29,American Samoa,WPRO,0,0,0,0
2021-03-30,American Samoa,WPRO,0,0,0,0
2021-03-31,American Samoa,WPRO,0,0,0,0
2021-04-01,American Samoa,WPRO,0,0,0,0
2021-04-02,American Samoa,WPRO,0,0,0,0
2021-04-03,American Samoa,WPRO,0,0,0,0
2021-04-04,American Samoa,WPRO,0,0,0,0
2021-04-05,American Samoa,WPRO,0,0,0,0
2021-04-06,American Samoa,WPRO,0,0,0,0
2021-04-07,American Samoa,WPRO,0,0,0,0
2021-04-08,American Samoa,WPRO,0,0,0,0
2021-04-09,American Samoa,WPRO,0,0,0,0
2021-04-10,American Samoa,WPRO,0,0,0,0
2021-04-11,American Samoa,WPRO,0,0,0,0
2021-04-12,American Samoa,WPRO,0,0,0,0
2021-04-13,American Samoa,WPRO,0,0,0,0
2021-04-14,American Samoa,WPRO,0,0,0,0
2021-04-15,American Samoa,WPRO,0,0,0,0
2021-04-16,American Samoa,WPRO,0,0,0,0
2021-04-17,American Samoa,WPRO,0,0,0,0
2021-04-18,American Samoa,WPRO,0,0,0,0
2021-04-19,American Samoa,WPRO,0,0,0,0
2021-04-20,American Samoa,WPRO,0,0,0,0
2021-04-21,American Samoa,WPRO,0,0,0,0
2021-04-22,American Samoa,WPRO,0,0,0,0
2021-04-23,American Samoa,WPRO,0,0,0,0
2021-04-24,American Samoa,WPRO,0,0,0,0
2021-04-25,American Samoa,WPRO,0,0,0,0
2021-04-26,American Samoa,WPRO,0,0,0,0
2021-04-27,American Samoa,WPRO,0,0,0,0
2021-04-28,American Samoa,WPRO,0,0,0,0
2021-04-29,American Samoa,WPRO,0,0,0,0
2021-04-30,American Samoa,WPRO,0,0,0,0
2021-05-01,American Samoa,WPRO,0,0,0,0
2021-05-02,American Samoa,WPRO,0,0,0,0
2021-05-03,American Samoa,WPRO,0,0,0,0
2021-05-04,American Samoa,WPRO,0,0,0,0
2021-05-05,American Samoa,WPRO,0,0,0,0
2021-05-06,American Samoa,WPRO,0,0,0,0
2021-05-07,American Samoa,WPRO,0,0,0,0
2021-05-08,American Samoa,WPRO,0,0,0,0
2021-05-09,American Samoa,WPRO,0,0,0,0
2021-05-10,American Samoa,WPRO,0,0,0,0
2021-05-11,American Samoa,WPRO,0,0,0,0
2021-05-12,American Samoa,WPRO,0,0,0,0
2021-05-13,American Samoa,WPRO,0,0,0,0
2021-05-14,American Samoa,WPRO,0,0,0,0
2021-05-15,American Samoa,WPRO,0,0,0,0
2021-05-16,American Samoa,WPRO,0,0,0,0
2021-05-17,American Samoa,WPRO,0,0,0,0
2021-05-18,American Samoa,WPRO,0,0,0,0
2021-05-19,American Samoa,WPRO,0,0,0,0
2021-05-20,American Samoa,WPRO,0,0,0,0
2021-05-21,American Samoa,WPRO,0,0,0,0
2021-05-22,American Samoa,WPRO,0,0,0,0
2021-05-23,American Samoa,WPRO,0,0,0,0
2021-05-24,American Samoa,WPRO,0,0,0,0
2021-05-25,American Samoa,WPRO,0,0,0,0
2021-05-26,American Samoa,WPRO,0,0,0,0
2021-05-27,American Samoa,WPRO,0,0,0,0
2021-05-28,American Samoa,WPRO,0,0,0,0
2021-05-29,American Samoa,WPRO,0,0,0,0
2021-05-30,American Samoa,WPRO,0,0,0,0
2021-01-01,Andorra,EURO,66,8049,0,84
2021-01-02,Andorra,EURO,68,8117,0,84
2021-01-03,Andorra,EURO,49,8166,0,84
2021-01-04,Andorra,EURO,26,8192,0,84
2021-01-05,Andorra,EURO,57,8249,0,84
2021-01-06,Andorra,EURO,59,8308,0,84
2021-01-07,Andorra,EURO,40,8348,0,84
2021-01-08,Andorra,EURO,0,8348,0,84
2021-01-09,Andorra,EURO,141,8489,0,84
2021-01-10,Andorra,EURO,97,8586,1,85
2021-01-11,Andorra,EURO,0,8586,0,85
2021-01-12,Andorra,EURO,96,8682,1,86
2021-01-13,Andorra,EURO,63,8745,1,87
2021-01-14,Andorra,EURO,73,8818,0,87
2021-01-15,Andorra,EURO,50,8868,1,88
2021-01-16,Andorra,EURO,78,8946,0,88
2021-01-17,Andorra,EURO,92,9038,3,91
2021-01-18,Andorra,EURO,0,9038,0,91
2021-01-19,Andorra,EURO,45,9083,0,91
2021-01-20,Andorra,EURO,111,9194,1,92
2021-01-21,Andorra,EURO,114,9308,0,92
2021-01-22,Andorra,EURO,71,9379,1,93
2021-01-23,Andorra,EURO,37,9416,0,93
2021-01-24,Andorra,EURO,83,9499,3,96
2021-01-25,Andorra,EURO,50,9549,0,96
2021-01-26,Andorra,EURO,47,9596,1,97
2021-01-27,Andorra,EURO,42,9638,0,97
2021-01-28,Andorra,EURO,78,9716,1,98
2021-01-29,Andorra,EURO,63,9779,2,100
2021-01-30,Andorra,EURO,58,9837,0,100
2021-01-31,Andorra,EURO,48,9885,1,101
2021-02-01,Andorra,EURO,52,9937,0,101
2021-02-02,Andorra,EURO,35,9972,0,101
2021-02-03,Andorra,EURO,45,10017,1,102
2021-02-04,Andorra,EURO,53,10070,1,103
2021-02-05,Andorra,EURO,67,10137,0,103
2021-02-06,Andorra,EURO,35,10172,1,104
2021-02-07,Andorra,EURO,34,10206,1,105
2021-02-08,Andorra,EURO,45,10251,1,106
2021-02-09,Andorra,EURO,24,10275,0,106
2021-02-10,Andorra,EURO,37,10312,0,106
2021-02-11,Andorra,EURO,40,10352,0,106
2021-02-12,Andorra,EURO,39,10391,0,106
2021-02-13,Andorra,EURO,36,10427,0,106
2021-02-14,Andorra,EURO,36,10463,1,107
2021-02-15,Andorra,EURO,40,10503,0,107
2021-02-16,Andorra,EURO,35,10538,0,107
2021-02-17,Andorra,EURO,17,10555,0,107
2021-02-18,Andorra,EURO,28,10583,0,107
2021-02-19,Andorra,EURO,27,10610,0,107
2021-02-20,Andorra,EURO,35,10645,0,107
2021-02-21,Andorra,EURO,27,10672,0,107
2021-02-22,Andorra,EURO,27,10699,0,107
2021-02-23,Andorra,EURO,13,10712,2,109
2021-02-24,Andorra,EURO,27,10739,1,110
2021-02-25,Andorra,EURO,36,10775,0,110
2021-02-26,Andorra,EURO,24,10799,0,110
2021-02-27,Andorra,EURO,23,10822,0,110
2021-02-28,Andorra,EURO,27,10849,0,110
2021-03-01,Andorra,EURO,17,10866,0,110
2021-03-02,Andorra,EURO,23,10889,0,110
2021-03-03,Andorra,EURO,19,10908,0,110
2021-03-04,Andorra,EURO,40,10948,2,112
2021-03-05,Andorra,EURO,28,10976,0,112
2021-03-06,Andorra,EURO,22,10998,0,112
2021-03-07,Andorra,EURO,21,11019,0,112
2021-03-08,Andorra,EURO,23,11042,0,112
2021-03-09,Andorra,EURO,27,11069,0,112
2021-03-10,Andorra,EURO,20,11089,0,112
2021-03-11,Andorra,EURO,41,11130,0,112
2021-03-12,Andorra,EURO,69,11199,0,112
2021-03-13,Andorra,EURO,29,11228,0,112
2021-03-14,Andorra,EURO,0,11228,0,112
2021-03-15,Andorra,EURO,38,11266,1,113
2021-03-16,Andorra,EURO,23,11289,0,113
2021-03-17,Andorra,EURO,30,11319,0,113
2021-03-18,Andorra,EURO,41,11360,0,113
2021-03-19,Andorra,EURO,33,11393,0,113
2021-03-20,Andorra,EURO,38,11431,0,113
2021-03-21,Andorra,EURO,50,11481,0,113
2021-03-22,Andorra,EURO,36,11517,0,113
2021-03-23,Andorra,EURO,28,11545,0,113
2021-03-24,Andorra,EURO,46,11591,0,113
2021-03-25,Andorra,EURO,47,11638,1,114
2021-03-26,Andorra,EURO,49,11687,0,114
2021-03-27,Andorra,EURO,45,11732,0,114
2021-03-28,Andorra,EURO,77,11809,1,115
2021-03-29,Andorra,EURO,41,11850,0,115
2021-03-30,Andorra,EURO,38,11888,0,115
2021-03-31,Andorra,EURO,56,11944,0,115
2021-04-01,Andorra,EURO,66,12010,0,115
2021-04-02,Andorra,EURO,43,12053,0,115
2021-04-03,Andorra,EURO,62,12115,1,116
2021-04-04,Andorra,EURO,59,12174,1,117
2021-04-05,Andorra,EURO,57,12231,0,117
2021-04-06,Andorra,EURO,55,12286,0,117
2021-04-07,Andorra,EURO,42,12328,0,117
2021-04-08,Andorra,EURO,35,12363,2,119
2021-04-09,Andorra,EURO,46,12409,1,120
2021-04-10,Andorra,EURO,47,12456,0,120
2021-04-11,Andorra,EURO,41,12497,0,120
2021-04-12,Andorra,EURO,48,12545,0,120
2021-04-13,Andorra,EURO,36,12581,1,121
2021-04-14,Andorra,EURO,33,12614,0,121
2021-04-15,Andorra,EURO,27,12641,0,121
2021-04-16,Andorra,EURO,0,12641,0,121
2021-04-17,Andorra,EURO,71,12712,2,123
2021-04-18,Andorra,EURO,59,12771,0,123
2021-04-19,Andorra,EURO,34,12805,0,123
2021-04-20,Andorra,EURO,0,12805,0,123
2021-04-21,Andorra,EURO,69,12874,0,123
2021-04-22,Andorra,EURO,43,12917,0,123
2021-04-23,Andorra,EURO,25,12942,0,123
2021-04-24,Andorra,EURO,65,13007,1,124
2021-04-25,Andorra,EURO,17,13024,0,124
2021-04-26,Andorra,EURO,36,13060,0,124
2021-04-27,Andorra,EURO,23,13083,0,124
2021-04-28,Andorra,EURO,38,13121,0,124
2021-04-29,Andorra,EURO,27,13148,1,125
2021-04-30,Andorra,EURO,50,13198,0,125
2021-05-01,Andorra,EURO,34,13232,0,125
2021-05-02,Andorra,EURO,0,13232,0,125
2021-05-03,Andorra,EURO,50,13282,2,127
2021-05-04,Andorra,EURO,13,13295,0,127
2021-05-05,Andorra,EURO,21,13316,0,127
2021-05-06,Andorra,EURO,24,13340,0,127
2021-05-07,Andorra,EURO,23,13363,0,127
2021-05-08,Andorra,EURO,27,13390,0,127
2021-05-09,Andorra,EURO,16,13406,0,127
2021-05-10,Andorra,EURO,17,13423,0,127
2021-05-11,Andorra,EURO,6,13429,0,127
2021-05-12,Andorra,EURO,18,13447,0,127
2021-05-13,Andorra,EURO,23,13470,0,127
2021-05-14,Andorra,EURO,0,13470,0,127
2021-05-15,Andorra,EURO,40,13510,0,127
2021-05-16,Andorra,EURO,0,13510,0,127
2021-05-17,Andorra,EURO,0,13510,0,127
2021-05-18,Andorra,EURO,45,13555,0,127
2021-05-19,Andorra,EURO,14,13569,0,127
2021-05-20,Andorra,EURO,0,13569,0,127
2021-05-21,Andorra,EURO,40,13609,0,127
2021-05-22,Andorra,EURO,0,13609,0,127
2021-05-23,Andorra,EURO,0,13609,0,127
2021-05-24,Andorra,EURO,0,13609,0,127
2021-05-25,Andorra,EURO,55,13664,0,127
2021-05-26,Andorra,EURO,0,13664,0,127
2021-05-27,Andorra,EURO,7,13671,0,127
2021-05-28,Andorra,EURO,11,13682,0,127
2021-05-29,Andorra,EURO,11,13693,0,127
2021-05-30,Andorra,EURO,0,13693,0,127
2021-01-01,Angola,AFRO,182,17553,6,405
2021-01-02,Angola,AFRO,0,17553,0,405
2021-01-03,Angola,AFRO,55,17608,2,407
2021-01-04,Angola,AFRO,34,17642,1,408
2021-01-05,Angola,AFRO,42,17684,0,408
2021-01-06,Angola,AFRO,0,17684,0,408
2021-01-07,Angola,AFRO,180,17864,5,413
2021-01-08,Angola,AFRO,110,17974,0,413
2021-01-09,Angola,AFRO,92,18066,2,415
2021-01-10,Angola,AFRO,90,18156,1,416
2021-01-11,Angola,AFRO,37,18193,0,416
2021-01-12,Angola,AFRO,61,18254,4,420
2021-01-13,Angola,AFRO,89,18343,2,422
2021-01-14,Angola,AFRO,82,18425,2,424
2021-01-15,Angola,AFRO,188,18613,1,425
2021-01-16,Angola,AFRO,0,18613,0,425
2021-01-17,Angola,AFRO,152,18765,6,431
2021-01-18,Angola,AFRO,110,18875,5,436
2021-01-19,Angola,AFRO,51,18926,3,439
2021-01-20,Angola,AFRO,85,19011,3,442
2021-01-21,Angola,AFRO,82,19093,2,444
2021-01-22,Angola,AFRO,84,19177,4,448
2021-01-23,Angola,AFRO,92,19269,4,452
2021-01-24,Angola,AFRO,98,19367,5,457
2021-01-25,Angola,AFRO,32,19399,2,459
2021-01-26,Angola,AFRO,77,19476,2,461
2021-01-27,Angola,AFRO,77,19553,1,462
2021-01-28,Angola,AFRO,27,19580,0,462
2021-01-29,Angola,AFRO,92,19672,2,464
2021-01-30,Angola,AFRO,51,19723,0,464
2021-01-31,Angola,AFRO,59,19782,0,464
2021-02-01,Angola,AFRO,14,19796,2,466
2021-02-02,Angola,AFRO,33,19829,0,466
2021-02-03,Angola,AFRO,71,19900,2,468
2021-02-04,Angola,AFRO,37,19937,2,470
2021-02-05,Angola,AFRO,59,19996,3,473
2021-02-06,Angola,AFRO,34,20030,1,474
2021-02-07,Angola,AFRO,32,20062,1,475
2021-02-08,Angola,AFRO,24,20086,0,475
2021-02-09,Angola,AFRO,26,20112,0,475
2021-02-10,Angola,AFRO,51,20163,3,478
2021-02-11,Angola,AFRO,47,20210,9,487
2021-02-12,Angola,AFRO,51,20261,0,487
2021-02-13,Angola,AFRO,33,20294,3,490
2021-02-14,Angola,AFRO,35,20329,1,491
2021-02-15,Angola,AFRO,37,20366,1,492
2021-02-16,Angola,AFRO,15,20381,1,493
2021-02-17,Angola,AFRO,8,20389,1,494
2021-02-18,Angola,AFRO,11,20400,0,494
2021-02-19,Angola,AFRO,52,20452,4,498
2021-02-20,Angola,AFRO,26,20478,0,498
2021-02-21,Angola,AFRO,21,20499,0,498
2021-02-22,Angola,AFRO,20,20519,1,499
2021-02-23,Angola,AFRO,29,20548,0,499
2021-02-24,Angola,AFRO,36,20584,1,500
2021-02-25,Angola,AFRO,56,20640,1,501
2021-02-26,Angola,AFRO,55,20695,1,502
2021-02-27,Angola,AFRO,64,20759,2,504
2021-02-28,Angola,AFRO,23,20782,2,506
2021-03-01,Angola,AFRO,25,20807,2,508
2021-03-02,Angola,AFRO,47,20854,0,508
2021-03-03,Angola,AFRO,28,20882,2,510
2021-03-04,Angola,AFRO,41,20923,0,510
2021-03-05,Angola,AFRO,58,20981,1,511
2021-03-06,Angola,AFRO,45,21026,0,511
2021-03-07,Angola,AFRO,29,21055,1,512
2021-03-08,Angola,AFRO,31,21086,2,514
2021-03-09,Angola,AFRO,22,21108,1,515
2021-03-10,Angola,AFRO,6,21114,1,516
2021-03-11,Angola,AFRO,0,21114,0,516
2021-03-12,Angola,AFRO,91,21205,1,517
2021-03-13,Angola,AFRO,60,21265,2,519
2021-03-14,Angola,AFRO,58,21323,1,520
2021-03-15,Angola,AFRO,57,21380,1,521
2021-03-16,Angola,AFRO,27,21407,0,521
2021-03-17,Angola,AFRO,39,21446,1,522
2021-03-18,Angola,AFRO,43,21489,0,522
2021-03-19,Angola,AFRO,69,21558,0,522
2021-03-20,Angola,AFRO,84,21642,3,525
2021-03-21,Angola,AFRO,54,21696,1,526
2021-03-22,Angola,AFRO,37,21733,1,527
2021-03-23,Angola,AFRO,24,21757,3,530
2021-03-24,Angola,AFRO,17,21774,1,531
2021-03-25,Angola,AFRO,62,21836,1,532
2021-03-26,Angola,AFRO,78,21914,0,532
2021-03-27,Angola,AFRO,51,21965,0,532
2021-03-28,Angola,AFRO,66,22031,1,533
2021-03-29,Angola,AFRO,32,22063,0,533
2021-03-30,Angola,AFRO,69,22132,1,534
2021-03-31,Angola,AFRO,50,22182,2,536
2021-04-01,Angola,AFRO,129,22311,1,537
2021-04-02,Angola,AFRO,88,22399,1,538
2021-04-03,Angola,AFRO,68,22467,0,538
2021-04-04,Angola,AFRO,112,22579,2,540
2021-04-05,Angola,AFRO,52,22631,2,542
2021-04-06,Angola,AFRO,86,22717,1,543
2021-04-07,Angola,AFRO,168,22885,4,547
2021-04-08,Angola,AFRO,125,23010,0,547
2021-04-09,Angola,AFRO,98,23108,2,549
2021-04-10,Angola,AFRO,134,23242,0,549
2021-04-11,Angola,AFRO,89,23331,1,550
2021-04-12,Angola,AFRO,126,23457,3,553
2021-04-13,Angola,AFRO,92,23549,1,554
2021-04-14,Angola,AFRO,148,23697,0,554
2021-04-15,Angola,AFRO,144,23841,3,557
2021-04-16,Angola,AFRO,110,23951,0,557
2021-04-17,Angola,AFRO,171,24122,3,560
2021-04-18,Angola,AFRO,178,24300,1,561
2021-04-19,Angola,AFRO,89,24389,0,561
2021-04-20,Angola,AFRO,129,24518,2,563
2021-04-21,Angola,AFRO,143,24661,2,565
2021-04-22,Angola,AFRO,222,24883,5,570
2021-04-23,Angola,AFRO,168,25051,2,572
2021-04-24,Angola,AFRO,228,25279,2,574
2021-04-25,Angola,AFRO,213,25492,3,577
2021-04-26,Angola,AFRO,117,25609,2,579
2021-04-27,Angola,AFRO,101,25710,4,583
2021-04-28,Angola,AFRO,232,25942,4,587
2021-04-29,Angola,AFRO,226,26168,4,591
2021-04-30,Angola,AFRO,263,26431,3,594
2021-05-01,Angola,AFRO,221,26652,2,596
2021-05-02,Angola,AFRO,163,26815,4,600
2021-05-03,Angola,AFRO,178,26993,2,602
2021-05-04,Angola,AFRO,140,27133,1,603
2021-05-05,Angola,AFRO,151,27284,6,609
2021-05-06,Angola,AFRO,245,27529,9,618
2021-05-07,Angola,AFRO,392,27921,4,622
2021-05-08,Angola,AFRO,280,28201,6,628
2021-05-09,Angola,AFRO,276,28477,2,630
2021-05-10,Angola,AFRO,263,28740,3,633
2021-05-11,Angola,AFRO,135,28875,3,636
2021-05-12,Angola,AFRO,271,29146,3,639
2021-05-13,Angola,AFRO,259,29405,6,645
2021-05-14,Angola,AFRO,290,29695,4,649
2021-05-15,Angola,AFRO,335,30030,2,651
2021-05-16,Angola,AFRO,324,30354,4,655
2021-05-17,Angola,AFRO,283,30637,4,659
2021-05-18,Angola,AFRO,150,30787,18,677
2021-05-19,Angola,AFRO,258,31045,8,685
2021-05-20,Angola,AFRO,393,31438,11,696
2021-05-21,Angola,AFRO,223,31661,8,704
2021-05-22,Angola,AFRO,248,31909,5,709
2021-05-23,Angola,AFRO,240,32149,6,715
2021-05-24,Angola,AFRO,292,32441,10,725
2021-05-25,Angola,AFRO,182,32623,6,731
2021-05-26,Angola,AFRO,310,32933,4,735
2021-05-27,Angola,AFRO,405,33338,7,742
2021-05-28,Angola,AFRO,269,33607,3,745
2021-05-29,Angola,AFRO,337,33944,4,749
2021-05-30,Angola,AFRO,236,34180,8,757
2021-01-01,Anguilla,AMRO,0,13,0,0
2021-01-02,Anguilla,AMRO,1,14,0,0
2021-01-03,Anguilla,AMRO,1,15,0,0
2021-01-04,Anguilla,AMRO,0,15,0,0
2021-01-05,Anguilla,AMRO,0,15,0,0
2021-01-06,Anguilla,AMRO,0,15,0,0
2021-01-07,Anguilla,AMRO,0,15,0,0
2021-01-08,Anguilla,AMRO,0,15,0,0
2021-01-09,Anguilla,AMRO,0,15,0,0
2021-01-10,Anguilla,AMRO,0,15,0,0
2021-01-11,Anguilla,AMRO,0,15,0,0
2021-01-12,Anguilla,AMRO,0,15,0,0
2021-01-13,Anguilla,AMRO,0,15,0,0
2021-01-14,Anguilla,AMRO,0,15,0,0
2021-01-15,Anguilla,AMRO,0,15,0,0
2021-01-16,Anguilla,AMRO,0,15,0,0
2021-01-17,Anguilla,AMRO,0,15,0,0
2021-01-18,Anguilla,AMRO,0,15,0,0
2021-01-19,Anguilla,AMRO,0,15,0,0
2021-01-20,Anguilla,AMRO,0,15,0,0
2021-01-21,Anguilla,AMRO,0,15,0,0
2021-01-22,Anguilla,AMRO,0,15,0,0
2021-01-23,Anguilla,AMRO,0,15,0,0
2021-01-24,Anguilla,AMRO,0,15,0,0
2021-01-25,Anguilla,AMRO,0,15,0,0
2021-01-26,Anguilla,AMRO,1,16,0,0
2021-01-27,Anguilla,AMRO,0,16,0,0
2021-01-28,Anguilla,AMRO,0,16,0,0
2021-01-29,Anguilla,AMRO,0,16,0,0
2021-01-30,Anguilla,AMRO,0,16,0,0
2021-01-31,Anguilla,AMRO,1,17,0,0
2021-02-01,Anguilla,AMRO,0,17,0,0
2021-02-02,Anguilla,AMRO,0,17,0,0
2021-02-03,Anguilla,AMRO,0,17,0,0
2021-02-04,Anguilla,AMRO,0,17,0,0
2021-02-05,Anguilla,AMRO,0,17,0,0
2021-02-06,Anguilla,AMRO,0,17,0,0
2021-02-07,Anguilla,AMRO,0,17,0,0
2021-02-08,Anguilla,AMRO,0,17,0,0
2021-02-09,Anguilla,AMRO,0,17,0,0
2021-02-10,Anguilla,AMRO,1,18,0,0
2021-02-11,Anguilla,AMRO,0,18,0,0
2021-02-12,Anguilla,AMRO,0,18,0,0
2021-02-13,Anguilla,AMRO,0,18,0,0
2021-02-14,Anguilla,AMRO,0,18,0,0
2021-02-15,Anguilla,AMRO,0,18,0,0
2021-02-16,Anguilla,AMRO,0,18,0,0
2021-02-17,Anguilla,AMRO,0,18,0,0
2021-02-18,Anguilla,AMRO,0,18,0,0
2021-02-19,Anguilla,AMRO,0,18,0,0
2021-02-20,Anguilla,AMRO,0,18,0,0
2021-02-21,Anguilla,AMRO,0,18,0,0
2021-02-22,Anguilla,AMRO,0,18,0,0
2021-02-23,Anguilla,AMRO,0,18,0,0
2021-02-24,Anguilla,AMRO,0,18,0,0
2021-02-25,Anguilla,AMRO,0,18,0,0
2021-02-26,Anguilla,AMRO,0,18,0,0
2021-02-27,Anguilla,AMRO,0,18,0,0
2021-02-28,Anguilla,AMRO,0,18,0,0
2021-03-01,Anguilla,AMRO,0,18,0,0
2021-03-02,Anguilla,AMRO,0,18,0,0
2021-03-03,Anguilla,AMRO,0,18,0,0
2021-03-04,Anguilla,AMRO,0,18,0,0
2021-03-05,Anguilla,AMRO,0,18,0,0
2021-03-06,Anguilla,AMRO,0,18,0,0
2021-03-07,Anguilla,AMRO,0,18,0,0
2021-03-08,Anguilla,AMRO,0,18,0,0
2021-03-09,Anguilla,AMRO,0,18,0,0
2021-03-10,Anguilla,AMRO,0,18,0,0
2021-03-11,Anguilla,AMRO,0,18,0,0
2021-03-12,Anguilla,AMRO,3,21,0,0
2021-03-13,Anguilla,AMRO,0,21,0,0
2021-03-14,Anguilla,AMRO,0,21,0,0
2021-03-15,Anguilla,AMRO,0,21,0,0
2021-03-16,Anguilla,AMRO,0,21,0,0
2021-03-17,Anguilla,AMRO,0,21,0,0
2021-03-18,Anguilla,AMRO,0,21,0,0
2021-03-19,Anguilla,AMRO,0,21,0,0
2021-03-20,Anguilla,AMRO,0,21,0,0
2021-03-21,Anguilla,AMRO,1,22,0,0
2021-03-22,Anguilla,AMRO,0,22,0,0
2021-03-23,Anguilla,AMRO,0,22,0,0
2021-03-24,Anguilla,AMRO,0,22,0,0
2021-03-25,Anguilla,AMRO,1,23,0,0
2021-03-26,Anguilla,AMRO,0,23,0,0
2021-03-27,Anguilla,AMRO,0,23,0,0
2021-03-28,Anguilla,AMRO,0,23,0,0
2021-03-29,Anguilla,AMRO,2,25,0,0
2021-03-30,Anguilla,AMRO,0,25,0,0
2021-03-31,Anguilla,AMRO,0,25,0,0
2021-04-01,Anguilla,AMRO,0,25,0,0
2021-04-02,Anguilla,AMRO,0,25,0,0
2021-04-03,Anguilla,AMRO,0,25,0,0
2021-04-04,Anguilla,AMRO,0,25,0,0
2021-04-05,Anguilla,AMRO,0,25,0,0
2021-04-06,Anguilla,AMRO,0,25,0,0
2021-04-07,Anguilla,AMRO,0,25,0,0
2021-04-08,Anguilla,AMRO,0,25,0,0
2021-04-09,Anguilla,AMRO,0,25,0,0
2021-04-10,Anguilla,AMRO,0,25,0,0
2021-04-11,Anguilla,AMRO,4,29,0,0
2021-04-12,Anguilla,AMRO,0,29,0,0
2021-04-13,Anguilla,AMRO,0,29,0,0
2021-04-14,Anguilla,AMRO,0,29,0,0
2021-04-15,Anguilla,AMRO,0,29,0,0
2021-04-16,Anguilla,AMRO,0,29,0,0
2021-04-17,Anguilla,AMRO,0,29,0,0
2021-04-18,Anguilla,AMRO,0,29,0,0
2021-04-19,Anguilla,AMRO,0,29,0,0
2021-04-20,Anguilla,AMRO,0,29,0,0
2021-04-21,Anguilla,AMRO,0,29,0,0
2021-04-22,Anguilla,AMRO,1,30,0,0
2021-04-23,Anguilla,AMRO,3,33,0,0
2021-04-24,Anguilla,AMRO,0,33,0,0
2021-04-25,Anguilla,AMRO,25,58,0,0
2021-04-26,Anguilla,AMRO,0,58,0,0
2021-04-27,Anguilla,AMRO,15,73,0,0
2021-04-28,Anguilla,AMRO,11,84,0,0
2021-04-29,Anguilla,AMRO,3,87,0,0
2021-04-30,Anguilla,AMRO,4,91,0,0
2021-05-01,Anguilla,AMRO,2,93,0,0
2021-05-02,Anguilla,AMRO,0,93,0,0
2021-05-03,Anguilla,AMRO,2,95,0,0
2021-05-04,Anguilla,AMRO,0,95,0,0
2021-05-05,Anguilla,AMRO,0,95,0,0
2021-05-06,Anguilla,AMRO,0,95,0,0
2021-05-07,Anguilla,AMRO,0,95,0,0
2021-05-08,Anguilla,AMRO,0,95,0,0
2021-05-09,Anguilla,AMRO,4,99,0,0
2021-05-10,Anguilla,AMRO,0,99,0,0
2021-05-11,Anguilla,AMRO,0,99,0,0
2021-05-12,Anguilla,AMRO,10,109,0,0
2021-05-13,Anguilla,AMRO,0,109,0,0
2021-05-14,Anguilla,AMRO,0,109,0,0
2021-05-15,Anguilla,AMRO,0,109,0,0
2021-05-16,Anguilla,AMRO,0,109,0,0
2021-05-17,Anguilla,AMRO,0,109,0,0
2021-05-18,Anguilla,AMRO,0,109,0,0
2021-05-19,Anguilla,AMRO,0,109,0,0
2021-05-20,Anguilla,AMRO,0,109,0,0
2021-05-21,Anguilla,AMRO,0,109,0,0
2021-05-22,Anguilla,AMRO,0,109,0,0
2021-05-23,Anguilla,AMRO,0,109,0,0
2021-05-24,Anguilla,AMRO,0,109,0,0
2021-05-25,Anguilla,AMRO,0,109,0,0
2021-05-26,Anguilla,AMRO,0,109,0,0
2021-05-27,Anguilla,AMRO,0,109,0,0
2021-05-28,Anguilla,AMRO,0,109,0,0
2021-05-29,Anguilla,AMRO,0,109,0,0
2021-05-30,Anguilla,AMRO,0,109,0,0
2021-01-01,Antigua and Barbuda,AMRO,1,159,0,5
2021-01-02,Antigua and Barbuda,AMRO,0,159,0,5
2021-01-03,Antigua and Barbuda,AMRO,0,159,0,5
2021-01-04,Antigua and Barbuda,AMRO,0,159,0,5
2021-01-05,Antigua and Barbuda,AMRO,1,160,0,5
2021-01-06,Antigua and Barbuda,AMRO,0,160,0,5
2021-01-07,Antigua and Barbuda,AMRO,0,160,0,5
2021-01-08,Antigua and Barbuda,AMRO,3,163,0,5
2021-01-09,Antigua and Barbuda,AMRO,4,167,0,5
2021-01-10,Antigua and Barbuda,AMRO,2,169,0,5
2021-01-11,Antigua and Barbuda,AMRO,7,176,0,5
2021-01-12,Antigua and Barbuda,AMRO,0,176,0,5
2021-01-13,Antigua and Barbuda,AMRO,0,176,0,5
2021-01-14,Antigua and Barbuda,AMRO,0,176,0,5
2021-01-15,Antigua and Barbuda,AMRO,8,184,1,6
2021-01-16,Antigua and Barbuda,AMRO,0,184,0,6
2021-01-17,Antigua and Barbuda,AMRO,3,187,0,6
2021-01-18,Antigua and Barbuda,AMRO,0,187,0,6
2021-01-19,Antigua and Barbuda,AMRO,2,189,0,6
2021-01-20,Antigua and Barbuda,AMRO,1,190,0,6
2021-01-21,Antigua and Barbuda,AMRO,0,190,0,6
2021-01-22,Antigua and Barbuda,AMRO,0,190,0,6
2021-01-23,Antigua and Barbuda,AMRO,2,192,0,6
2021-01-24,Antigua and Barbuda,AMRO,3,195,0,6
2021-01-25,Antigua and Barbuda,AMRO,0,195,0,6
2021-01-26,Antigua and Barbuda,AMRO,6,201,0,6
2021-01-27,Antigua and Barbuda,AMRO,0,201,0,6
2021-01-28,Antigua and Barbuda,AMRO,0,201,0,6
2021-01-29,Antigua and Barbuda,AMRO,14,215,0,6
2021-01-30,Antigua and Barbuda,AMRO,3,218,0,6
2021-01-31,Antigua and Barbuda,AMRO,0,218,1,7
2021-02-01,Antigua and Barbuda,AMRO,2,220,0,7
2021-02-02,Antigua and Barbuda,AMRO,14,234,0,7
2021-02-03,Antigua and Barbuda,AMRO,0,234,0,7
2021-02-04,Antigua and Barbuda,AMRO,15,249,0,7
2021-02-05,Antigua and Barbuda,AMRO,19,268,0,7
2021-02-06,Antigua and Barbuda,AMRO,9,277,0,7
2021-02-07,Antigua and Barbuda,AMRO,0,277,0,7
2021-02-08,Antigua and Barbuda,AMRO,22,299,0,7
2021-02-09,Antigua and Barbuda,AMRO,17,316,0,7
2021-02-10,Antigua and Barbuda,AMRO,0,316,1,8
2021-02-11,Antigua and Barbuda,AMRO,34,350,1,9
2021-02-12,Antigua and Barbuda,AMRO,31,381,0,9
2021-02-13,Antigua and Barbuda,AMRO,0,381,0,9
2021-02-14,Antigua and Barbuda,AMRO,46,427,0,9
2021-02-15,Antigua and Barbuda,AMRO,0,427,0,9
2021-02-16,Antigua and Barbuda,AMRO,0,427,0,9
2021-02-17,Antigua and Barbuda,AMRO,16,443,0,9
2021-02-18,Antigua and Barbuda,AMRO,43,486,1,10
2021-02-19,Antigua and Barbuda,AMRO,39,525,0,10
2021-02-20,Antigua and Barbuda,AMRO,23,548,0,10
2021-02-21,Antigua and Barbuda,AMRO,50,598,1,11
2021-02-22,Antigua and Barbuda,AMRO,0,598,2,13
2021-02-23,Antigua and Barbuda,AMRO,16,614,1,14
2021-02-24,Antigua and Barbuda,AMRO,0,614,0,14
2021-02-25,Antigua and Barbuda,AMRO,22,636,0,14
2021-02-26,Antigua and Barbuda,AMRO,10,646,0,14
2021-02-27,Antigua and Barbuda,AMRO,55,701,0,14
2021-02-28,Antigua and Barbuda,AMRO,25,726,0,14
2021-03-01,Antigua and Barbuda,AMRO,0,726,0,14
2021-03-02,Antigua and Barbuda,AMRO,43,769,1,15
2021-03-03,Antigua and Barbuda,AMRO,0,769,2,17
2021-03-04,Antigua and Barbuda,AMRO,0,769,1,18
2021-03-05,Antigua and Barbuda,AMRO,0,769,1,19
2021-03-06,Antigua and Barbuda,AMRO,44,813,2,21
2021-03-07,Antigua and Barbuda,AMRO,0,813,0,21
2021-03-08,Antigua and Barbuda,AMRO,19,832,0,21
2021-03-09,Antigua and Barbuda,AMRO,16,848,0,21
2021-03-10,Antigua and Barbuda,AMRO,14,862,1,22
2021-03-11,Antigua and Barbuda,AMRO,0,862,0,22
2021-03-12,Antigua and Barbuda,AMRO,20,882,1,23
2021-03-13,Antigua and Barbuda,AMRO,63,945,2,25
2021-03-14,Antigua and Barbuda,AMRO,17,962,2,27
2021-03-15,Antigua and Barbuda,AMRO,1,963,0,27
2021-03-16,Antigua and Barbuda,AMRO,0,963,0,27
2021-03-17,Antigua and Barbuda,AMRO,20,983,0,27
2021-03-18,Antigua and Barbuda,AMRO,9,992,0,27
2021-03-19,Antigua and Barbuda,AMRO,16,1008,0,27
2021-03-20,Antigua and Barbuda,AMRO,3,1011,0,27
2021-03-21,Antigua and Barbuda,AMRO,22,1033,1,28
2021-03-22,Antigua and Barbuda,AMRO,0,1033,0,28
2021-03-23,Antigua and Barbuda,AMRO,0,1033,0,28
2021-03-24,Antigua and Barbuda,AMRO,39,1072,0,28
2021-03-25,Antigua and Barbuda,AMRO,8,1080,0,28
2021-03-26,Antigua and Barbuda,AMRO,20,1100,0,28
2021-03-27,Antigua and Barbuda,AMRO,3,1103,0,28
2021-03-28,Antigua and Barbuda,AMRO,19,1122,0,28
2021-03-29,Antigua and Barbuda,AMRO,6,1128,0,28
2021-03-30,Antigua and Barbuda,AMRO,8,1136,0,28
2021-03-31,Antigua and Barbuda,AMRO,0,1136,0,28
2021-04-01,Antigua and Barbuda,AMRO,0,1136,0,28
2021-04-02,Antigua and Barbuda,AMRO,11,1147,0,28
2021-04-03,Antigua and Barbuda,AMRO,5,1152,0,28
2021-04-04,Antigua and Barbuda,AMRO,18,1170,0,28
2021-04-05,Antigua and Barbuda,AMRO,0,1170,0,28
2021-04-06,Antigua and Barbuda,AMRO,0,1170,0,28
2021-04-07,Antigua and Barbuda,AMRO,3,1173,1,29
2021-04-08,Antigua and Barbuda,AMRO,0,1173,0,29
2021-04-09,Antigua and Barbuda,AMRO,4,1177,0,29
2021-04-10,Antigua and Barbuda,AMRO,3,1180,0,29
2021-04-11,Antigua and Barbuda,AMRO,2,1182,1,30
2021-04-12,Antigua and Barbuda,AMRO,15,1197,0,30
2021-04-13,Antigua and Barbuda,AMRO,1,1198,0,30
2021-04-14,Antigua and Barbuda,AMRO,3,1201,1,31
2021-04-15,Antigua and Barbuda,AMRO,0,1201,0,31
2021-04-16,Antigua and Barbuda,AMRO,8,1209,0,31
2021-04-17,Antigua and Barbuda,AMRO,4,1213,0,31
2021-04-18,Antigua and Barbuda,AMRO,0,1213,0,31
2021-04-19,Antigua and Barbuda,AMRO,3,1216,0,31
2021-04-20,Antigua and Barbuda,AMRO,1,1217,0,31
2021-04-21,Antigua and Barbuda,AMRO,0,1217,0,31
2021-04-22,Antigua and Barbuda,AMRO,0,1217,0,31
2021-04-23,Antigua and Barbuda,AMRO,0,1217,0,31
2021-04-24,Antigua and Barbuda,AMRO,5,1222,0,31
2021-04-25,Antigua and Barbuda,AMRO,0,1222,0,31
2021-04-26,Antigua and Barbuda,AMRO,5,1227,0,31
2021-04-27,Antigua and Barbuda,AMRO,0,1227,1,32
2021-04-28,Antigua and Barbuda,AMRO,5,1232,0,32
2021-04-29,Antigua and Barbuda,AMRO,0,1232,0,32
2021-04-30,Antigua and Barbuda,AMRO,-8,1224,0,32
2021-05-01,Antigua and Barbuda,AMRO,3,1227,0,32
2021-05-02,Antigua and Barbuda,AMRO,2,1229,0,32
2021-05-03,Antigua and Barbuda,AMRO,0,1229,0,32
2021-05-04,Antigua and Barbuda,AMRO,0,1229,0,32
2021-05-05,Antigua and Barbuda,AMRO,0,1229,0,32
2021-05-06,Antigua and Barbuda,AMRO,2,1231,0,32
2021-05-07,Antigua and Barbuda,AMRO,5,1236,0,32
2021-05-08,Antigua and Barbuda,AMRO,0,1236,0,32
2021-05-09,Antigua and Barbuda,AMRO,1,1237,0,32
2021-05-10,Antigua and Barbuda,AMRO,1,1238,0,32
2021-05-11,Antigua and Barbuda,AMRO,0,1238,0,32
2021-05-12,Antigua and Barbuda,AMRO,0,1238,0,32
2021-05-13,Antigua and Barbuda,AMRO,3,1241,0,32
2021-05-14,Antigua and Barbuda,AMRO,10,1251,10,42
2021-05-15,Antigua and Barbuda,AMRO,0,1251,0,42
2021-05-16,Antigua and Barbuda,AMRO,0,1251,0,42
2021-05-17,Antigua and Barbuda,AMRO,0,1251,0,42
2021-05-18,Antigua and Barbuda,AMRO,1,1252,0,42
2021-05-19,Antigua and Barbuda,AMRO,3,1255,0,42
2021-05-20,Antigua and Barbuda,AMRO,0,1255,0,42
2021-05-21,Antigua and Barbuda,AMRO,0,1255,0,42
2021-05-22,Antigua and Barbuda,AMRO,0,1255,0,42
2021-05-23,Antigua and Barbuda,AMRO,0,1255,0,42
2021-05-24,Antigua and Barbuda,AMRO,3,1258,0,42
2021-05-25,Antigua and Barbuda,AMRO,0,1258,0,42
2021-05-26,Antigua and Barbuda,AMRO,0,1258,0,42
2021-05-27,Antigua and Barbuda,AMRO,0,1258,0,42
2021-05-28,Antigua and Barbuda,AMRO,0,1258,0,42
2021-05-29,Antigua and Barbuda,AMRO,1,1259,0,42
2021-05-30,Antigua and Barbuda,AMRO,0,1259,0,42
2021-01-01,Argentina,AMRO,11765,1613928,145,43163
2021-01-02,Argentina,AMRO,11586,1625514,82,43245
2021-01-03,Argentina,AMRO,4080,1629594,74,43319
2021-01-04,Argentina,AMRO,5240,1634834,56,43375
2021-01-05,Argentina,AMRO,5884,1640718,107,43482
2021-01-06,Argentina,AMRO,8222,1648940,152,43634
2021-01-07,Argentina,AMRO,13790,1662730,151,43785
2021-01-08,Argentina,AMRO,13441,1676171,191,43976
2021-01-09,Argentina,AMRO,13835,1690006,146,44122
2021-01-10,Argentina,AMRO,13346,1703352,151,44273
2021-01-11,Argentina,AMRO,11057,1714409,144,44417
2021-01-12,Argentina,AMRO,7808,1722217,78,44495
2021-01-13,Argentina,AMRO,8704,1730921,159,44654
2021-01-14,Argentina,AMRO,13783,1744704,194,44848
2021-01-15,Argentina,AMRO,12725,1757429,135,44983
2021-01-16,Argentina,AMRO,13286,1770715,142,45125
2021-01-17,Argentina,AMRO,12332,1783047,102,45227
2021-01-18,Argentina,AMRO,8932,1791979,68,45295
2021-01-19,Argentina,AMRO,7264,1799243,112,45407
2021-01-20,Argentina,AMRO,8185,1807428,425,45832
2021-01-21,Argentina,AMRO,12141,1819569,234,46066
2021-01-22,Argentina,AMRO,12112,1831681,150,46216
2021-01-23,Argentina,AMRO,11396,1843077,139,46355
2021-01-24,Argentina,AMRO,10753,1853830,220,46575
2021-01-25,Argentina,AMRO,8362,1862192,162,46737
2021-01-26,Argentina,AMRO,5031,1867223,90,46827
2021-01-27,Argentina,AMRO,7578,1874801,207,47034
2021-01-28,Argentina,AMRO,10409,1885210,219,47253
2021-01-29,Argentina,AMRO,10843,1896053,182,47435
2021-01-30,Argentina,AMRO,9471,1905524,166,47601
2021-01-31,Argentina,AMRO,9838,1915362,174,47775
2021-02-01,Argentina,AMRO,6902,1922264,156,47931
2021-02-02,Argentina,AMRO,4975,1927239,43,47974
2021-02-03,Argentina,AMRO,6614,1933853,275,48249
2021-02-04,Argentina,AMRO,9695,1943548,177,48426
2021-02-05,Argentina,AMRO,9196,1952744,113,48539
2021-02-06,Argentina,AMRO,8891,1961635,161,48700
2021-02-07,Argentina,AMRO,8374,1970009,285,48985
2021-02-08,Argentina,AMRO,6680,1976689,125,49110
2021-02-09,Argentina,AMRO,3658,1980347,61,49171
2021-02-10,Argentina,AMRO,5154,1985501,227,49398
2021-02-11,Argentina,AMRO,7794,1993295,158,49556
2021-02-12,Argentina,AMRO,7739,2001034,118,49674
2021-02-13,Argentina,AMRO,7311,2008345,200,49874
2021-02-14,Argentina,AMRO,13208,2021553,314,50188
2021-02-15,Argentina,AMRO,4245,2025798,48,50236
2021-02-16,Argentina,AMRO,0,2025798,0,50236
2021-02-17,Argentina,AMRO,3259,2029057,91,50327
2021-02-18,Argentina,AMRO,4003,2033060,105,50432
2021-02-19,Argentina,AMRO,6064,2039124,184,50616
2021-02-20,Argentina,AMRO,7671,2046795,241,50857
2021-02-21,Argentina,AMRO,7886,2054681,143,51000
2021-02-22,Argentina,AMRO,5944,2060625,122,51122
2021-02-23,Argentina,AMRO,9126,2069751,237,51359
2021-02-24,Argentina,AMRO,7477,2077228,151,51510
2021-02-25,Argentina,AMRO,3596,2080824,14,51524
2021-02-26,Argentina,AMRO,7363,2088187,156,51680
2021-02-27,Argentina,AMRO,10541,2098728,207,51887
2021-02-28,Argentina,AMRO,5469,2104197,59,51946
2021-03-01,Argentina,AMRO,3168,2107365,19,51965
2021-03-02,Argentina,AMRO,4658,2112023,112,52077
2021-03-03,Argentina,AMRO,6653,2118676,115,52192
2021-03-04,Argentina,AMRO,7855,2126531,261,52453
2021-03-05,Argentina,AMRO,3556,2130087,52,52505
2021-03-06,Argentina,AMRO,11767,2141854,279,52784
2021-03-07,Argentina,AMRO,4860,2146714,86,52870
2021-03-08,Argentina,AMRO,2922,2149636,10,52880
2021-03-09,Argentina,AMRO,5058,2154694,241,53121
2021-03-10,Argentina,AMRO,7307,2162001,131,53252
2021-03-11,Argentina,AMRO,7693,2169694,107,53359
2021-03-12,Argentina,AMRO,8204,2177898,134,53493
2021-03-13,Argentina,AMRO,7849,2185747,85,53578
2021-03-14,Argentina,AMRO,6278,2192025,68,53646
2021-03-15,Argentina,AMRO,3697,2195722,24,53670
2021-03-16,Argentina,AMRO,0,2195722,0,53670
2021-03-17,Argentina,AMRO,6164,2201886,166,53836
2021-03-18,Argentina,AMRO,8235,2210121,200,54036
2021-03-19,Argentina,AMRO,8304,2218425,195,54231
2021-03-20,Argentina,AMRO,8328,2226753,155,54386
2021-03-21,Argentina,AMRO,8160,2234913,90,54476
2021-03-22,Argentina,AMRO,6826,2241739,41,54517
2021-03-23,Argentina,AMRO,4032,2245771,28,54545
2021-03-24,Argentina,AMRO,6401,2252172,126,54671
2021-03-25,Argentina,AMRO,9405,2261577,152,54823
2021-03-26,Argentina,AMRO,8300,2269877,123,54946
2021-03-27,Argentina,AMRO,8238,2278115,146,55092
2021-03-28,Argentina,AMRO,12936,2291051,143,55235
2021-03-29,Argentina,AMRO,10338,2301389,133,55368
2021-03-30,Argentina,AMRO,7208,2308597,81,55449
2021-03-31,Argentina,AMRO,14014,2322611,162,55611
2021-04-01,Argentina,AMRO,10154,2332765,125,55736
2021-04-02,Argentina,AMRO,16056,2348821,122,55858
2021-04-03,Argentina,AMRO,14430,2363251,83,55941
2021-04-04,Argentina,AMRO,9902,2373153,82,56023
2021-04-05,Argentina,AMRO,10384,2383537,83,56106
2021-04-06,Argentina,AMRO,9955,2393492,93,56199
2021-04-07,Argentina,AMRO,13667,2407159,272,56471
2021-04-08,Argentina,AMRO,20870,2428029,163,56634
2021-04-09,Argentina,AMRO,22039,2450068,198,56832
2021-04-10,Argentina,AMRO,23683,2473751,290,57122
2021-04-11,Argentina,AMRO,24130,2497881,228,57350
2021-04-12,Argentina,AMRO,19419,2517300,297,57647
2021-04-13,Argentina,AMRO,15262,2532562,132,57779
2021-04-14,Argentina,AMRO,19437,2551999,178,57957
2021-04-15,Argentina,AMRO,27001,2579000,217,58174
2021-04-16,Argentina,AMRO,25157,2604157,368,58542
2021-04-17,Argentina,AMRO,24999,2629156,383,58925
2021-04-18,Argentina,AMRO,29472,2658628,159,59084
2021-04-19,Argentina,AMRO,19119,2677747,80,59164
2021-04-20,Argentina,AMRO,16267,2694014,64,59228
2021-04-21,Argentina,AMRO,20461,2714475,248,59476
2021-04-22,Argentina,AMRO,29145,2743620,316,59792
2021-04-23,Argentina,AMRO,25932,2769552,291,60083
2021-04-24,Argentina,AMRO,27216,2796768,537,60620
2021-04-25,Argentina,AMRO,27884,2824652,556,61176
2021-04-26,Argentina,AMRO,21220,2845872,298,61474
2021-04-27,Argentina,AMRO,15012,2860884,170,61644
2021-04-28,Argentina,AMRO,18793,2879677,443,62087
2021-04-29,Argentina,AMRO,25495,2905172,512,62599
2021-04-30,Argentina,AMRO,23718,2928890,348,62947
2021-05-01,Argentina,AMRO,26053,2954943,561,63508
2021-05-02,Argentina,AMRO,22420,2977363,357,63865
2021-05-03,Argentina,AMRO,16502,2993865,231,64096
2021-05-04,Argentina,AMRO,11394,3005259,156,64252
2021-05-05,Argentina,AMRO,15920,3021179,540,64792
2021-05-06,Argentina,AMRO,26238,3047417,410,65202
2021-05-07,Argentina,AMRO,24079,3071496,663,65865
2021-05-08,Argentina,AMRO,24086,3095582,398,66263
2021-05-09,Argentina,AMRO,22552,3118134,609,66872
2021-05-10,Argentina,AMRO,18024,3136158,170,67042
2021-05-11,Argentina,AMRO,11582,3147740,283,67325
2021-05-12,Argentina,AMRO,17381,3165121,496,67821
2021-05-13,Argentina,AMRO,25976,3191097,490,68311
2021-05-14,Argentina,AMRO,24475,3215572,496,68807
2021-05-15,Argentina,AMRO,26531,3242103,447,69254
2021-05-16,Argentina,AMRO,27363,3269466,599,69853
2021-05-17,Argentina,AMRO,21469,3290935,400,70253
2021-05-18,Argentina,AMRO,16350,3307285,269,70522
2021-05-19,Argentina,AMRO,28680,3335965,505,71027
2021-05-20,Argentina,AMRO,35543,3371508,744,71771
2021-05-21,Argentina,AMRO,39652,3411160,494,72265
2021-05-22,Argentina,AMRO,35884,3447044,434,72699
2021-05-23,Argentina,AMRO,35468,3482512,692,73391
2021-05-24,Argentina,AMRO,32171,3514683,297,73688
2021-05-25,Argentina,AMRO,24801,3539484,375,74063
2021-05-26,Argentina,AMRO,22651,3562135,417,74480
2021-05-27,Argentina,AMRO,24601,3586736,576,75056
2021-05-28,Argentina,AMRO,35399,3622135,532,75588
2021-05-29,Argentina,AMRO,41080,3663215,547,76135
2021-05-30,Argentina,AMRO,39207,3702422,558,76693
2021-01-01,Armenia,EURO,531,158722,16,2818
2021-01-02,Armenia,EURO,1016,159738,10,2828
2021-01-03,Armenia,EURO,289,160027,22,2850
2021-01-04,Armenia,EURO,193,160220,14,2864
2021-01-05,Armenia,EURO,324,160544,14,2878
2021-01-06,Armenia,EURO,309,160853,12,2890
2021-01-07,Armenia,EURO,201,161054,11,2901
2021-01-08,Armenia,EURO,361,161415,7,2908
2021-01-09,Armenia,EURO,379,161794,14,2922
2021-01-10,Armenia,EURO,337,162131,7,2929
2021-01-11,Armenia,EURO,757,162888,2,2931
2021-01-12,Armenia,EURO,0,162888,0,2931
2021-01-13,Armenia,EURO,240,163128,20,2951
2021-01-14,Armenia,EURO,448,163576,12,2963
2021-01-15,Armenia,EURO,396,163972,11,2974
2021-01-16,Armenia,EURO,263,164235,13,2987
2021-01-17,Armenia,EURO,351,164586,5,2992
2021-01-18,Armenia,EURO,90,164676,6,2998
2021-01-19,Armenia,EURO,236,164912,9,3007
2021-01-20,Armenia,EURO,309,165221,9,3016
2021-01-21,Armenia,EURO,307,165528,5,3021
2021-01-22,Armenia,EURO,183,165711,9,3030
2021-01-23,Armenia,EURO,198,165909,4,3034
2021-01-24,Armenia,EURO,127,166036,5,3039
2021-01-25,Armenia,EURO,58,166094,8,3047
2021-01-26,Armenia,EURO,138,166232,5,3052
2021-01-27,Armenia,EURO,195,166427,4,3056
2021-01-28,Armenia,EURO,242,166669,11,3067
2021-01-29,Armenia,EURO,59,166728,2,3069
2021-01-30,Armenia,EURO,173,166901,2,3071
2021-01-31,Armenia,EURO,125,167026,9,3080
2021-02-01,Armenia,EURO,62,167088,4,3084
2021-02-02,Armenia,EURO,143,167231,5,3089
2021-02-03,Armenia,EURO,190,167421,7,3096
2021-02-04,Armenia,EURO,147,167568,11,3107
2021-02-05,Armenia,EURO,158,167726,2,3109
2021-02-06,Armenia,EURO,211,167937,5,3114
2021-02-07,Armenia,EURO,151,168088,3,3117
2021-02-08,Armenia,EURO,89,168177,6,3123
2021-02-09,Armenia,EURO,123,168300,3,3126
2021-02-10,Armenia,EURO,196,168496,4,3130
2021-02-11,Armenia,EURO,180,168676,5,3135
2021-02-12,Armenia,EURO,154,168830,3,3138
2021-02-13,Armenia,EURO,192,169022,2,3140
2021-02-14,Armenia,EURO,145,169167,1,3141
2021-02-15,Armenia,EURO,88,169255,6,3147
2021-02-16,Armenia,EURO,136,169391,3,3150
2021-02-17,Armenia,EURO,206,169597,5,3155
2021-02-18,Armenia,EURO,223,169820,1,3156
2021-02-19,Armenia,EURO,191,170011,2,3158
2021-02-20,Armenia,EURO,223,170234,1,3159
2021-02-21,Armenia,EURO,168,170402,5,3164
2021-02-22,Armenia,EURO,104,170506,3,3167
2021-02-23,Armenia,EURO,166,170672,4,3171
2021-02-24,Armenia,EURO,273,170945,4,3175
2021-02-25,Armenia,EURO,282,171227,4,3179
2021-02-26,Armenia,EURO,283,171510,4,3183
2021-02-27,Armenia,EURO,283,171793,7,3190
2021-02-28,Armenia,EURO,265,172058,2,3192
2021-03-01,Armenia,EURO,158,172216,3,3195
2021-03-02,Armenia,EURO,240,172456,5,3200
2021-03-03,Armenia,EURO,360,172816,2,3202
2021-03-04,Armenia,EURO,491,173307,6,3208
2021-03-05,Armenia,EURO,442,173749,7,3215
2021-03-06,Armenia,EURO,508,174257,4,3219
2021-03-07,Armenia,EURO,422,174679,2,3221
2021-03-08,Armenia,EURO,337,175016,4,3225
2021-03-09,Armenia,EURO,182,175198,7,3232
2021-03-10,Armenia,EURO,340,175538,5,3237
2021-03-11,Armenia,EURO,748,176286,2,3239
2021-03-12,Armenia,EURO,818,177104,4,3243
2021-03-13,Armenia,EURO,795,177899,10,3253
2021-03-14,Armenia,EURO,486,178385,2,3255
2021-03-15,Armenia,EURO,317,178702,10,3265
2021-03-16,Armenia,EURO,585,179287,12,3277
2021-03-17,Armenia,EURO,854,180141,5,3282
2021-03-18,Armenia,EURO,1024,181165,19,3301
2021-03-19,Armenia,EURO,891,182056,19,3320
2021-03-20,Armenia,EURO,1071,183127,12,3332
2021-03-21,Armenia,EURO,586,183713,16,3348
2021-03-22,Armenia,EURO,506,184219,12,3360
2021-03-23,Armenia,EURO,801,185020,24,3384
2021-03-24,Armenia,EURO,1164,186184,14,3398
2021-03-25,Armenia,EURO,1257,187441,18,3416
2021-03-26,Armenia,EURO,1005,188446,18,3434
2021-03-27,Armenia,EURO,1094,189540,16,3450
2021-03-28,Armenia,EURO,777,190317,14,3464
2021-03-29,Armenia,EURO,424,190741,12,3476
2021-03-30,Armenia,EURO,750,191491,21,3497
2021-03-31,Armenia,EURO,1148,192639,18,3515
2021-04-01,Armenia,EURO,1097,193736,18,3533
2021-04-02,Armenia,EURO,1116,194852,19,3552
2021-04-03,Armenia,EURO,1192,196044,23,3575
2021-04-04,Armenia,EURO,590,196634,17,3592
2021-04-05,Armenia,EURO,479,197113,22,3614
2021-04-06,Armenia,EURO,760,197873,13,3627
2021-04-07,Armenia,EURO,1025,198898,20,3647
2021-04-08,Armenia,EURO,1231,200129,28,3675
2021-04-09,Armenia,EURO,1029,201158,22,3697
2021-04-10,Armenia,EURO,1009,202167,23,3720
2021-04-11,Armenia,EURO,650,202817,15,3735
2021-04-12,Armenia,EURO,510,203327,0,3735
2021-04-13,Armenia,EURO,726,204053,40,3775
2021-04-14,Armenia,EURO,1075,205128,19,3794
2021-04-15,Armenia,EURO,1014,206142,23,3817
2021-04-16,Armenia,EURO,961,207103,18,3835
2021-04-17,Armenia,EURO,870,207973,24,3859
2021-04-18,Armenia,EURO,547,208520,19,3878
2021-04-19,Armenia,EURO,298,208818,17,3895
2021-04-20,Armenia,EURO,667,209485,24,3919
2021-04-21,Armenia,EURO,1033,210518,25,3944
2021-04-22,Armenia,EURO,881,211399,25,3969
2021-04-23,Armenia,EURO,715,212114,15,3984
2021-04-24,Armenia,EURO,764,212878,17,4001
2021-04-25,Armenia,EURO,410,213288,17,4018
2021-04-26,Armenia,EURO,181,213469,22,4040
2021-04-27,Armenia,EURO,595,214064,18,4058
2021-04-28,Armenia,EURO,808,214872,13,4071
2021-04-29,Armenia,EURO,656,215528,16,4087
2021-04-30,Armenia,EURO,536,216064,21,4108
2021-05-01,Armenia,EURO,532,216596,20,4128
2021-05-02,Armenia,EURO,267,216863,11,4139
2021-05-03,Armenia,EURO,145,217008,10,4149
2021-05-04,Armenia,EURO,399,217407,16,4165
2021-05-05,Armenia,EURO,493,217900,13,4178
2021-05-06,Armenia,EURO,425,218325,14,4192
2021-05-07,Armenia,EURO,356,218681,17,4209
2021-05-08,Armenia,EURO,411,219092,16,4225
2021-05-09,Armenia,EURO,178,219270,9,4234
2021-05-10,Armenia,EURO,83,219353,15,4249
2021-05-11,Armenia,EURO,243,219596,7,4256
2021-05-12,Armenia,EURO,354,219950,16,4272
2021-05-13,Armenia,EURO,267,220217,19,4291
2021-05-14,Armenia,EURO,230,220447,10,4301
2021-05-15,Armenia,EURO,282,220729,13,4314
2021-05-16,Armenia,EURO,131,220860,9,4323
2021-05-17,Armenia,EURO,67,220927,10,4333
2021-05-18,Armenia,EURO,212,221139,13,4346
2021-05-19,Armenia,EURO,229,221368,11,4357
2021-05-20,Armenia,EURO,191,221559,7,4364
2021-05-21,Armenia,EURO,140,221699,7,4371
2021-05-22,Armenia,EURO,181,221880,15,4386
2021-05-23,Armenia,EURO,68,221948,6,4392
2021-05-24,Armenia,EURO,34,221982,2,4394
2021-05-25,Armenia,EURO,157,222139,6,4400
2021-05-26,Armenia,EURO,130,222269,11,4411
2021-05-27,Armenia,EURO,140,222409,5,4416
2021-05-28,Armenia,EURO,104,222513,7,4423
2021-05-29,Armenia,EURO,42,222555,5,4428
2021-05-30,Armenia,EURO,81,222636,4,4432
2021-01-01,Aruba,AMRO,69,5442,0,49
2021-01-02,Aruba,AMRO,0,5442,0,49
2021-01-03,Aruba,AMRO,0,5442,0,49
2021-01-04,Aruba,AMRO,0,5442,0,49
2021-01-05,Aruba,AMRO,122,5564,0,49
2021-01-06,Aruba,AMRO,42,5606,0,49
2021-01-07,Aruba,AMRO,110,5716,1,50
2021-01-08,Aruba,AMRO,95,5811,0,50
2021-01-09,Aruba,AMRO,72,5883,0,50
2021-01-10,Aruba,AMRO,0,5883,0,50
2021-01-11,Aruba,AMRO,0,5883,0,50
2021-01-12,Aruba,AMRO,159,6042,1,51
2021-01-13,Aruba,AMRO,26,6068,1,52
2021-01-14,Aruba,AMRO,86,6154,0,52
2021-01-15,Aruba,AMRO,74,6228,0,52
2021-01-16,Aruba,AMRO,68,6296,0,52
2021-01-17,Aruba,AMRO,0,6296,0,52
2021-01-18,Aruba,AMRO,0,6296,0,52
2021-01-19,Aruba,AMRO,139,6435,0,52
2021-01-20,Aruba,AMRO,16,6451,0,52
2021-01-21,Aruba,AMRO,72,6523,0,52
2021-01-22,Aruba,AMRO,39,6562,0,52
2021-01-23,Aruba,AMRO,61,6623,0,52
2021-01-24,Aruba,AMRO,0,6623,0,52
2021-01-25,Aruba,AMRO,0,6623,0,52
2021-01-26,Aruba,AMRO,100,6723,4,56
2021-01-27,Aruba,AMRO,19,6742,1,57
2021-01-28,Aruba,AMRO,26,6768,0,57
2021-01-29,Aruba,AMRO,41,6809,1,58
2021-01-30,Aruba,AMRO,49,6858,0,58
2021-01-31,Aruba,AMRO,0,6858,0,58
2021-02-01,Aruba,AMRO,0,6858,0,58
2021-02-02,Aruba,AMRO,108,6966,1,59
2021-02-03,Aruba,AMRO,20,6986,0,59
2021-02-04,Aruba,AMRO,42,7028,0,59
2021-02-05,Aruba,AMRO,55,7083,2,61
2021-02-06,Aruba,AMRO,51,7134,0,61
2021-02-07,Aruba,AMRO,0,7134,0,61
2021-02-08,Aruba,AMRO,0,7134,0,61
2021-02-09,Aruba,AMRO,89,7223,1,62
2021-02-10,Aruba,AMRO,15,7238,2,64
2021-02-11,Aruba,AMRO,48,7286,2,66
2021-02-12,Aruba,AMRO,33,7319,2,68
2021-02-13,Aruba,AMRO,19,7338,0,68
2021-02-14,Aruba,AMRO,0,7338,0,68
2021-02-15,Aruba,AMRO,0,7338,0,68
2021-02-16,Aruba,AMRO,75,7413,0,68
2021-02-17,Aruba,AMRO,25,7438,0,68
2021-02-18,Aruba,AMRO,23,7461,1,69
2021-02-19,Aruba,AMRO,52,7513,0,69
2021-02-20,Aruba,AMRO,40,7553,1,70
2021-02-21,Aruba,AMRO,0,7553,0,70
2021-02-22,Aruba,AMRO,0,7553,0,70
2021-02-23,Aruba,AMRO,121,7674,1,71
2021-02-24,Aruba,AMRO,18,7692,0,71
2021-02-25,Aruba,AMRO,43,7735,0,71
2021-02-26,Aruba,AMRO,40,7775,0,71
2021-02-27,Aruba,AMRO,29,7804,0,71
2021-02-28,Aruba,AMRO,0,7804,0,71
2021-03-01,Aruba,AMRO,0,7804,0,71
2021-03-02,Aruba,AMRO,87,7891,2,73
2021-03-03,Aruba,AMRO,17,7908,1,74
2021-03-04,Aruba,AMRO,30,7938,0,74
2021-03-05,Aruba,AMRO,35,7973,1,75
2021-03-06,Aruba,AMRO,36,8009,0,75
2021-03-07,Aruba,AMRO,0,8009,0,75
2021-03-08,Aruba,AMRO,0,8009,0,75
2021-03-09,Aruba,AMRO,101,8110,2,77
2021-03-10,Aruba,AMRO,17,8127,0,77
2021-03-11,Aruba,AMRO,50,8177,0,77
2021-03-12,Aruba,AMRO,50,8227,0,77
2021-03-13,Aruba,AMRO,45,8272,0,77
2021-03-14,Aruba,AMRO,0,8272,0,77
2021-03-15,Aruba,AMRO,0,8272,0,77
2021-03-16,Aruba,AMRO,123,8395,2,79
2021-03-17,Aruba,AMRO,26,8421,0,79
2021-03-18,Aruba,AMRO,61,8482,1,80
2021-03-19,Aruba,AMRO,69,8551,1,81
2021-03-20,Aruba,AMRO,73,8624,0,81
2021-03-21,Aruba,AMRO,0,8624,0,81
2021-03-22,Aruba,AMRO,0,8624,0,81
2021-03-23,Aruba,AMRO,147,8771,1,82
2021-03-24,Aruba,AMRO,29,8800,0,82
2021-03-25,Aruba,AMRO,102,8902,0,82
2021-03-26,Aruba,AMRO,83,8985,0,82
2021-03-27,Aruba,AMRO,88,9073,0,82
2021-03-28,Aruba,AMRO,0,9073,0,82
2021-03-29,Aruba,AMRO,0,9073,0,82
2021-03-30,Aruba,AMRO,186,9259,0,82
2021-03-31,Aruba,AMRO,35,9294,0,82
2021-04-01,Aruba,AMRO,80,9374,3,85
2021-04-02,Aruba,AMRO,69,9443,1,86
2021-04-03,Aruba,AMRO,60,9503,0,86
2021-04-04,Aruba,AMRO,0,9503,0,86
2021-04-05,Aruba,AMRO,0,9503,0,86
2021-04-06,Aruba,AMRO,0,9503,0,86
2021-04-07,Aruba,AMRO,178,9681,4,90
2021-04-08,Aruba,AMRO,79,9760,1,91
2021-04-09,Aruba,AMRO,74,9834,1,92
2021-04-10,Aruba,AMRO,62,9896,0,92
2021-04-11,Aruba,AMRO,0,9896,0,92
2021-04-12,Aruba,AMRO,0,9896,0,92
2021-04-13,Aruba,AMRO,154,10050,0,92
2021-04-14,Aruba,AMRO,26,10076,0,92
2021-04-15,Aruba,AMRO,46,10122,0,92
2021-04-16,Aruba,AMRO,37,10159,0,92
2021-04-17,Aruba,AMRO,60,10219,0,92
2021-04-18,Aruba,AMRO,0,10219,0,92
2021-04-19,Aruba,AMRO,0,10219,0,92
2021-04-20,Aruba,AMRO,105,10324,0,92
2021-04-21,Aruba,AMRO,21,10345,0,92
2021-04-22,Aruba,AMRO,54,10399,2,94
2021-04-23,Aruba,AMRO,38,10437,0,94
2021-04-24,Aruba,AMRO,32,10469,1,95
2021-04-25,Aruba,AMRO,0,10469,0,95
2021-04-26,Aruba,AMRO,0,10469,0,95
2021-04-27,Aruba,AMRO,69,10538,3,98
2021-04-28,Aruba,AMRO,17,10555,0,98
2021-04-29,Aruba,AMRO,15,10570,0,98
2021-04-30,Aruba,AMRO,15,10585,0,98
2021-05-01,Aruba,AMRO,23,10608,0,98
2021-05-02,Aruba,AMRO,0,10608,0,98
2021-05-03,Aruba,AMRO,0,10608,0,98
2021-05-04,Aruba,AMRO,62,10670,2,100
2021-05-05,Aruba,AMRO,9,10679,0,100
2021-05-06,Aruba,AMRO,0,10679,0,100
2021-05-07,Aruba,AMRO,42,10721,0,100
2021-05-08,Aruba,AMRO,16,10737,0,100
2021-05-09,Aruba,AMRO,0,10737,0,100
2021-05-10,Aruba,AMRO,0,10737,0,100
2021-05-11,Aruba,AMRO,33,10770,1,101
2021-05-12,Aruba,AMRO,11,10781,1,102
2021-05-13,Aruba,AMRO,14,10795,2,104
2021-05-14,Aruba,AMRO,0,10795,0,104
2021-05-15,Aruba,AMRO,31,10826,0,104
2021-05-16,Aruba,AMRO,0,10826,0,104
2021-05-17,Aruba,AMRO,0,10826,0,104
2021-05-18,Aruba,AMRO,28,10854,0,104
2021-05-19,Aruba,AMRO,3,10857,1,105
2021-05-20,Aruba,AMRO,12,10869,0,105
2021-05-21,Aruba,AMRO,10,10879,0,105
2021-05-22,Aruba,AMRO,13,10892,1,106
2021-05-23,Aruba,AMRO,0,10892,0,106
2021-05-24,Aruba,AMRO,0,10892,0,106
2021-05-25,Aruba,AMRO,25,10917,1,107
2021-05-26,Aruba,AMRO,5,10922,0,107
2021-05-27,Aruba,AMRO,14,10936,0,107
2021-05-28,Aruba,AMRO,15,10951,0,107
2021-05-29,Aruba,AMRO,6,10957,0,107
2021-05-30,Aruba,AMRO,0,10957,0,107
2021-01-01,Australia,WPRO,27,28408,0,909
2021-01-02,Australia,WPRO,19,28427,0,909
2021-01-03,Australia,WPRO,35,28462,0,909
2021-01-04,Australia,WPRO,21,28483,0,909
2021-01-05,Australia,WPRO,21,28504,0,909
2021-01-06,Australia,WPRO,15,28519,0,909
2021-01-07,Australia,WPRO,17,28536,0,909
2021-01-08,Australia,WPRO,11,28547,0,909
2021-01-09,Australia,WPRO,24,28571,0,909
2021-01-10,Australia,WPRO,11,28582,0,909
2021-01-11,Australia,WPRO,13,28595,0,909
2021-01-12,Australia,WPRO,19,28614,0,909
2021-01-13,Australia,WPRO,20,28634,0,909
2021-01-14,Australia,WPRO,16,28650,0,909
2021-01-15,Australia,WPRO,8,28658,0,909
2021-01-16,Australia,WPRO,11,28669,0,909
2021-01-17,Australia,WPRO,20,28689,0,909
2021-01-18,Australia,WPRO,19,28708,0,909
2021-01-19,Australia,WPRO,13,28721,0,909
2021-01-20,Australia,WPRO,9,28730,0,909
2021-01-21,Australia,WPRO,10,28740,0,909
2021-01-22,Australia,WPRO,10,28750,0,909
2021-01-23,Australia,WPRO,5,28755,0,909
2021-01-24,Australia,WPRO,6,28761,0,909
2021-01-25,Australia,WPRO,5,28766,0,909
2021-01-26,Australia,WPRO,11,28777,0,909
2021-01-27,Australia,WPRO,3,28780,0,909
2021-01-28,Australia,WPRO,6,28786,0,909
2021-01-29,Australia,WPRO,8,28794,0,909
2021-01-30,Australia,WPRO,6,28800,0,909
2021-01-31,Australia,WPRO,6,28806,0,909
2021-02-01,Australia,WPRO,5,28811,0,909
2021-02-02,Australia,WPRO,7,28818,0,909
2021-02-03,Australia,WPRO,6,28824,0,909
2021-02-04,Australia,WPRO,5,28829,0,909
2021-02-05,Australia,WPRO,9,28838,0,909
2021-02-06,Australia,WPRO,4,28842,0,909
2021-02-07,Australia,WPRO,6,28848,0,909
2021-02-08,Australia,WPRO,2,28850,0,909
2021-02-09,Australia,WPRO,7,28857,0,909
2021-02-10,Australia,WPRO,3,28860,0,909
2021-02-11,Australia,WPRO,11,28871,0,909
2021-02-12,Australia,WPRO,8,28879,0,909
2021-02-13,Australia,WPRO,7,28886,0,909
2021-02-14,Australia,WPRO,6,28892,0,909
2021-02-15,Australia,WPRO,6,28898,0,909
2021-02-16,Australia,WPRO,2,28900,0,909
2021-02-17,Australia,WPRO,5,28905,0,909
2021-02-18,Australia,WPRO,6,28911,0,909
2021-02-19,Australia,WPRO,1,28912,0,909
2021-02-20,Australia,WPRO,6,28918,0,909
2021-02-21,Australia,WPRO,2,28920,0,909
2021-02-22,Australia,WPRO,6,28926,0,909
2021-02-23,Australia,WPRO,4,28930,0,909
2021-02-24,Australia,WPRO,7,28937,0,909
2021-02-25,Australia,WPRO,2,28939,0,909
2021-02-26,Australia,WPRO,8,28947,0,909
2021-02-27,Australia,WPRO,11,28958,0,909
2021-02-28,Australia,WPRO,7,28965,0,909
2021-03-01,Australia,WPRO,5,28970,0,909
2021-03-02,Australia,WPRO,8,28978,0,909
2021-03-03,Australia,WPRO,8,28986,0,909
2021-03-04,Australia,WPRO,10,28996,0,909
2021-03-05,Australia,WPRO,6,29002,0,909
2021-03-06,Australia,WPRO,18,29020,0,909
2021-03-07,Australia,WPRO,10,29030,0,909
2021-03-08,Australia,WPRO,7,29037,0,909
2021-03-09,Australia,WPRO,9,29046,0,909
2021-03-10,Australia,WPRO,15,29061,0,909
2021-03-11,Australia,WPRO,14,29075,0,909
2021-03-12,Australia,WPRO,15,29090,0,909
2021-03-13,Australia,WPRO,12,29102,0,909
2021-03-14,Australia,WPRO,10,29112,0,909
2021-03-15,Australia,WPRO,5,29117,0,909
2021-03-16,Australia,WPRO,13,29130,0,909
2021-03-17,Australia,WPRO,7,29137,0,909
2021-03-18,Australia,WPRO,16,29153,0,909
2021-03-19,Australia,WPRO,13,29166,0,909
2021-03-20,Australia,WPRO,17,29183,0,909
2021-03-21,Australia,WPRO,9,29192,0,909
2021-03-22,Australia,WPRO,4,29196,0,909
2021-03-23,Australia,WPRO,10,29206,0,909
2021-03-24,Australia,WPRO,5,29211,0,909
2021-03-25,Australia,WPRO,9,29220,0,909
2021-03-26,Australia,WPRO,8,29228,0,909
2021-03-27,Australia,WPRO,12,29240,0,909
2021-03-28,Australia,WPRO,12,29252,0,909
2021-03-29,Australia,WPRO,8,29260,0,909
2021-03-30,Australia,WPRO,18,29278,0,909
2021-03-31,Australia,WPRO,18,29296,0,909
2021-04-01,Australia,WPRO,8,29304,0,909
2021-04-02,Australia,WPRO,18,29322,0,909
2021-04-03,Australia,WPRO,13,29335,0,909
2021-04-04,Australia,WPRO,6,29341,0,909
2021-04-05,Australia,WPRO,7,29348,0,909
2021-04-06,Australia,WPRO,9,29357,0,909
2021-04-07,Australia,WPRO,8,29365,0,909
2021-04-08,Australia,WPRO,14,29379,0,909
2021-04-09,Australia,WPRO,6,29385,0,909
2021-04-10,Australia,WPRO,5,29390,0,909
2021-04-11,Australia,WPRO,6,29396,0,909
2021-04-12,Australia,WPRO,9,29405,0,909
2021-04-13,Australia,WPRO,14,29419,0,909
2021-04-14,Australia,WPRO,18,29437,1,910
2021-04-15,Australia,WPRO,14,29451,0,910
2021-04-16,Australia,WPRO,18,29469,0,910
2021-04-17,Australia,WPRO,15,29484,0,910
2021-04-18,Australia,WPRO,21,29505,0,910
2021-04-19,Australia,WPRO,14,29519,0,910
2021-04-20,Australia,WPRO,24,29543,0,910
2021-04-21,Australia,WPRO,16,29559,0,910
2021-04-22,Australia,WPRO,19,29578,0,910
2021-04-23,Australia,WPRO,24,29602,0,910
2021-04-24,Australia,WPRO,37,29639,0,910
2021-04-25,Australia,WPRO,19,29658,0,910
2021-04-26,Australia,WPRO,8,29666,0,910
2021-04-27,Australia,WPRO,29,29695,0,910
2021-04-28,Australia,WPRO,30,29725,0,910
2021-04-29,Australia,WPRO,24,29749,0,910
2021-04-30,Australia,WPRO,30,29779,0,910
2021-05-01,Australia,WPRO,22,29801,0,910
2021-05-02,Australia,WPRO,11,29812,0,910
2021-05-03,Australia,WPRO,14,29826,0,910
2021-05-04,Australia,WPRO,15,29841,0,910
2021-05-05,Australia,WPRO,11,29852,0,910
2021-05-06,Australia,WPRO,13,29865,0,910
2021-05-07,Australia,WPRO,21,29886,0,910
2021-05-08,Australia,WPRO,11,29897,0,910
2021-05-09,Australia,WPRO,9,29906,0,910
2021-05-10,Australia,WPRO,17,29923,0,910
2021-05-11,Australia,WPRO,8,29931,0,910
2021-05-12,Australia,WPRO,8,29939,0,910
2021-05-13,Australia,WPRO,8,29947,0,910
2021-05-14,Australia,WPRO,8,29955,0,910
2021-05-15,Australia,WPRO,2,29957,0,910
2021-05-16,Australia,WPRO,10,29967,0,910
2021-05-17,Australia,WPRO,8,29975,0,910
2021-05-18,Australia,WPRO,3,29978,0,910
2021-05-19,Australia,WPRO,10,29988,0,910
2021-05-20,Australia,WPRO,3,29991,0,910
2021-05-21,Australia,WPRO,6,29997,0,910
2021-05-22,Australia,WPRO,3,30000,0,910
2021-05-23,Australia,WPRO,4,30004,0,910
2021-05-24,Australia,WPRO,7,30011,0,910
2021-05-25,Australia,WPRO,10,30021,0,910
2021-05-26,Australia,WPRO,9,30030,0,910
2021-05-27,Australia,WPRO,18,30048,0,910
2021-05-28,Australia,WPRO,15,30063,0,910
2021-05-29,Australia,WPRO,10,30073,0,910
2021-05-30,Australia,WPRO,10,30083,0,910
2021-01-01,Austria,EURO,2002,360561,58,6413
2021-01-02,Austria,EURO,1592,362153,52,6465
2021-01-03,Austria,EURO,1636,363789,52,6517
2021-01-04,Austria,EURO,1899,365688,42,6559
2021-01-05,Austria,EURO,2294,367982,64,6623
2021-01-06,Austria,EURO,2957,370939,48,6671
2021-01-07,Austria,EURO,2084,373023,53,6724
2021-01-08,Austria,EURO,2002,375025,59,6783
2021-01-09,Austria,EURO,2292,377317,48,6831
2021-01-10,Austria,EURO,1553,378870,31,6862
2021-01-11,Austria,EURO,1387,380257,46,6908
2021-01-12,Austria,EURO,1706,381963,57,6965
2021-01-13,Austria,EURO,2162,384125,56,7021
2021-01-14,Austria,EURO,1657,385782,58,7079
2021-01-15,Austria,EURO,1533,387315,47,7126
2021-01-16,Austria,EURO,1558,388873,52,7178
2021-01-17,Austria,EURO,1324,390197,51,7229
2021-01-18,Austria,EURO,1011,391208,40,7269
2021-01-19,Austria,EURO,1629,392837,51,7320
2021-01-20,Austria,EURO,1656,394493,40,7360
2021-01-21,Austria,EURO,1741,396234,35,7395
2021-01-22,Austria,EURO,1789,398023,53,7448
2021-01-23,Austria,EURO,1450,399473,36,7484
2021-01-24,Austria,EURO,1264,400737,53,7537
2021-01-25,Austria,EURO,947,401684,34,7571
2021-01-26,Austria,EURO,1424,403108,42,7613
2021-01-27,Austria,EURO,1582,404690,47,7660
2021-01-28,Austria,EURO,1471,406161,38,7698
2021-01-29,Austria,EURO,1421,407582,39,7737
2021-01-30,Austria,EURO,1487,409069,44,7781
2021-01-31,Austria,EURO,1099,410168,35,7816
2021-02-01,Austria,EURO,1134,411302,39,7855
2021-02-02,Austria,EURO,1215,412517,38,7893
2021-02-03,Austria,EURO,1642,414159,41,7934
2021-02-04,Austria,EURO,1521,415680,30,7964
2021-02-05,Austria,EURO,1267,416947,29,7993
2021-02-06,Austria,EURO,1368,418315,25,8018
2021-02-07,Austria,EURO,1145,419460,27,8045
2021-02-08,Austria,EURO,999,420459,26,8071
2021-02-09,Austria,EURO,1233,421692,28,8099
2021-02-10,Austria,EURO,1470,423162,29,8128
2021-02-11,Austria,EURO,1668,424830,33,8161
2021-02-12,Austria,EURO,1565,426395,24,8185
2021-02-13,Austria,EURO,1268,427663,24,8209
2021-02-14,Austria,EURO,1171,428834,24,8233
2021-02-15,Austria,EURO,1168,430002,21,8254
2021-02-16,Austria,EURO,1500,431502,25,8279
2021-02-17,Austria,EURO,1658,433160,20,8299
2021-02-18,Austria,EURO,1899,435059,29,8328
2021-02-19,Austria,EURO,1709,436768,21,8349
2021-02-20,Austria,EURO,2093,438861,16,8365
2021-02-21,Austria,EURO,1665,440526,20,8385
2021-02-22,Austria,EURO,1226,441752,22,8407
2021-02-23,Austria,EURO,1898,443650,24,8431
2021-02-24,Austria,EURO,1970,445620,20,8451
2021-02-25,Austria,EURO,2450,448070,18,8469
2021-02-26,Austria,EURO,1897,449967,19,8488
2021-02-27,Austria,EURO,2497,452464,19,8507
2021-02-28,Austria,EURO,2225,454689,23,8530
2021-03-01,Austria,EURO,1403,456092,23,8553
2021-03-02,Austria,EURO,2195,458287,16,8569
2021-03-03,Austria,EURO,2458,460745,16,8585
2021-03-04,Austria,EURO,2400,463145,21,8606
2021-03-05,Austria,EURO,2356,465501,17,8623
2021-03-06,Austria,EURO,2765,468266,18,8641
2021-03-07,Austria,EURO,2252,470518,26,8667
2021-03-08,Austria,EURO,1948,472466,18,8685
2021-03-09,Austria,EURO,2527,474993,18,8703
2021-03-10,Austria,EURO,2417,477410,21,8724
2021-03-11,Austria,EURO,2871,480281,19,8743
2021-03-12,Austria,EURO,3053,483334,24,8767
2021-03-13,Austria,EURO,3033,486367,26,8793
2021-03-14,Austria,EURO,2524,488891,27,8820
2021-03-15,Austria,EURO,1908,490799,25,8845
2021-03-16,Austria,EURO,2759,493558,24,8869
2021-03-17,Austria,EURO,2873,496431,22,8891
2021-03-18,Austria,EURO,3522,499953,32,8923
2021-03-19,Austria,EURO,3220,503173,25,8948
2021-03-20,Austria,EURO,3649,506822,30,8978
2021-03-21,Austria,EURO,2692,509514,19,8997
2021-03-22,Austria,EURO,2439,511953,28,9025
2021-03-23,Austria,EURO,3019,514972,31,9056
2021-03-24,Austria,EURO,3543,518515,18,9074
2021-03-25,Austria,EURO,3446,521961,23,9097
2021-03-26,Austria,EURO,3216,525177,30,9127
2021-03-27,Austria,EURO,3303,528480,26,9153
2021-03-28,Austria,EURO,2645,531125,23,9176
2021-03-29,Austria,EURO,3233,534358,28,9204
2021-03-30,Austria,EURO,2797,537155,30,9234
2021-03-31,Austria,EURO,3136,540291,25,9259
2021-04-01,Austria,EURO,3397,543688,29,9288
2021-04-02,Austria,EURO,3091,546779,30,9318
2021-04-03,Austria,EURO,3306,550085,34,9352
2021-04-04,Austria,EURO,2818,552903,26,9378
2021-04-05,Austria,EURO,2330,555233,39,9417
2021-04-06,Austria,EURO,2009,557242,28,9445
2021-04-07,Austria,EURO,2851,560093,22,9467
2021-04-08,Austria,EURO,2871,562964,38,9505
2021-04-09,Austria,EURO,2515,565479,31,9536
2021-04-10,Austria,EURO,3454,568933,36,9572
2021-04-11,Austria,EURO,1966,570899,25,9597
2021-04-12,Austria,EURO,2059,572958,26,9623
2021-04-13,Austria,EURO,2241,575199,28,9651
2021-04-14,Austria,EURO,3181,578380,29,9680
2021-04-15,Austria,EURO,2736,581116,32,9712
2021-04-16,Austria,EURO,2368,583484,25,9737
2021-04-17,Austria,EURO,2368,585852,28,9765
2021-04-18,Austria,EURO,2037,587889,32,9797
2021-04-19,Austria,EURO,2014,589903,23,9820
2021-04-20,Austria,EURO,2100,592003,21,9841
2021-04-21,Austria,EURO,2527,594530,42,9883
2021-04-22,Austria,EURO,2618,597148,18,9901
2021-04-23,Austria,EURO,2484,599632,27,9928
2021-04-24,Austria,EURO,1974,601606,13,9941
2021-04-25,Austria,EURO,1899,603505,23,9964
2021-04-26,Austria,EURO,1589,605094,16,9980
2021-04-27,Austria,EURO,1917,607011,22,10002
2021-04-28,Austria,EURO,2278,609289,21,10023
2021-04-29,Austria,EURO,2156,611445,27,10050
2021-04-30,Austria,EURO,2120,613565,21,10071
2021-05-01,Austria,EURO,1667,615232,15,10086
2021-05-02,Austria,EURO,1537,616769,25,10111
2021-05-03,Austria,EURO,1107,617876,25,10136
2021-05-04,Austria,EURO,1446,619322,16,10152
2021-05-05,Austria,EURO,1726,621048,21,10173
2021-05-06,Austria,EURO,1393,622441,14,10187
2021-05-07,Austria,EURO,1383,623824,16,10203
2021-05-08,Austria,EURO,1155,624979,18,10221
2021-05-09,Austria,EURO,1063,626042,9,10230
2021-05-10,Austria,EURO,744,626786,17,10247
2021-05-11,Austria,EURO,926,627712,16,10263
2021-05-12,Austria,EURO,1158,628870,6,10269
2021-05-13,Austria,EURO,998,629868,22,10291
2021-05-14,Austria,EURO,848,630716,11,10302
2021-05-15,Austria,EURO,640,631356,6,10308
2021-05-16,Austria,EURO,687,632043,12,10320
2021-05-17,Austria,EURO,521,632564,9,10329
2021-05-18,Austria,EURO,640,633204,8,10337
2021-05-19,Austria,EURO,844,634048,12,10349
2021-05-20,Austria,EURO,611,634659,2,10351
2021-05-21,Austria,EURO,661,635320,6,10357
2021-05-22,Austria,EURO,569,635889,10,10367
2021-05-23,Austria,EURO,510,636399,8,10375
2021-05-24,Austria,EURO,349,636748,9,10384
2021-05-25,Austria,EURO,407,637155,5,10389
2021-05-26,Austria,EURO,487,637642,6,10395
2021-05-27,Austria,EURO,609,638251,9,10404
2021-05-28,Austria,EURO,538,638789,6,10410
2021-05-29,Austria,EURO,423,639212,8,10418
2021-05-30,Austria,EURO,386,639598,5,10423
2021-01-01,Azerbaijan,EURO,1052,217636,34,2609
2021-01-02,Azerbaijan,EURO,1064,218700,32,2641
2021-01-03,Azerbaijan,EURO,341,219041,29,2670
2021-01-04,Azerbaijan,EURO,421,219462,33,2703
2021-01-05,Azerbaijan,EURO,803,220265,30,2733
2021-01-06,Azerbaijan,EURO,334,220599,28,2761
2021-01-07,Azerbaijan,EURO,802,221401,31,2792
2021-01-08,Azerbaijan,EURO,799,222200,26,2818
2021-01-09,Azerbaijan,EURO,685,222885,27,2845
2021-01-10,Azerbaijan,EURO,532,223417,24,2869
2021-01-11,Azerbaijan,EURO,633,224050,21,2890
2021-01-12,Azerbaijan,EURO,601,224651,19,2909
2021-01-13,Azerbaijan,EURO,176,224827,17,2926
2021-01-14,Azerbaijan,EURO,519,225346,15,2941
2021-01-15,Azerbaijan,EURO,474,225820,16,2957
2021-01-16,Azerbaijan,EURO,380,226200,14,2971
2021-01-17,Azerbaijan,EURO,349,226549,12,2983
2021-01-18,Azerbaijan,EURO,402,226951,15,2998
2021-01-19,Azerbaijan,EURO,322,227273,11,3009
2021-01-20,Azerbaijan,EURO,118,227391,13,3022
2021-01-21,Azerbaijan,EURO,305,227696,10,3032
2021-01-22,Azerbaijan,EURO,332,228028,12,3044
2021-01-23,Azerbaijan,EURO,218,228246,9,3053
2021-01-24,Azerbaijan,EURO,280,228526,11,3064
2021-01-25,Azerbaijan,EURO,162,228688,8,3072
2021-01-26,Azerbaijan,EURO,287,228975,10,3082
2021-01-27,Azerbaijan,EURO,57,229032,11,3093
2021-01-28,Azerbaijan,EURO,326,229358,7,3100
2021-01-29,Azerbaijan,EURO,226,229584,5,3105
2021-01-30,Azerbaijan,EURO,209,229793,8,3113
2021-01-31,Azerbaijan,EURO,142,229935,6,3119
2021-02-01,Azerbaijan,EURO,131,230066,7,3126
2021-02-02,Azerbaijan,EURO,153,230219,6,3132
2021-02-03,Azerbaijan,EURO,77,230296,4,3136
2021-02-04,Azerbaijan,EURO,159,230455,5,3141
2021-02-05,Azerbaijan,EURO,162,230617,4,3145
2021-02-06,Azerbaijan,EURO,152,230769,3,3148
2021-02-07,Azerbaijan,EURO,138,230907,5,3153
2021-02-08,Azerbaijan,EURO,115,231022,3,3156
2021-02-09,Azerbaijan,EURO,132,231154,2,3158
2021-02-10,Azerbaijan,EURO,44,231198,3,3161
2021-02-11,Azerbaijan,EURO,164,231362,2,3163
2021-02-12,Azerbaijan,EURO,147,231509,4,3167
2021-02-13,Azerbaijan,EURO,140,231649,3,3170
2021-02-14,Azerbaijan,EURO,191,231840,3,3173
2021-02-15,Azerbaijan,EURO,155,231995,5,3178
2021-02-16,Azerbaijan,EURO,128,232123,2,3180
2021-02-17,Azerbaijan,EURO,74,232197,3,3183
2021-02-18,Azerbaijan,EURO,140,232337,2,3185
2021-02-19,Azerbaijan,EURO,154,232491,2,3187
2021-02-20,Azerbaijan,EURO,145,232636,3,3190
2021-02-21,Azerbaijan,EURO,193,232829,3,3193
2021-02-22,Azerbaijan,EURO,144,232973,2,3195
2021-02-23,Azerbaijan,EURO,156,233129,3,3198
2021-02-24,Azerbaijan,EURO,72,233201,4,3202
2021-02-25,Azerbaijan,EURO,223,233424,2,3204
2021-02-26,Azerbaijan,EURO,220,233644,2,3206
2021-02-27,Azerbaijan,EURO,126,233770,3,3209
2021-02-28,Azerbaijan,EURO,219,233989,4,3213
2021-03-01,Azerbaijan,EURO,278,234267,5,3218
2021-03-02,Azerbaijan,EURO,270,234537,2,3220
2021-03-03,Azerbaijan,EURO,477,235014,5,3225
2021-03-04,Azerbaijan,EURO,319,235333,5,3230
2021-03-05,Azerbaijan,EURO,314,235647,2,3232
2021-03-06,Azerbaijan,EURO,365,236012,3,3235
2021-03-07,Azerbaijan,EURO,353,236365,3,3238
2021-03-08,Azerbaijan,EURO,403,236768,3,3241
2021-03-09,Azerbaijan,EURO,195,236963,6,3247
2021-03-10,Azerbaijan,EURO,297,237260,3,3250
2021-03-11,Azerbaijan,EURO,515,237775,7,3257
2021-03-12,Azerbaijan,EURO,608,238383,5,3262
2021-03-13,Azerbaijan,EURO,576,238959,6,3268
2021-03-14,Azerbaijan,EURO,733,239692,8,3276
2021-03-15,Azerbaijan,EURO,603,240295,6,3282
2021-03-16,Azerbaijan,EURO,376,240671,4,3286
2021-03-17,Azerbaijan,EURO,980,241651,12,3298
2021-03-18,Azerbaijan,EURO,840,242491,9,3307
2021-03-19,Azerbaijan,EURO,933,243424,7,3314
2021-03-20,Azerbaijan,EURO,879,244303,11,3325
2021-03-21,Azerbaijan,EURO,1187,245490,14,3339
2021-03-22,Azerbaijan,EURO,814,246304,12,3351
2021-03-23,Azerbaijan,EURO,670,246974,15,3366
2021-03-24,Azerbaijan,EURO,1333,248307,18,3384
2021-03-25,Azerbaijan,EURO,1185,249492,20,3404
2021-03-26,Azerbaijan,EURO,1429,250921,17,3421
2021-03-27,Azerbaijan,EURO,1759,252680,24,3445
2021-03-28,Azerbaijan,EURO,1690,254370,19,3464
2021-03-29,Azerbaijan,EURO,1831,256201,27,3491
2021-03-30,Azerbaijan,EURO,1129,257330,22,3513
2021-03-31,Azerbaijan,EURO,2146,259476,25,3538
2021-04-01,Azerbaijan,EURO,2237,261713,29,3567
2021-04-02,Azerbaijan,EURO,2248,263961,26,3593
2021-04-03,Azerbaijan,EURO,2361,266322,24,3617
2021-04-04,Azerbaijan,EURO,2392,268714,31,3648
2021-04-05,Azerbaijan,EURO,2021,270735,29,3677
2021-04-06,Azerbaijan,EURO,1099,271834,34,3711
2021-04-07,Azerbaijan,EURO,2035,273869,32,3743
2021-04-08,Azerbaijan,EURO,2595,276464,37,3780
2021-04-09,Azerbaijan,EURO,2717,279181,31,3811
2021-04-10,Azerbaijan,EURO,2206,281387,35,3846
2021-04-11,Azerbaijan,EURO,2192,283579,33,3879
2021-04-12,Azerbaijan,EURO,2414,285993,36,3915
2021-04-13,Azerbaijan,EURO,1151,287144,29,3944
2021-04-14,Azerbaijan,EURO,2457,289601,34,3978
2021-04-15,Azerbaijan,EURO,2293,291894,31,4009
2021-04-16,Azerbaijan,EURO,2317,294211,36,4045
2021-04-17,Azerbaijan,EURO,2163,296374,32,4077
2021-04-18,Azerbaijan,EURO,2148,298522,30,4107
2021-04-19,Azerbaijan,EURO,2144,300666,33,4140
2021-04-20,Azerbaijan,EURO,995,301661,29,4169
2021-04-21,Azerbaijan,EURO,2197,303858,34,4203
2021-04-22,Azerbaijan,EURO,2075,305933,32,4235
2021-04-23,Azerbaijan,EURO,2047,307980,39,4274
2021-04-24,Azerbaijan,EURO,1809,309789,33,4307
2021-04-25,Azerbaijan,EURO,1676,311465,35,4342
2021-04-26,Azerbaijan,EURO,1541,313006,29,4371
2021-04-27,Azerbaijan,EURO,806,313812,31,4402
2021-04-28,Azerbaijan,EURO,1307,315119,27,4429
2021-04-29,Azerbaijan,EURO,1402,316521,32,4461
2021-04-30,Azerbaijan,EURO,1392,317913,29,4490
2021-05-01,Azerbaijan,EURO,1196,319109,27,4517
2021-05-02,Azerbaijan,EURO,1213,320322,21,4538
2021-05-03,Azerbaijan,EURO,1058,321380,23,4561
2021-05-04,Azerbaijan,EURO,0,321380,0,4561
2021-05-05,Azerbaijan,EURO,1381,322761,36,4597
2021-05-06,Azerbaijan,EURO,1080,323841,20,4617
2021-05-07,Azerbaijan,EURO,844,324685,18,4635
2021-05-08,Azerbaijan,EURO,722,325407,15,4650
2021-05-09,Azerbaijan,EURO,649,326056,16,4666
2021-05-10,Azerbaijan,EURO,660,326716,14,4680
2021-05-11,Azerbaijan,EURO,371,327087,18,4698
2021-05-12,Azerbaijan,EURO,514,327601,15,4713
2021-05-13,Azerbaijan,EURO,558,328159,13,4726
2021-05-14,Azerbaijan,EURO,509,328668,16,4742
2021-05-15,Azerbaijan,EURO,326,328994,12,4754
2021-05-16,Azerbaijan,EURO,377,329371,14,4768
2021-05-17,Azerbaijan,EURO,472,329843,11,4779
2021-05-18,Azerbaijan,EURO,426,330269,13,4792
2021-05-19,Azerbaijan,EURO,432,330701,10,4802
2021-05-20,Azerbaijan,EURO,339,331040,12,4814
2021-05-21,Azerbaijan,EURO,437,331477,14,4828
2021-05-22,Azerbaijan,EURO,406,331883,11,4839
2021-05-23,Azerbaijan,EURO,352,332235,12,4851
2021-05-24,Azerbaijan,EURO,219,332454,9,4860
2021-05-25,Azerbaijan,EURO,156,332610,7,4867
2021-05-26,Azerbaijan,EURO,284,332894,10,4877
2021-05-27,Azerbaijan,EURO,203,333097,8,4885
2021-05-28,Azerbaijan,EURO,220,333317,6,4891
2021-05-29,Azerbaijan,EURO,242,333559,5,4896
2021-05-30,Azerbaijan,EURO,164,333723,7,4903
2021-01-01,Bahamas,AMRO,14,7871,0,170
2021-01-02,Bahamas,AMRO,16,7887,1,171
2021-01-03,Bahamas,AMRO,12,7899,0,171
2021-01-04,Bahamas,AMRO,15,7914,4,175
2021-01-05,Bahamas,AMRO,10,7924,0,175
2021-01-06,Bahamas,AMRO,4,7928,0,175
2021-01-07,Bahamas,AMRO,17,7945,0,175
2021-01-08,Bahamas,AMRO,14,7959,0,175
2021-01-09,Bahamas,AMRO,10,7969,0,175
2021-01-10,Bahamas,AMRO,8,7977,0,175
2021-01-11,Bahamas,AMRO,18,7995,0,175
2021-01-12,Bahamas,AMRO,9,8004,0,175
2021-01-13,Bahamas,AMRO,0,8004,0,175
2021-01-14,Bahamas,AMRO,0,8004,0,175
2021-01-15,Bahamas,AMRO,17,8021,0,175
2021-01-16,Bahamas,AMRO,11,8032,0,175
2021-01-17,Bahamas,AMRO,0,8032,0,175
2021-01-18,Bahamas,AMRO,0,8032,0,175
2021-01-19,Bahamas,AMRO,35,8067,0,175
2021-01-20,Bahamas,AMRO,1,8068,0,175
2021-01-21,Bahamas,AMRO,7,8075,0,175
2021-01-22,Bahamas,AMRO,13,8088,0,175
2021-01-23,Bahamas,AMRO,13,8101,0,175
2021-01-24,Bahamas,AMRO,9,8110,0,175
2021-01-25,Bahamas,AMRO,17,8127,0,175
2021-01-26,Bahamas,AMRO,6,8133,0,175
2021-01-27,Bahamas,AMRO,7,8140,0,175
2021-01-28,Bahamas,AMRO,21,8161,0,175
2021-01-29,Bahamas,AMRO,6,8167,0,175
2021-01-30,Bahamas,AMRO,0,8167,0,175
2021-01-31,Bahamas,AMRO,7,8174,1,176
2021-02-01,Bahamas,AMRO,9,8183,0,176
2021-02-02,Bahamas,AMRO,24,8207,0,176
2021-02-03,Bahamas,AMRO,18,8225,0,176
2021-02-04,Bahamas,AMRO,6,8231,0,176
2021-02-05,Bahamas,AMRO,16,8247,0,176
2021-02-06,Bahamas,AMRO,9,8256,0,176
2021-02-07,Bahamas,AMRO,14,8270,0,176
2021-02-08,Bahamas,AMRO,17,8287,0,176
2021-02-09,Bahamas,AMRO,2,8289,0,176
2021-02-10,Bahamas,AMRO,2,8291,0,176
2021-02-11,Bahamas,AMRO,41,8332,2,178
2021-02-12,Bahamas,AMRO,0,8332,0,178
2021-02-13,Bahamas,AMRO,27,8359,1,179
2021-02-14,Bahamas,AMRO,11,8370,0,179
2021-02-15,Bahamas,AMRO,6,8376,0,179
2021-02-16,Bahamas,AMRO,0,8376,0,179
2021-02-17,Bahamas,AMRO,17,8393,0,179
2021-02-18,Bahamas,AMRO,0,8393,0,179
2021-02-19,Bahamas,AMRO,26,8419,0,179
2021-02-20,Bahamas,AMRO,0,8419,0,179
2021-02-21,Bahamas,AMRO,0,8419,0,179
2021-02-22,Bahamas,AMRO,0,8419,0,179
2021-02-23,Bahamas,AMRO,52,8471,0,179
2021-02-24,Bahamas,AMRO,6,8477,0,179
2021-02-25,Bahamas,AMRO,19,8496,0,179
2021-02-26,Bahamas,AMRO,11,8507,0,179
2021-02-27,Bahamas,AMRO,12,8519,0,179
2021-02-28,Bahamas,AMRO,23,8542,1,180
2021-03-01,Bahamas,AMRO,9,8551,0,180
2021-03-02,Bahamas,AMRO,7,8558,0,180
2021-03-03,Bahamas,AMRO,6,8564,0,180
2021-03-04,Bahamas,AMRO,9,8573,1,181
2021-03-05,Bahamas,AMRO,27,8600,0,181
2021-03-06,Bahamas,AMRO,9,8609,0,181
2021-03-07,Bahamas,AMRO,7,8616,1,182
2021-03-08,Bahamas,AMRO,13,8629,0,182
2021-03-09,Bahamas,AMRO,12,8641,1,183
2021-03-10,Bahamas,AMRO,1,8642,2,185
2021-03-11,Bahamas,AMRO,16,8658,0,185
2021-03-12,Bahamas,AMRO,22,8680,0,185
2021-03-13,Bahamas,AMRO,20,8700,0,185
2021-03-14,Bahamas,AMRO,22,8722,0,185
2021-03-15,Bahamas,AMRO,27,8749,1,186
2021-03-16,Bahamas,AMRO,16,8765,0,186
2021-03-17,Bahamas,AMRO,11,8776,0,186
2021-03-18,Bahamas,AMRO,25,8801,0,186
2021-03-19,Bahamas,AMRO,19,8820,0,186
2021-03-20,Bahamas,AMRO,23,8843,0,186
2021-03-21,Bahamas,AMRO,41,8884,0,186
2021-03-22,Bahamas,AMRO,25,8909,2,188
2021-03-23,Bahamas,AMRO,14,8923,0,188
2021-03-24,Bahamas,AMRO,12,8935,0,188
2021-03-25,Bahamas,AMRO,18,8953,0,188
2021-03-26,Bahamas,AMRO,33,8986,0,188
2021-03-27,Bahamas,AMRO,14,9000,0,188
2021-03-28,Bahamas,AMRO,34,9034,0,188
2021-03-29,Bahamas,AMRO,42,9076,0,188
2021-03-30,Bahamas,AMRO,15,9091,0,188
2021-03-31,Bahamas,AMRO,28,9119,0,188
2021-04-01,Bahamas,AMRO,22,9141,0,188
2021-04-02,Bahamas,AMRO,30,9171,0,188
2021-04-03,Bahamas,AMRO,28,9199,1,189
2021-04-04,Bahamas,AMRO,35,9234,-1,188
2021-04-05,Bahamas,AMRO,16,9250,0,188
2021-04-06,Bahamas,AMRO,13,9263,1,189
2021-04-07,Bahamas,AMRO,7,9270,0,189
2021-04-08,Bahamas,AMRO,26,9296,0,189
2021-04-09,Bahamas,AMRO,43,9339,0,189
2021-04-10,Bahamas,AMRO,25,9364,0,189
2021-04-11,Bahamas,AMRO,53,9417,0,189
2021-04-12,Bahamas,AMRO,22,9439,0,189
2021-04-13,Bahamas,AMRO,21,9460,1,190
2021-04-14,Bahamas,AMRO,45,9505,0,190
2021-04-15,Bahamas,AMRO,58,9563,1,191
2021-04-16,Bahamas,AMRO,30,9593,2,193
2021-04-17,Bahamas,AMRO,41,9634,1,194
2021-04-18,Bahamas,AMRO,62,9696,0,194
2021-04-19,Bahamas,AMRO,40,9736,0,194
2021-04-20,Bahamas,AMRO,55,9791,0,194
2021-04-21,Bahamas,AMRO,9,9800,0,194
2021-04-22,Bahamas,AMRO,0,9800,0,194
2021-04-23,Bahamas,AMRO,0,9800,0,194
2021-04-24,Bahamas,AMRO,176,9976,2,196
2021-04-25,Bahamas,AMRO,74,10050,0,196
2021-04-26,Bahamas,AMRO,0,10050,1,197
2021-04-27,Bahamas,AMRO,170,10220,1,198
2021-04-28,Bahamas,AMRO,63,10283,0,198
2021-04-29,Bahamas,AMRO,66,10349,0,198
2021-04-30,Bahamas,AMRO,40,10389,0,198
2021-05-01,Bahamas,AMRO,64,10453,1,199
2021-05-02,Bahamas,AMRO,0,10453,0,199
2021-05-03,Bahamas,AMRO,96,10549,0,199
2021-05-04,Bahamas,AMRO,53,10602,12,211
2021-05-05,Bahamas,AMRO,57,10659,0,211
2021-05-06,Bahamas,AMRO,0,10659,0,211
2021-05-07,Bahamas,AMRO,52,10711,0,211
2021-05-08,Bahamas,AMRO,62,10773,1,212
2021-05-09,Bahamas,AMRO,0,10773,0,212
2021-05-10,Bahamas,AMRO,89,10862,0,212
2021-05-11,Bahamas,AMRO,46,10908,2,214
2021-05-12,Bahamas,AMRO,25,10933,0,214
2021-05-13,Bahamas,AMRO,33,10966,1,215
2021-05-14,Bahamas,AMRO,58,11024,1,216
2021-05-15,Bahamas,AMRO,110,11134,2,218
2021-05-16,Bahamas,AMRO,50,11184,2,220
2021-05-17,Bahamas,AMRO,0,11184,0,220
2021-05-18,Bahamas,AMRO,94,11278,1,221
2021-05-19,Bahamas,AMRO,43,11321,0,221
2021-05-20,Bahamas,AMRO,0,11321,0,221
2021-05-21,Bahamas,AMRO,75,11396,1,222
2021-05-22,Bahamas,AMRO,54,11450,2,224
2021-05-23,Bahamas,AMRO,49,11499,1,225
2021-05-24,Bahamas,AMRO,52,11551,1,226
2021-05-25,Bahamas,AMRO,28,11579,0,226
2021-05-26,Bahamas,AMRO,18,11597,0,226
2021-05-27,Bahamas,AMRO,25,11622,0,226
2021-05-28,Bahamas,AMRO,62,11684,3,229
2021-05-29,Bahamas,AMRO,61,11745,0,229
2021-05-30,Bahamas,AMRO,15,11760,1,230
2021-01-01,Bahrain,EMRO,250,92675,0,352
2021-01-02,Bahrain,EMRO,238,92913,0,352
2021-01-03,Bahrain,EMRO,271,93184,0,352
2021-01-04,Bahrain,EMRO,294,93478,0,352
2021-01-05,Bahrain,EMRO,288,93766,0,352
2021-01-06,Bahrain,EMRO,229,93995,0,352
2021-01-07,Bahrain,EMRO,289,94284,1,353
2021-01-08,Bahrain,EMRO,349,94633,0,353
2021-01-09,Bahrain,EMRO,397,95030,1,354
2021-01-10,Bahrain,EMRO,287,95317,1,355
2021-01-11,Bahrain,EMRO,241,95558,1,356
2021-01-12,Bahrain,EMRO,321,95879,0,356
2021-01-13,Bahrain,EMRO,316,96195,0,356
2021-01-14,Bahrain,EMRO,275,96470,0,356
2021-01-15,Bahrain,EMRO,342,96812,0,356
2021-01-16,Bahrain,EMRO,209,97021,1,357
2021-01-17,Bahrain,EMRO,247,97268,1,358
2021-01-18,Bahrain,EMRO,339,97607,2,360
2021-01-19,Bahrain,EMRO,333,97940,0,360
2021-01-20,Bahrain,EMRO,320,98260,2,362
2021-01-21,Bahrain,EMRO,313,98573,4,366
2021-01-22,Bahrain,EMRO,305,98878,0,366
2021-01-23,Bahrain,EMRO,332,99210,0,366
2021-01-24,Bahrain,EMRO,246,99456,1,367
2021-01-25,Bahrain,EMRO,361,99817,0,367
2021-01-26,Bahrain,EMRO,413,100230,2,369
2021-01-27,Bahrain,EMRO,459,100689,1,370
2021-01-28,Bahrain,EMRO,427,101116,1,371
2021-01-29,Bahrain,EMRO,387,101503,1,372
2021-01-30,Bahrain,EMRO,468,101971,0,372
2021-01-31,Bahrain,EMRO,655,102626,0,372
2021-02-01,Bahrain,EMRO,431,103057,3,375
2021-02-02,Bahrain,EMRO,525,103582,1,376
2021-02-03,Bahrain,EMRO,657,104239,0,376
2021-02-04,Bahrain,EMRO,553,104792,0,376
2021-02-05,Bahrain,EMRO,704,105496,1,377
2021-02-06,Bahrain,EMRO,702,106198,0,377
2021-02-07,Bahrain,EMRO,515,106713,2,379
2021-02-08,Bahrain,EMRO,616,107329,1,380
2021-02-09,Bahrain,EMRO,719,108048,3,383
2021-02-10,Bahrain,EMRO,759,108807,4,387
2021-02-11,Bahrain,EMRO,797,109604,4,391
2021-02-12,Bahrain,EMRO,812,110416,2,393
2021-02-13,Bahrain,EMRO,896,111312,2,395
2021-02-14,Bahrain,EMRO,790,112102,3,398
2021-02-15,Bahrain,EMRO,640,112742,5,403
2021-02-16,Bahrain,EMRO,848,113590,3,406
2021-02-17,Bahrain,EMRO,771,114361,4,410
2021-02-18,Bahrain,EMRO,696,115057,0,410
2021-02-19,Bahrain,EMRO,648,115705,4,414
2021-02-20,Bahrain,EMRO,777,116482,4,418
2021-02-21,Bahrain,EMRO,752,117234,2,420
2021-02-22,Bahrain,EMRO,575,117809,3,423
2021-02-23,Bahrain,EMRO,721,118530,6,429
2021-02-24,Bahrain,EMRO,675,119205,4,433
2021-02-25,Bahrain,EMRO,653,119858,4,437
2021-02-26,Bahrain,EMRO,637,120495,2,439
2021-02-27,Bahrain,EMRO,632,121127,3,442
2021-02-28,Bahrain,EMRO,651,121778,2,444
2021-03-01,Bahrain,EMRO,617,122395,5,449
2021-03-02,Bahrain,EMRO,644,123039,3,452
2021-03-03,Bahrain,EMRO,492,123531,1,453
2021-03-04,Bahrain,EMRO,738,124269,5,458
2021-03-05,Bahrain,EMRO,588,124857,4,462
2021-03-06,Bahrain,EMRO,657,125514,6,468
2021-03-07,Bahrain,EMRO,612,126126,1,469
2021-03-08,Bahrain,EMRO,476,126602,3,472
2021-03-09,Bahrain,EMRO,653,127255,1,473
2021-03-10,Bahrain,EMRO,545,127800,1,474
2021-03-11,Bahrain,EMRO,628,128428,2,476
2021-03-12,Bahrain,EMRO,653,129081,2,478
2021-03-13,Bahrain,EMRO,744,129825,2,480
2021-03-14,Bahrain,EMRO,579,130404,1,481
2021-03-15,Bahrain,EMRO,597,131001,3,484
2021-03-16,Bahrain,EMRO,682,131683,1,485
2021-03-17,Bahrain,EMRO,686,132369,2,487
2021-03-18,Bahrain,EMRO,768,133137,2,489
2021-03-19,Bahrain,EMRO,642,133779,2,491
2021-03-20,Bahrain,EMRO,731,134510,2,493
2021-03-21,Bahrain,EMRO,816,135326,5,498
2021-03-22,Bahrain,EMRO,656,135982,2,500
2021-03-23,Bahrain,EMRO,759,136741,2,502
2021-03-24,Bahrain,EMRO,809,137550,1,503
2021-03-25,Bahrain,EMRO,733,138283,4,507
2021-03-26,Bahrain,EMRO,841,139124,1,508
2021-03-27,Bahrain,EMRO,829,139953,4,512
2021-03-28,Bahrain,EMRO,865,140818,1,513
2021-03-29,Bahrain,EMRO,1027,141845,0,513
2021-03-30,Bahrain,EMRO,824,142669,2,515
2021-03-31,Bahrain,EMRO,905,143574,2,517
2021-04-01,Bahrain,EMRO,871,144445,4,521
2021-04-02,Bahrain,EMRO,935,145380,2,523
2021-04-03,Bahrain,EMRO,1074,146454,4,527
2021-04-04,Bahrain,EMRO,1316,147770,4,531
2021-04-05,Bahrain,EMRO,1047,148817,5,536
2021-04-06,Bahrain,EMRO,974,149791,5,541
2021-04-07,Bahrain,EMRO,1020,150811,4,545
2021-04-08,Bahrain,EMRO,1120,151931,2,547
2021-04-09,Bahrain,EMRO,1143,153074,1,548
2021-04-10,Bahrain,EMRO,1206,154280,2,550
2021-04-11,Bahrain,EMRO,1122,155402,4,554
2021-04-12,Bahrain,EMRO,1060,156462,3,557
2021-04-13,Bahrain,EMRO,1267,157729,5,562
2021-04-14,Bahrain,EMRO,1060,158789,4,566
2021-04-15,Bahrain,EMRO,1175,159964,3,569
2021-04-16,Bahrain,EMRO,970,160934,5,574
2021-04-17,Bahrain,EMRO,1155,162089,7,581
2021-04-18,Bahrain,EMRO,1024,163113,7,588
2021-04-19,Bahrain,EMRO,997,164110,6,594
2021-04-20,Bahrain,EMRO,1008,165118,6,600
2021-04-21,Bahrain,EMRO,1039,166157,5,605
2021-04-22,Bahrain,EMRO,1008,167165,2,607
2021-04-23,Bahrain,EMRO,1036,168201,7,614
2021-04-24,Bahrain,EMRO,1053,169254,3,617
2021-04-25,Bahrain,EMRO,1081,170335,3,620
2021-04-26,Bahrain,EMRO,1035,171370,4,624
2021-04-27,Bahrain,EMRO,1206,172576,1,625
2021-04-28,Bahrain,EMRO,972,173548,1,626
2021-04-29,Bahrain,EMRO,1147,174695,6,632
2021-04-30,Bahrain,EMRO,1057,175752,7,639
2021-05-01,Bahrain,EMRO,1182,176934,7,646
2021-05-02,Bahrain,EMRO,1063,177997,2,648
2021-05-03,Bahrain,EMRO,1300,179297,3,651
2021-05-04,Bahrain,EMRO,1165,180462,6,657
2021-05-05,Bahrain,EMRO,1418,181880,5,662
2021-05-06,Bahrain,EMRO,1450,183330,2,664
2021-05-07,Bahrain,EMRO,1367,184697,6,670
2021-05-08,Bahrain,EMRO,1706,186403,4,674
2021-05-09,Bahrain,EMRO,1502,187905,4,678
2021-05-10,Bahrain,EMRO,1451,189356,7,685
2021-05-11,Bahrain,EMRO,1662,191018,6,691
2021-05-12,Bahrain,EMRO,1732,192750,6,697
2021-05-13,Bahrain,EMRO,1539,194289,8,705
2021-05-14,Bahrain,EMRO,1816,196105,10,715
2021-05-15,Bahrain,EMRO,1369,197474,17,732
2021-05-16,Bahrain,EMRO,1619,199093,5,737
2021-05-17,Bahrain,EMRO,1884,200977,9,746
2021-05-18,Bahrain,EMRO,1579,202556,6,752
2021-05-19,Bahrain,EMRO,1968,204524,13,765
2021-05-20,Bahrain,EMRO,2354,206878,8,773
2021-05-21,Bahrain,EMRO,2415,209293,7,780
2021-05-22,Bahrain,EMRO,2858,212151,14,794
2021-05-23,Bahrain,EMRO,2719,214870,15,809
2021-05-24,Bahrain,EMRO,3177,218047,11,820
2021-05-25,Bahrain,EMRO,2800,220847,28,848
2021-05-26,Bahrain,EMRO,2766,223613,18,866
2021-05-27,Bahrain,EMRO,2803,226416,16,882
2021-05-28,Bahrain,EMRO,3051,229467,20,902
2021-05-29,Bahrain,EMRO,2957,232424,21,923
2021-05-30,Bahrain,EMRO,3275,235699,16,939
2021-01-01,Bangladesh,SEARO,990,514500,17,7576
2021-01-02,Bangladesh,SEARO,684,515184,23,7599
2021-01-03,Bangladesh,SEARO,835,516019,27,7626
2021-01-04,Bangladesh,SEARO,910,516929,24,7650
2021-01-05,Bangladesh,SEARO,991,517920,20,7670
2021-01-06,Bangladesh,SEARO,978,518898,17,7687
2021-01-07,Bangladesh,SEARO,1007,519905,31,7718
2021-01-08,Bangladesh,SEARO,785,520690,16,7734
2021-01-09,Bangladesh,SEARO,692,521382,22,7756
2021-01-10,Bangladesh,SEARO,1071,522453,25,7781
2021-01-11,Bangladesh,SEARO,849,523302,22,7803
2021-01-12,Bangladesh,SEARO,718,524020,16,7819
2021-01-13,Bangladesh,SEARO,890,524910,14,7833
2021-01-14,Bangladesh,SEARO,813,525723,16,7849
2021-01-15,Bangladesh,SEARO,762,526485,13,7862
2021-01-16,Bangladesh,SEARO,578,527063,21,7883
2021-01-17,Bangladesh,SEARO,569,527632,23,7906
2021-01-18,Bangladesh,SEARO,697,528329,16,7922
2021-01-19,Bangladesh,SEARO,702,529031,20,7942
2021-01-20,Bangladesh,SEARO,656,529687,8,7950
2021-01-21,Bangladesh,SEARO,584,530271,16,7966
2021-01-22,Bangladesh,SEARO,619,530890,15,7981
2021-01-23,Bangladesh,SEARO,436,531326,22,8003
2021-01-24,Bangladesh,SEARO,473,531799,20,8023
2021-01-25,Bangladesh,SEARO,602,532401,18,8041
2021-01-26,Bangladesh,SEARO,515,532916,14,8055
2021-01-27,Bangladesh,SEARO,528,533444,17,8072
2021-01-28,Bangladesh,SEARO,509,533953,15,8087
2021-01-29,Bangladesh,SEARO,454,534407,7,8094
2021-01-30,Bangladesh,SEARO,363,534770,17,8111
2021-01-31,Bangladesh,SEARO,369,535139,16,8127
2021-02-01,Bangladesh,SEARO,443,535582,10,8137
2021-02-02,Bangladesh,SEARO,525,536107,12,8149
2021-02-03,Bangladesh,SEARO,438,536545,13,8162
2021-02-04,Bangladesh,SEARO,485,537030,13,8175
2021-02-05,Bangladesh,SEARO,435,537465,7,8182
2021-02-06,Bangladesh,SEARO,305,537770,8,8190
2021-02-07,Bangladesh,SEARO,292,538062,15,8205
2021-02-08,Bangladesh,SEARO,316,538378,16,8221
2021-02-09,Bangladesh,SEARO,387,538765,8,8229
2021-02-10,Bangladesh,SEARO,388,539153,10,8239
2021-02-11,Bangladesh,SEARO,418,539571,9,8248
2021-02-12,Bangladesh,SEARO,404,539975,5,8253
2021-02-13,Bangladesh,SEARO,291,540266,13,8266
2021-02-14,Bangladesh,SEARO,326,540592,8,8274
2021-02-15,Bangladesh,SEARO,446,541038,11,8285
2021-02-16,Bangladesh,SEARO,396,541434,13,8298
2021-02-17,Bangladesh,SEARO,443,541877,16,8314
2021-02-18,Bangladesh,SEARO,391,542268,15,8329
2021-02-19,Bangladesh,SEARO,406,542674,8,8337
2021-02-20,Bangladesh,SEARO,350,543024,5,8342
2021-02-21,Bangladesh,SEARO,327,543351,7,8349
2021-02-22,Bangladesh,SEARO,366,543717,7,8356
2021-02-23,Bangladesh,SEARO,399,544116,18,8374
2021-02-24,Bangladesh,SEARO,428,544544,5,8379
2021-02-25,Bangladesh,SEARO,410,544954,5,8384
2021-02-26,Bangladesh,SEARO,470,545424,11,8395
2021-02-27,Bangladesh,SEARO,407,545831,5,8400
2021-02-28,Bangladesh,SEARO,385,546216,8,8408
2021-03-01,Bangladesh,SEARO,585,546801,8,8416
2021-03-02,Bangladesh,SEARO,515,547316,7,8423
2021-03-03,Bangladesh,SEARO,614,547930,5,8428
2021-03-04,Bangladesh,SEARO,619,548549,7,8435
2021-03-05,Bangladesh,SEARO,635,549184,6,8441
2021-03-06,Bangladesh,SEARO,540,549724,10,8451
2021-03-07,Bangladesh,SEARO,606,550330,11,8462
2021-03-08,Bangladesh,SEARO,845,551175,14,8476
2021-03-09,Bangladesh,SEARO,912,552087,13,8489
2021-03-10,Bangladesh,SEARO,1018,553105,7,8496
2021-03-11,Bangladesh,SEARO,1051,554156,6,8502
2021-03-12,Bangladesh,SEARO,1066,555222,13,8515
2021-03-13,Bangladesh,SEARO,1014,556236,12,8527
2021-03-14,Bangladesh,SEARO,1159,557395,18,8545
2021-03-15,Bangladesh,SEARO,1773,559168,26,8571
2021-03-16,Bangladesh,SEARO,1719,560887,26,8597
2021-03-17,Bangladesh,SEARO,1865,562752,11,8608
2021-03-18,Bangladesh,SEARO,2187,564939,16,8624
2021-03-19,Bangladesh,SEARO,1899,566838,18,8642
2021-03-20,Bangladesh,SEARO,1868,568706,26,8668
2021-03-21,Bangladesh,SEARO,2172,570878,22,8690
2021-03-22,Bangladesh,SEARO,2809,573687,30,8720
2021-03-23,Bangladesh,SEARO,3554,577241,18,8738
2021-03-24,Bangladesh,SEARO,3567,580808,25,8763
2021-03-25,Bangladesh,SEARO,3587,584395,34,8797
2021-03-26,Bangladesh,SEARO,3737,588132,33,8830
2021-03-27,Bangladesh,SEARO,3674,591806,39,8869
2021-03-28,Bangladesh,SEARO,3908,595714,35,8904
2021-03-29,Bangladesh,SEARO,5181,600895,45,8949
2021-03-30,Bangladesh,SEARO,5042,605937,45,8994
2021-03-31,Bangladesh,SEARO,5358,611295,52,9046
2021-04-01,Bangladesh,SEARO,6469,617764,59,9105
2021-04-02,Bangladesh,SEARO,6830,624594,50,9155
2021-04-03,Bangladesh,SEARO,5683,630277,58,9213
2021-04-04,Bangladesh,SEARO,7087,637364,53,9266
2021-04-05,Bangladesh,SEARO,7075,644439,52,9318
2021-04-06,Bangladesh,SEARO,7213,651652,66,9384
2021-04-07,Bangladesh,SEARO,7626,659278,63,9447
2021-04-08,Bangladesh,SEARO,6854,666132,74,9521
2021-04-09,Bangladesh,SEARO,7462,673594,63,9584
2021-04-10,Bangladesh,SEARO,5343,678937,77,9661
2021-04-11,Bangladesh,SEARO,5819,684756,78,9739
2021-04-12,Bangladesh,SEARO,7201,691957,83,9822
2021-04-13,Bangladesh,SEARO,6028,697985,69,9891
2021-04-14,Bangladesh,SEARO,5185,703170,96,9987
2021-04-15,Bangladesh,SEARO,4192,707362,94,10081
2021-04-16,Bangladesh,SEARO,4417,711779,101,10182
2021-04-17,Bangladesh,SEARO,3473,715252,101,10283
2021-04-18,Bangladesh,SEARO,3698,718950,102,10385
2021-04-19,Bangladesh,SEARO,4271,723221,112,10497
2021-04-20,Bangladesh,SEARO,4559,727780,91,10588
2021-04-21,Bangladesh,SEARO,4280,732060,95,10683
2021-04-22,Bangladesh,SEARO,4014,736074,98,10781
2021-04-23,Bangladesh,SEARO,3629,739703,88,10869
2021-04-24,Bangladesh,SEARO,2697,742400,83,10952
2021-04-25,Bangladesh,SEARO,2922,745322,101,11053
2021-04-26,Bangladesh,SEARO,3306,748628,97,11150
2021-04-27,Bangladesh,SEARO,3031,751659,78,11228
2021-04-28,Bangladesh,SEARO,2955,754614,77,11305
2021-04-29,Bangladesh,SEARO,2341,756955,88,11393
2021-04-30,Bangladesh,SEARO,2177,759132,57,11450
2021-05-01,Bangladesh,SEARO,1452,760584,60,11510
2021-05-02,Bangladesh,SEARO,1359,761943,69,11579
2021-05-03,Bangladesh,SEARO,1739,763682,65,11644
2021-05-04,Bangladesh,SEARO,1914,765596,61,11705
2021-05-05,Bangladesh,SEARO,1742,767338,50,11755
2021-05-06,Bangladesh,SEARO,1822,769160,41,11796
2021-05-07,Bangladesh,SEARO,1682,770842,37,11833
2021-05-08,Bangladesh,SEARO,1285,772127,45,11878
2021-05-09,Bangladesh,SEARO,1386,773513,56,11934
2021-05-10,Bangladesh,SEARO,1514,775027,38,11972
2021-05-11,Bangladesh,SEARO,1230,776257,33,12005
2021-05-12,Bangladesh,SEARO,1140,777397,40,12045
2021-05-13,Bangladesh,SEARO,1290,778687,31,12076
2021-05-14,Bangladesh,SEARO,848,779535,26,12102
2021-05-15,Bangladesh,SEARO,261,779796,22,12124
2021-05-16,Bangladesh,SEARO,363,780159,25,12149
2021-05-17,Bangladesh,SEARO,698,780857,32,12181
2021-05-18,Bangladesh,SEARO,1272,782129,30,12211
2021-05-19,Bangladesh,SEARO,1608,783737,37,12248
2021-05-20,Bangladesh,SEARO,1457,785194,36,12284
2021-05-21,Bangladesh,SEARO,1504,786698,26,12310
2021-05-22,Bangladesh,SEARO,1028,787726,38,12348
2021-05-23,Bangladesh,SEARO,1354,789080,28,12376
2021-05-24,Bangladesh,SEARO,1441,790521,25,12401
2021-05-25,Bangladesh,SEARO,1675,792196,40,12441
2021-05-26,Bangladesh,SEARO,1497,793693,17,12458
2021-05-27,Bangladesh,SEARO,1292,794985,22,12480
2021-05-28,Bangladesh,SEARO,1358,796343,31,12511
2021-05-29,Bangladesh,SEARO,1043,797386,38,12549
2021-05-30,Bangladesh,SEARO,1444,798830,34,12583
2021-01-01,Barbados,AMRO,0,372,0,7
2021-01-02,Barbados,AMRO,11,383,0,7
2021-01-03,Barbados,AMRO,12,395,0,7
2021-01-04,Barbados,AMRO,0,395,0,7
2021-01-05,Barbados,AMRO,211,606,0,7
2021-01-06,Barbados,AMRO,37,643,0,7
2021-01-07,Barbados,AMRO,49,692,0,7
2021-01-08,Barbados,AMRO,51,743,0,7
2021-01-09,Barbados,AMRO,37,780,0,7
2021-01-10,Barbados,AMRO,28,808,0,7
2021-01-11,Barbados,AMRO,70,878,0,7
2021-01-12,Barbados,AMRO,0,878,0,7
2021-01-13,Barbados,AMRO,6,884,0,7
2021-01-14,Barbados,AMRO,84,968,0,7
2021-01-15,Barbados,AMRO,39,1007,0,7
2021-01-16,Barbados,AMRO,29,1036,0,7
2021-01-17,Barbados,AMRO,0,1036,0,7
2021-01-18,Barbados,AMRO,59,1095,0,7
2021-01-19,Barbados,AMRO,0,1095,0,7
2021-01-20,Barbados,AMRO,0,1095,0,7
2021-01-21,Barbados,AMRO,61,1156,2,9
2021-01-22,Barbados,AMRO,0,1156,0,9
2021-01-23,Barbados,AMRO,0,1156,0,9
2021-01-24,Barbados,AMRO,87,1243,0,9
2021-01-25,Barbados,AMRO,98,1341,0,9
2021-01-26,Barbados,AMRO,46,1387,1,10
2021-01-27,Barbados,AMRO,14,1401,0,10
2021-01-28,Barbados,AMRO,26,1427,0,10
2021-01-29,Barbados,AMRO,16,1443,1,11
2021-01-30,Barbados,AMRO,4,1447,0,11
2021-01-31,Barbados,AMRO,51,1498,1,12
2021-02-01,Barbados,AMRO,47,1545,0,12
2021-02-02,Barbados,AMRO,0,1545,2,14
2021-02-03,Barbados,AMRO,13,1558,0,14
2021-02-04,Barbados,AMRO,28,1586,0,14
2021-02-05,Barbados,AMRO,25,1611,1,15
2021-02-06,Barbados,AMRO,45,1656,3,18
2021-02-07,Barbados,AMRO,20,1676,0,18
2021-02-08,Barbados,AMRO,0,1676,0,18
2021-02-09,Barbados,AMRO,33,1709,0,18
2021-02-10,Barbados,AMRO,23,1732,0,18
2021-02-11,Barbados,AMRO,82,1814,2,20
2021-02-12,Barbados,AMRO,43,1857,0,20
2021-02-13,Barbados,AMRO,47,1904,1,21
2021-02-14,Barbados,AMRO,43,1947,2,23
2021-02-15,Barbados,AMRO,114,2061,0,23
2021-02-16,Barbados,AMRO,207,2268,1,24
2021-02-17,Barbados,AMRO,63,2331,1,25
2021-02-18,Barbados,AMRO,126,2457,3,28
2021-02-19,Barbados,AMRO,151,2608,1,29
2021-02-20,Barbados,AMRO,39,2647,0,29
2021-02-21,Barbados,AMRO,30,2677,1,30
2021-02-22,Barbados,AMRO,38,2715,1,31
2021-02-23,Barbados,AMRO,57,2772,0,31
2021-02-24,Barbados,AMRO,19,2791,0,31
2021-02-25,Barbados,AMRO,61,2852,0,31
2021-02-26,Barbados,AMRO,55,2907,1,32
2021-02-27,Barbados,AMRO,42,2949,0,32
2021-02-28,Barbados,AMRO,45,2994,1,33
2021-03-01,Barbados,AMRO,44,3038,0,33
2021-03-02,Barbados,AMRO,30,3068,0,33
2021-03-03,Barbados,AMRO,47,3115,3,36
2021-03-04,Barbados,AMRO,25,3140,0,36
2021-03-05,Barbados,AMRO,23,3163,1,37
2021-03-06,Barbados,AMRO,23,3186,0,37
2021-03-07,Barbados,AMRO,31,3217,0,37
2021-03-08,Barbados,AMRO,47,3264,0,37
2021-03-09,Barbados,AMRO,21,3285,0,37
2021-03-10,Barbados,AMRO,48,3333,0,37
2021-03-11,Barbados,AMRO,0,3333,0,37
2021-03-12,Barbados,AMRO,20,3353,0,37
2021-03-13,Barbados,AMRO,19,3372,0,37
2021-03-14,Barbados,AMRO,19,3391,0,37
2021-03-15,Barbados,AMRO,13,3404,0,37
2021-03-16,Barbados,AMRO,17,3421,0,37
2021-03-17,Barbados,AMRO,21,3442,1,38
2021-03-18,Barbados,AMRO,16,3458,1,39
2021-03-19,Barbados,AMRO,13,3471,0,39
2021-03-20,Barbados,AMRO,21,3492,0,39
2021-03-21,Barbados,AMRO,20,3512,0,39
2021-03-22,Barbados,AMRO,39,3551,0,39
2021-03-23,Barbados,AMRO,0,3551,0,39
2021-03-24,Barbados,AMRO,8,3559,1,40
2021-03-25,Barbados,AMRO,15,3574,0,40
2021-03-26,Barbados,AMRO,8,3582,0,40
2021-03-27,Barbados,AMRO,11,3593,0,40
2021-03-28,Barbados,AMRO,10,3603,1,41
2021-03-29,Barbados,AMRO,6,3609,0,41
2021-03-30,Barbados,AMRO,20,3629,0,41
2021-03-31,Barbados,AMRO,5,3634,0,41
2021-04-01,Barbados,AMRO,8,3642,1,42
2021-04-02,Barbados,AMRO,10,3652,0,42
2021-04-03,Barbados,AMRO,7,3659,0,42
2021-04-04,Barbados,AMRO,6,3665,0,42
2021-04-05,Barbados,AMRO,3,3668,1,43
2021-04-06,Barbados,AMRO,11,3679,0,43
2021-04-07,Barbados,AMRO,6,3685,0,43
2021-04-08,Barbados,AMRO,6,3691,0,43
2021-04-09,Barbados,AMRO,6,3697,1,44
2021-04-10,Barbados,AMRO,7,3704,0,44
2021-04-11,Barbados,AMRO,4,3708,0,44
2021-04-12,Barbados,AMRO,11,3719,0,44
2021-04-13,Barbados,AMRO,11,3730,0,44
2021-04-14,Barbados,AMRO,4,3734,0,44
2021-04-15,Barbados,AMRO,6,3740,0,44
2021-04-16,Barbados,AMRO,4,3744,0,44
2021-04-17,Barbados,AMRO,9,3753,0,44
2021-04-18,Barbados,AMRO,20,3773,0,44
2021-04-19,Barbados,AMRO,0,3773,0,44
2021-04-20,Barbados,AMRO,8,3781,0,44
2021-04-21,Barbados,AMRO,3,3784,0,44
2021-04-22,Barbados,AMRO,9,3793,0,44
2021-04-23,Barbados,AMRO,4,3797,0,44
2021-04-24,Barbados,AMRO,9,3806,0,44
2021-04-25,Barbados,AMRO,14,3820,0,44
2021-04-26,Barbados,AMRO,4,3824,0,44
2021-04-27,Barbados,AMRO,1,3825,0,44
2021-04-28,Barbados,AMRO,3,3828,0,44
2021-04-29,Barbados,AMRO,3,3831,0,44
2021-04-30,Barbados,AMRO,7,3838,0,44
2021-05-01,Barbados,AMRO,17,3855,0,44
2021-05-02,Barbados,AMRO,8,3863,0,44
2021-05-03,Barbados,AMRO,0,3863,0,44
2021-05-04,Barbados,AMRO,3,3866,0,44
2021-05-05,Barbados,AMRO,15,3881,0,44
2021-05-06,Barbados,AMRO,3,3884,1,45
2021-05-07,Barbados,AMRO,31,3915,0,45
2021-05-08,Barbados,AMRO,14,3929,0,45
2021-05-09,Barbados,AMRO,2,3931,0,45
2021-05-10,Barbados,AMRO,2,3933,0,45
2021-05-11,Barbados,AMRO,13,3946,0,45
2021-05-12,Barbados,AMRO,4,3950,0,45
2021-05-13,Barbados,AMRO,0,3950,0,45
2021-05-14,Barbados,AMRO,7,3957,1,46
2021-05-15,Barbados,AMRO,2,3959,0,46
2021-05-16,Barbados,AMRO,2,3961,0,46
2021-05-17,Barbados,AMRO,4,3965,0,46
2021-05-18,Barbados,AMRO,3,3968,0,46
2021-05-19,Barbados,AMRO,4,3972,1,47
2021-05-20,Barbados,AMRO,0,3972,0,47
2021-05-21,Barbados,AMRO,3,3975,0,47
2021-05-22,Barbados,AMRO,5,3980,0,47
2021-05-23,Barbados,AMRO,5,3985,0,47
2021-05-24,Barbados,AMRO,6,3991,0,47
2021-05-25,Barbados,AMRO,7,3998,0,47
2021-05-26,Barbados,AMRO,2,4000,0,47
2021-05-27,Barbados,AMRO,4,4004,0,47
2021-05-28,Barbados,AMRO,0,4004,0,47
2021-05-29,Barbados,AMRO,2,4006,0,47
2021-05-30,Barbados,AMRO,3,4009,0,47
2021-01-01,Belarus,EURO,1923,194284,10,1424
2021-01-02,Belarus,EURO,1939,196223,9,1433
2021-01-03,Belarus,EURO,1902,198125,9,1442
2021-01-04,Belarus,EURO,1837,199962,9,1451
2021-01-05,Belarus,EURO,1869,201831,10,1461
2021-01-06,Belarus,EURO,1273,203104,10,1471
2021-01-07,Belarus,EURO,1854,204958,9,1480
2021-01-08,Belarus,EURO,1838,206796,9,1489
2021-01-09,Belarus,EURO,1805,208601,9,1498
2021-01-10,Belarus,EURO,1767,210368,9,1507
2021-01-11,Belarus,EURO,1833,212201,10,1517
2021-01-12,Belarus,EURO,1792,213993,9,1526
2021-01-13,Belarus,EURO,1731,215724,9,1535
2021-01-14,Belarus,EURO,1972,217696,9,1544
2021-01-15,Belarus,EURO,1967,219663,10,1554
2021-01-16,Belarus,EURO,1941,221604,10,1564
2021-01-17,Belarus,EURO,1933,223537,9,1573
2021-01-18,Belarus,EURO,1924,225461,9,1582
2021-01-19,Belarus,EURO,1899,227360,9,1591
2021-01-20,Belarus,EURO,1356,228716,10,1601
2021-01-21,Belarus,EURO,1778,230494,9,1610
2021-01-22,Belarus,EURO,1804,232298,9,1619
2021-01-23,Belarus,EURO,1813,234111,9,1628
2021-01-24,Belarus,EURO,1748,235859,11,1639
2021-01-25,Belarus,EURO,1752,237611,10,1649
2021-01-26,Belarus,EURO,1024,238635,9,1658
2021-01-27,Belarus,EURO,847,239482,10,1668
2021-01-28,Belarus,EURO,1651,241133,10,1678
2021-01-29,Belarus,EURO,1718,242851,10,1688
2021-01-30,Belarus,EURO,1867,244718,10,1698
2021-01-31,Belarus,EURO,1852,246570,10,1708
2021-02-01,Belarus,EURO,1766,248336,10,1718
2021-02-02,Belarus,EURO,959,249295,10,1728
2021-02-03,Belarus,EURO,699,249994,9,1737
2021-02-04,Belarus,EURO,1711,251705,9,1746
2021-02-05,Belarus,EURO,1708,253413,9,1755
2021-02-06,Belarus,EURO,1759,255172,9,1764
2021-02-07,Belarus,EURO,1787,256959,9,1773
2021-02-08,Belarus,EURO,1732,258691,10,1783
2021-02-09,Belarus,EURO,808,259499,9,1792
2021-02-10,Belarus,EURO,561,260060,9,1801
2021-02-11,Belarus,EURO,1799,261859,10,1811
2021-02-12,Belarus,EURO,1692,263551,9,1820
2021-02-13,Belarus,EURO,1733,265284,10,1830
2021-02-14,Belarus,EURO,1745,267029,10,1840
2021-02-15,Belarus,EURO,1658,268687,9,1849
2021-02-16,Belarus,EURO,1100,269787,9,1858
2021-02-17,Belarus,EURO,1134,270921,9,1867
2021-02-18,Belarus,EURO,1352,272273,9,1876
2021-02-19,Belarus,EURO,1386,273659,9,1885
2021-02-20,Belarus,EURO,1663,275322,9,1894
2021-02-21,Belarus,EURO,1668,276990,9,1903
2021-02-22,Belarus,EURO,1322,278312,9,1912
2021-02-23,Belarus,EURO,1144,279456,9,1921
2021-02-24,Belarus,EURO,972,280428,9,1930
2021-02-25,Belarus,EURO,1279,281707,9,1939
2021-02-26,Belarus,EURO,1191,282898,9,1948
2021-02-27,Belarus,EURO,1602,284500,9,1957
2021-02-28,Belarus,EURO,1459,285959,9,1966
2021-03-01,Belarus,EURO,1347,287306,10,1976
2021-03-02,Belarus,EURO,961,288267,9,1985
2021-03-03,Belarus,EURO,869,289136,8,1993
2021-03-04,Belarus,EURO,1311,290447,9,2002
2021-03-05,Belarus,EURO,1174,291621,9,2011
2021-03-06,Belarus,EURO,1482,293103,9,2020
2021-03-07,Belarus,EURO,1329,294432,9,2029
2021-03-08,Belarus,EURO,1079,295511,9,2038
2021-03-09,Belarus,EURO,930,296441,9,2047
2021-03-10,Belarus,EURO,1073,297514,8,2055
2021-03-11,Belarus,EURO,609,298123,8,2063
2021-03-12,Belarus,EURO,837,298960,7,2070
2021-03-13,Belarus,EURO,1186,300146,8,2078
2021-03-14,Belarus,EURO,1182,301328,9,2087
2021-03-15,Belarus,EURO,995,302323,8,2095
2021-03-16,Belarus,EURO,947,303270,8,2103
2021-03-17,Belarus,EURO,876,304146,9,2112
2021-03-18,Belarus,EURO,1124,305270,9,2121
2021-03-19,Belarus,EURO,1254,306524,9,2130
2021-03-20,Belarus,EURO,1414,307938,9,2139
2021-03-21,Belarus,EURO,1355,309293,9,2148
2021-03-22,Belarus,EURO,1152,310445,9,2157
2021-03-23,Belarus,EURO,983,311428,9,2166
2021-03-24,Belarus,EURO,1046,312474,9,2175
2021-03-25,Belarus,EURO,1378,313852,9,2184
2021-03-26,Belarus,EURO,1141,314993,9,2193
2021-03-27,Belarus,EURO,1425,316418,9,2202
2021-03-28,Belarus,EURO,1213,317631,9,2211
2021-03-29,Belarus,EURO,1050,318681,8,2219
2021-03-30,Belarus,EURO,918,319599,8,2227
2021-03-31,Belarus,EURO,995,320594,10,2237
2021-04-01,Belarus,EURO,1213,321807,10,2247
2021-04-02,Belarus,EURO,1236,323043,10,2257
2021-04-03,Belarus,EURO,1651,324694,10,2267
2021-04-04,Belarus,EURO,1371,326065,9,2276
2021-04-05,Belarus,EURO,1239,327304,9,2285
2021-04-06,Belarus,EURO,986,328290,9,2294
2021-04-07,Belarus,EURO,968,329258,10,2304
2021-04-08,Belarus,EURO,1278,330536,10,2314
2021-04-09,Belarus,EURO,1272,331808,10,2324
2021-04-10,Belarus,EURO,1622,333430,10,2334
2021-04-11,Belarus,EURO,1433,334863,10,2344
2021-04-12,Belarus,EURO,1175,336038,10,2354
2021-04-13,Belarus,EURO,843,336881,9,2363
2021-04-14,Belarus,EURO,754,337635,10,2373
2021-04-15,Belarus,EURO,1166,338801,10,2383
2021-04-16,Belarus,EURO,1222,340023,10,2393
2021-04-17,Belarus,EURO,1516,341539,10,2403
2021-04-18,Belarus,EURO,1384,342923,10,2413
2021-04-19,Belarus,EURO,1300,344223,10,2423
2021-04-20,Belarus,EURO,887,345110,10,2433
2021-04-21,Belarus,EURO,888,345998,10,2443
2021-04-22,Belarus,EURO,1318,347316,10,2453
2021-04-23,Belarus,EURO,1170,348486,10,2463
2021-04-24,Belarus,EURO,1735,350221,10,2473
2021-04-25,Belarus,EURO,1453,351674,10,2483
2021-04-26,Belarus,EURO,1276,352950,10,2493
2021-04-27,Belarus,EURO,896,353846,9,2502
2021-04-28,Belarus,EURO,823,354669,10,2512
2021-04-29,Belarus,EURO,1255,355924,10,2522
2021-04-30,Belarus,EURO,1309,357233,10,2532
2021-05-01,Belarus,EURO,1505,358738,10,2542
2021-05-02,Belarus,EURO,1244,359982,10,2552
2021-05-03,Belarus,EURO,1081,361063,10,2562
2021-05-04,Belarus,EURO,834,361897,10,2572
2021-05-05,Belarus,EURO,697,362594,10,2582
2021-05-06,Belarus,EURO,1138,363732,10,2592
2021-05-07,Belarus,EURO,1219,364951,10,2602
2021-05-08,Belarus,EURO,1354,366305,10,2612
2021-05-09,Belarus,EURO,1369,367674,10,2622
2021-05-10,Belarus,EURO,1114,368788,10,2632
2021-05-11,Belarus,EURO,979,369767,10,2642
2021-05-12,Belarus,EURO,742,370509,10,2652
2021-05-13,Belarus,EURO,896,371405,9,2661
2021-05-14,Belarus,EURO,837,372242,10,2671
2021-05-15,Belarus,EURO,1109,373351,10,2681
2021-05-16,Belarus,EURO,1363,374714,10,2691
2021-05-17,Belarus,EURO,1627,376341,10,2701
2021-05-18,Belarus,EURO,1191,377532,10,2711
2021-05-19,Belarus,EURO,1179,378711,10,2721
2021-05-20,Belarus,EURO,1378,380089,11,2732
2021-05-21,Belarus,EURO,1457,381546,10,2742
2021-05-22,Belarus,EURO,1756,383302,10,2752
2021-05-23,Belarus,EURO,1471,384773,9,2761
2021-05-24,Belarus,EURO,1252,386025,10,2771
2021-05-25,Belarus,EURO,953,386978,9,2780
2021-05-26,Belarus,EURO,840,387818,11,2791
2021-05-27,Belarus,EURO,1169,388987,10,2801
2021-05-28,Belarus,EURO,1216,390203,10,2811
2021-05-29,Belarus,EURO,1434,391637,10,2821
2021-05-30,Belarus,EURO,0,391637,0,2821
2021-01-01,Belgium,EURO,1722,649599,87,19720
2021-01-02,Belgium,EURO,487,650086,50,19770
2021-01-03,Belgium,EURO,1134,651220,64,19834
2021-01-04,Belgium,EURO,839,652059,42,19876
2021-01-05,Belgium,EURO,3150,655209,59,19935
2021-01-06,Belgium,EURO,2854,658063,63,19998
2021-01-07,Belgium,EURO,2541,660604,56,20054
2021-01-08,Belgium,EURO,2005,662609,53,20107
2021-01-09,Belgium,EURO,2079,664688,50,20157
2021-01-10,Belgium,EURO,1411,666099,52,20209
2021-01-11,Belgium,EURO,880,666979,56,20265
2021-01-12,Belgium,EURO,3097,670076,53,20318
2021-01-13,Belgium,EURO,2501,672577,50,20368
2021-01-14,Belgium,EURO,2244,674821,41,20409
2021-01-15,Belgium,EURO,2205,677026,62,20471
2021-01-16,Belgium,EURO,2192,679218,48,20519
2021-01-17,Belgium,EURO,1205,680423,46,20565
2021-01-18,Belgium,EURO,739,681162,44,20609
2021-01-19,Belgium,EURO,3069,684231,58,20667
2021-01-20,Belgium,EURO,2501,686732,61,20728
2021-01-21,Belgium,EURO,2558,689290,49,20777
2021-01-22,Belgium,EURO,2396,691686,53,20830
2021-01-23,Belgium,EURO,2655,694341,49,20879
2021-01-24,Belgium,EURO,1411,695752,67,20946
2021-01-25,Belgium,EURO,834,696586,39,20985
2021-01-26,Belgium,EURO,3444,700030,44,21029
2021-01-27,Belgium,EURO,2797,702827,52,21081
2021-01-28,Belgium,EURO,2616,705443,41,21122
2021-01-29,Belgium,EURO,2623,708066,55,21177
2021-01-30,Belgium,EURO,3060,711126,44,21221
2021-01-31,Belgium,EURO,1582,712708,29,21250
2021-02-01,Belgium,EURO,875,713583,32,21282
2021-02-02,Belgium,EURO,3400,716983,38,21320
2021-02-03,Belgium,EURO,2698,719681,52,21372
2021-02-04,Belgium,EURO,2438,722119,41,21413
2021-02-05,Belgium,EURO,2441,724560,34,21447
2021-02-06,Belgium,EURO,2500,727060,55,21502
2021-02-07,Belgium,EURO,1288,728348,41,21543
2021-02-08,Belgium,EURO,612,728960,40,21583
2021-02-09,Belgium,EURO,2632,731592,37,21620
2021-02-10,Belgium,EURO,2169,733761,41,21661
2021-02-11,Belgium,EURO,2179,735940,42,21703
2021-02-12,Belgium,EURO,2122,738062,35,21738
2021-02-13,Belgium,EURO,2057,740119,43,21781
2021-02-14,Belgium,EURO,1153,741272,31,21812
2021-02-15,Belgium,EURO,620,741892,52,21864
2021-02-16,Belgium,EURO,2799,744691,37,21901
2021-02-17,Belgium,EURO,2418,747109,39,21940
2021-02-18,Belgium,EURO,2574,749683,28,21968
2021-02-19,Belgium,EURO,2596,752279,33,22001
2021-02-20,Belgium,EURO,2872,755151,29,22030
2021-02-21,Belgium,EURO,1579,756730,21,22051
2021-02-22,Belgium,EURO,822,757552,26,22077
2021-02-23,Belgium,EURO,3404,760956,20,22097
2021-02-24,Belgium,EURO,2965,763921,25,22122
2021-02-25,Belgium,EURO,2785,766706,22,22144
2021-02-26,Belgium,EURO,2691,769397,28,22172
2021-02-27,Belgium,EURO,2858,772255,22,22194
2021-02-28,Belgium,EURO,1522,773777,29,22223
2021-03-01,Belgium,EURO,729,774506,30,22253
2021-03-02,Belgium,EURO,3267,777773,29,22282
2021-03-03,Belgium,EURO,2796,780569,25,22307
2021-03-04,Belgium,EURO,2792,783361,26,22333
2021-03-05,Belgium,EURO,2732,786093,16,22349
2021-03-06,Belgium,EURO,2770,788863,33,22382
2021-03-07,Belgium,EURO,1536,790399,25,22407
2021-03-08,Belgium,EURO,804,791203,19,22426
2021-03-09,Belgium,EURO,3735,794938,36,22462
2021-03-10,Belgium,EURO,3439,798377,23,22485
2021-03-11,Belgium,EURO,3437,801814,24,22509
2021-03-12,Belgium,EURO,3540,805354,26,22535
2021-03-13,Belgium,EURO,3795,809149,20,22555
2021-03-14,Belgium,EURO,2195,811344,24,22579
2021-03-15,Belgium,EURO,1409,812753,20,22599
2021-03-16,Belgium,EURO,5312,818065,25,22624
2021-03-17,Belgium,EURO,4637,822702,27,22651
2021-03-18,Belgium,EURO,4876,827578,25,22676
2021-03-19,Belgium,EURO,5084,832662,26,22702
2021-03-20,Belgium,EURO,5234,837896,31,22733
2021-03-21,Belgium,EURO,2867,840763,24,22757
2021-03-22,Belgium,EURO,1594,842357,24,22781
2021-03-23,Belgium,EURO,6332,848689,34,22815
2021-03-24,Belgium,EURO,6067,854756,24,22839
2021-03-25,Belgium,EURO,5619,860375,27,22866
2021-03-26,Belgium,EURO,5668,866043,34,22900
2021-03-27,Belgium,EURO,5793,871836,20,22920
2021-03-28,Belgium,EURO,3092,874928,28,22948
2021-03-29,Belgium,EURO,1712,876640,23,22971
2021-03-30,Belgium,EURO,6222,882862,31,23002
2021-03-31,Belgium,EURO,5250,888112,33,23035
2021-04-01,Belgium,EURO,4775,892887,31,23066
2021-04-02,Belgium,EURO,4749,897636,40,23106
2021-04-03,Belgium,EURO,4949,902585,46,23152
2021-04-04,Belgium,EURO,2727,905312,40,23192
2021-04-05,Belgium,EURO,1535,906847,36,23228
2021-04-06,Belgium,EURO,1592,908439,49,23277
2021-04-07,Belgium,EURO,5307,913746,46,23323
2021-04-08,Belgium,EURO,4785,918531,42,23365
2021-04-09,Belgium,EURO,4509,923040,43,23408
2021-04-10,Belgium,EURO,4542,927582,44,23452
2021-04-11,Belgium,EURO,2384,929966,46,23498
2021-04-12,Belgium,EURO,1312,931278,22,23520
2021-04-13,Belgium,EURO,4785,936063,43,23563
2021-04-14,Belgium,EURO,4340,940403,37,23600
2021-04-15,Belgium,EURO,3939,944342,39,23639
2021-04-16,Belgium,EURO,3844,948186,42,23681
2021-04-17,Belgium,EURO,4063,952249,45,23726
2021-04-18,Belgium,EURO,2353,954602,30,23756
2021-04-19,Belgium,EURO,1327,955929,34,23790
2021-04-20,Belgium,EURO,5508,961437,50,23840
2021-04-21,Belgium,EURO,4503,965940,36,23876
2021-04-22,Belgium,EURO,4096,970036,36,23912
2021-04-23,Belgium,EURO,3836,973872,43,23955
2021-04-24,Belgium,EURO,3676,977548,42,23997
2021-04-25,Belgium,EURO,1913,979461,36,24033
2021-04-26,Belgium,EURO,1150,980611,39,24072
2021-04-27,Belgium,EURO,4303,984914,44,24116
2021-04-28,Belgium,EURO,3809,988723,26,24142
2021-04-29,Belgium,EURO,3483,992206,49,24191
2021-04-30,Belgium,EURO,3390,995596,46,24237
2021-05-01,Belgium,EURO,3520,999116,33,24270
2021-05-02,Belgium,EURO,1352,1000468,28,24298
2021-05-03,Belgium,EURO,1156,1001624,34,24332
2021-05-04,Belgium,EURO,4378,1006002,43,24375
2021-05-05,Belgium,EURO,3684,1009686,40,24415
2021-05-06,Belgium,EURO,3657,1013343,38,24453
2021-05-07,Belgium,EURO,3539,1016882,38,24491
2021-05-08,Belgium,EURO,3346,1020228,26,24517
2021-05-09,Belgium,EURO,1742,1021970,42,24559
2021-05-10,Belgium,EURO,880,1022850,32,24591
2021-05-11,Belgium,EURO,3411,1026261,28,24619
2021-05-12,Belgium,EURO,3033,1029294,17,24636
2021-05-13,Belgium,EURO,2842,1032136,19,24655
2021-05-14,Belgium,EURO,957,1033093,21,24676
2021-05-15,Belgium,EURO,2605,1035698,20,24696
2021-05-16,Belgium,EURO,1287,1036985,22,24718
2021-05-17,Belgium,EURO,765,1037750,17,24735
2021-05-18,Belgium,EURO,3635,1041385,24,24759
2021-05-19,Belgium,EURO,3305,1044690,17,24776
2021-05-20,Belgium,EURO,3185,1047875,25,24801
2021-05-21,Belgium,EURO,2450,1050325,16,24817
2021-05-22,Belgium,EURO,2475,1052800,18,24835
2021-05-23,Belgium,EURO,1448,1054248,18,24853
2021-05-24,Belgium,EURO,788,1055036,11,24864
2021-05-25,Belgium,EURO,902,1055938,19,24883
2021-05-26,Belgium,EURO,2798,1058736,16,24899
2021-05-27,Belgium,EURO,2540,1061276,14,24913
2021-05-28,Belgium,EURO,2219,1063495,6,24919
2021-05-29,Belgium,EURO,2026,1065521,11,24930
2021-05-30,Belgium,EURO,1120,1066641,16,24946
2021-01-01,Belize,AMRO,56,10724,1,242
2021-01-02,Belize,AMRO,52,10776,6,248
2021-01-03,Belize,AMRO,31,10807,1,249
2021-01-04,Belize,AMRO,0,10807,0,249
2021-01-05,Belize,AMRO,94,10901,1,250
2021-01-06,Belize,AMRO,37,10938,7,257
2021-01-07,Belize,AMRO,80,11018,1,258
2021-01-08,Belize,AMRO,90,11108,2,260
2021-01-09,Belize,AMRO,44,11152,7,267
2021-01-10,Belize,AMRO,50,11202,4,271
2021-01-11,Belize,AMRO,64,11266,0,271
2021-01-12,Belize,AMRO,37,11303,3,274
2021-01-13,Belize,AMRO,29,11332,1,275
2021-01-14,Belize,AMRO,34,11366,2,277
2021-01-15,Belize,AMRO,53,11419,1,278
2021-01-16,Belize,AMRO,37,11456,2,280
2021-01-17,Belize,AMRO,73,11529,1,281
2021-01-18,Belize,AMRO,0,11529,0,281
2021-01-19,Belize,AMRO,51,11580,0,281
2021-01-20,Belize,AMRO,12,11592,1,282
2021-01-21,Belize,AMRO,23,11615,1,283
2021-01-22,Belize,AMRO,27,11642,3,286
2021-01-23,Belize,AMRO,34,11676,3,289
2021-01-24,Belize,AMRO,24,11700,1,290
2021-01-25,Belize,AMRO,22,11722,0,290
2021-01-26,Belize,AMRO,28,11750,0,290
2021-01-27,Belize,AMRO,20,11770,3,293
2021-01-28,Belize,AMRO,18,11788,0,293
2021-01-29,Belize,AMRO,28,11816,1,294
2021-01-30,Belize,AMRO,29,11845,4,298
2021-01-31,Belize,AMRO,32,11877,3,301
2021-02-01,Belize,AMRO,31,11908,0,301
2021-02-02,Belize,AMRO,0,11908,0,301
2021-02-03,Belize,AMRO,37,11945,1,302
2021-02-04,Belize,AMRO,12,11957,1,303
2021-02-05,Belize,AMRO,21,11978,3,306
2021-02-06,Belize,AMRO,30,12008,0,306
2021-02-07,Belize,AMRO,5,12013,0,306
2021-02-08,Belize,AMRO,24,12037,0,306
2021-02-09,Belize,AMRO,0,12037,0,306
2021-02-10,Belize,AMRO,33,12070,1,307
2021-02-11,Belize,AMRO,9,12079,3,310
2021-02-12,Belize,AMRO,28,12107,3,313
2021-02-13,Belize,AMRO,7,12114,0,313
2021-02-14,Belize,AMRO,20,12134,0,313
2021-02-15,Belize,AMRO,11,12145,0,313
2021-02-16,Belize,AMRO,0,12145,0,313
2021-02-17,Belize,AMRO,30,12175,0,313
2021-02-18,Belize,AMRO,13,12188,0,313
2021-02-19,Belize,AMRO,7,12195,1,314
2021-02-20,Belize,AMRO,12,12207,0,314
2021-02-21,Belize,AMRO,20,12227,0,314
2021-02-22,Belize,AMRO,17,12244,0,314
2021-02-23,Belize,AMRO,0,12244,0,314
2021-02-24,Belize,AMRO,11,12255,0,314
2021-02-25,Belize,AMRO,9,12264,0,314
2021-02-26,Belize,AMRO,7,12271,0,314
2021-02-27,Belize,AMRO,9,12280,0,314
2021-02-28,Belize,AMRO,13,12293,0,314
2021-03-01,Belize,AMRO,0,12293,0,314
2021-03-02,Belize,AMRO,0,12293,0,314
2021-03-03,Belize,AMRO,20,12313,0,314
2021-03-04,Belize,AMRO,7,12320,0,314
2021-03-05,Belize,AMRO,8,12328,0,314
2021-03-06,Belize,AMRO,1,12329,0,314
2021-03-07,Belize,AMRO,6,12335,1,315
2021-03-08,Belize,AMRO,0,12335,0,315
2021-03-09,Belize,AMRO,0,12335,0,315
2021-03-10,Belize,AMRO,0,12335,0,315
2021-03-11,Belize,AMRO,10,12345,1,316
2021-03-12,Belize,AMRO,10,12355,0,316
2021-03-13,Belize,AMRO,4,12359,0,316
2021-03-14,Belize,AMRO,11,12370,0,316
2021-03-15,Belize,AMRO,0,12370,0,316
2021-03-16,Belize,AMRO,0,12370,0,316
2021-03-17,Belize,AMRO,13,12383,0,316
2021-03-18,Belize,AMRO,6,12389,0,316
2021-03-19,Belize,AMRO,7,12396,0,316
2021-03-20,Belize,AMRO,3,12399,0,316
2021-03-21,Belize,AMRO,1,12400,0,316
2021-03-22,Belize,AMRO,0,12400,0,316
2021-03-23,Belize,AMRO,0,12400,0,316
2021-03-24,Belize,AMRO,7,12407,0,316
2021-03-25,Belize,AMRO,3,12410,0,316
2021-03-26,Belize,AMRO,0,12410,1,317
2021-03-27,Belize,AMRO,1,12411,0,317
2021-03-28,Belize,AMRO,4,12415,0,317
2021-03-29,Belize,AMRO,0,12415,0,317
2021-03-30,Belize,AMRO,0,12415,0,317
2021-03-31,Belize,AMRO,0,12415,0,317
2021-04-01,Belize,AMRO,37,12452,0,317
2021-04-02,Belize,AMRO,4,12456,0,317
2021-04-03,Belize,AMRO,0,12456,0,317
2021-04-04,Belize,AMRO,0,12456,0,317
2021-04-05,Belize,AMRO,0,12456,0,317
2021-04-06,Belize,AMRO,0,12456,0,317
2021-04-07,Belize,AMRO,0,12456,0,317
2021-04-08,Belize,AMRO,21,12477,1,318
2021-04-09,Belize,AMRO,8,12485,0,318
2021-04-10,Belize,AMRO,2,12487,0,318
2021-04-11,Belize,AMRO,0,12487,0,318
2021-04-12,Belize,AMRO,0,12487,0,318
2021-04-13,Belize,AMRO,0,12487,0,318
2021-04-14,Belize,AMRO,16,12503,0,318
2021-04-15,Belize,AMRO,10,12513,0,318
2021-04-16,Belize,AMRO,9,12522,0,318
2021-04-17,Belize,AMRO,7,12529,0,318
2021-04-18,Belize,AMRO,9,12538,0,318
2021-04-19,Belize,AMRO,0,12538,0,318
2021-04-20,Belize,AMRO,0,12538,0,318
2021-04-21,Belize,AMRO,20,12558,0,318
2021-04-22,Belize,AMRO,10,12568,0,318
2021-04-23,Belize,AMRO,17,12585,0,318
2021-04-24,Belize,AMRO,11,12596,2,320
2021-04-25,Belize,AMRO,3,12599,1,321
2021-04-26,Belize,AMRO,0,12599,0,321
2021-04-27,Belize,AMRO,0,12599,0,321
2021-04-28,Belize,AMRO,25,12624,1,322
2021-04-29,Belize,AMRO,7,12631,0,322
2021-04-30,Belize,AMRO,8,12639,1,323
2021-05-01,Belize,AMRO,7,12646,0,323
2021-05-02,Belize,AMRO,22,12668,0,323
2021-05-03,Belize,AMRO,0,12668,0,323
2021-05-04,Belize,AMRO,0,12668,0,323
2021-05-05,Belize,AMRO,6,12674,0,323
2021-05-06,Belize,AMRO,1,12675,0,323
2021-05-07,Belize,AMRO,5,12680,0,323
2021-05-08,Belize,AMRO,2,12682,0,323
2021-05-09,Belize,AMRO,4,12686,0,323
2021-05-10,Belize,AMRO,0,12686,0,323
2021-05-11,Belize,AMRO,0,12686,0,323
2021-05-12,Belize,AMRO,14,12700,0,323
2021-05-13,Belize,AMRO,4,12704,0,323
2021-05-14,Belize,AMRO,3,12707,0,323
2021-05-15,Belize,AMRO,2,12709,0,323
2021-05-16,Belize,AMRO,5,12714,0,323
2021-05-17,Belize,AMRO,0,12714,0,323
2021-05-18,Belize,AMRO,0,12714,0,323
2021-05-19,Belize,AMRO,28,12742,0,323
2021-05-20,Belize,AMRO,3,12745,0,323
2021-05-21,Belize,AMRO,8,12753,0,323
2021-05-22,Belize,AMRO,8,12761,0,323
2021-05-23,Belize,AMRO,3,12764,0,323
2021-05-24,Belize,AMRO,0,12764,0,323
2021-05-25,Belize,AMRO,0,12764,0,323
2021-05-26,Belize,AMRO,0,12764,0,323
2021-05-27,Belize,AMRO,13,12777,0,323
2021-05-28,Belize,AMRO,7,12784,0,323
2021-05-29,Belize,AMRO,5,12789,0,323
2021-05-30,Belize,AMRO,2,12791,1,324
2021-01-01,Benin,AFRO,0,3251,0,44
2021-01-02,Benin,AFRO,0,3251,0,44
2021-01-03,Benin,AFRO,0,3251,0,44
2021-01-04,Benin,AFRO,0,3251,0,44
2021-01-05,Benin,AFRO,0,3251,0,44
2021-01-06,Benin,AFRO,53,3304,0,44
2021-01-07,Benin,AFRO,0,3304,0,44
2021-01-08,Benin,AFRO,0,3304,0,44
2021-01-09,Benin,AFRO,0,3304,0,44
2021-01-10,Benin,AFRO,0,3304,0,44
2021-01-11,Benin,AFRO,0,3304,0,44
2021-01-12,Benin,AFRO,59,3363,2,46
2021-01-13,Benin,AFRO,50,3413,0,46
2021-01-14,Benin,AFRO,0,3413,0,46
2021-01-15,Benin,AFRO,0,3413,0,46
2021-01-16,Benin,AFRO,0,3413,0,46
2021-01-17,Benin,AFRO,0,3413,0,46
2021-01-18,Benin,AFRO,0,3413,0,46
2021-01-19,Benin,AFRO,0,3413,0,46
2021-01-20,Benin,AFRO,169,3582,2,48
2021-01-21,Benin,AFRO,0,3582,0,48
2021-01-22,Benin,AFRO,0,3582,0,48
2021-01-23,Benin,AFRO,61,3643,0,48
2021-01-24,Benin,AFRO,0,3643,0,48
2021-01-25,Benin,AFRO,0,3643,0,48
2021-01-26,Benin,AFRO,0,3643,0,48
2021-01-27,Benin,AFRO,143,3786,0,48
2021-01-28,Benin,AFRO,0,3786,0,48
2021-01-29,Benin,AFRO,0,3786,0,48
2021-01-30,Benin,AFRO,0,3786,0,48
2021-01-31,Benin,AFRO,0,3786,0,48
2021-02-01,Benin,AFRO,107,3893,4,52
2021-02-02,Benin,AFRO,0,3893,0,52
2021-02-03,Benin,AFRO,226,4119,2,54
2021-02-04,Benin,AFRO,0,4119,0,54
2021-02-05,Benin,AFRO,0,4119,0,54
2021-02-06,Benin,AFRO,74,4193,1,55
2021-02-07,Benin,AFRO,0,4193,0,55
2021-02-08,Benin,AFRO,0,4193,0,55
2021-02-09,Benin,AFRO,0,4193,0,55
2021-02-10,Benin,AFRO,367,4560,1,56
2021-02-11,Benin,AFRO,0,4560,0,56
2021-02-12,Benin,AFRO,0,4560,0,56
2021-02-13,Benin,AFRO,0,4560,0,56
2021-02-14,Benin,AFRO,0,4560,0,56
2021-02-15,Benin,AFRO,0,4560,0,56
2021-02-16,Benin,AFRO,479,5039,6,62
2021-02-17,Benin,AFRO,0,5039,0,62
2021-02-18,Benin,AFRO,104,5143,3,65
2021-02-19,Benin,AFRO,0,5143,0,65
2021-02-20,Benin,AFRO,0,5143,0,65
2021-02-21,Benin,AFRO,0,5143,0,65
2021-02-22,Benin,AFRO,291,5434,5,70
2021-02-23,Benin,AFRO,0,5434,0,70
2021-02-24,Benin,AFRO,200,5634,0,70
2021-02-25,Benin,AFRO,0,5634,0,70
2021-02-26,Benin,AFRO,0,5634,0,70
2021-02-27,Benin,AFRO,0,5634,0,70
2021-02-28,Benin,AFRO,0,5634,0,70
2021-03-01,Benin,AFRO,0,5634,0,70
2021-03-02,Benin,AFRO,0,5634,0,70
2021-03-03,Benin,AFRO,437,6071,5,75
2021-03-04,Benin,AFRO,0,6071,0,75
2021-03-05,Benin,AFRO,0,6071,0,75
2021-03-06,Benin,AFRO,0,6071,0,75
2021-03-07,Benin,AFRO,0,6071,0,75
2021-03-08,Benin,AFRO,0,6071,0,75
2021-03-09,Benin,AFRO,267,6338,6,81
2021-03-10,Benin,AFRO,166,6504,0,81
2021-03-11,Benin,AFRO,-3,6501,0,81
2021-03-12,Benin,AFRO,0,6501,0,81
2021-03-13,Benin,AFRO,0,6501,0,81
2021-03-14,Benin,AFRO,0,6501,0,81
2021-03-15,Benin,AFRO,0,6501,0,81
2021-03-16,Benin,AFRO,0,6501,0,81
2021-03-17,Benin,AFRO,317,6818,9,90
2021-03-18,Benin,AFRO,0,6818,0,90
2021-03-19,Benin,AFRO,0,6818,0,90
2021-03-20,Benin,AFRO,0,6818,0,90
2021-03-21,Benin,AFRO,0,6818,0,90
2021-03-22,Benin,AFRO,0,6818,0,90
2021-03-23,Benin,AFRO,0,6818,0,90
2021-03-24,Benin,AFRO,282,7100,0,90
2021-03-25,Benin,AFRO,0,7100,0,90
2021-03-26,Benin,AFRO,0,7100,0,90
2021-03-27,Benin,AFRO,0,7100,0,90
2021-03-28,Benin,AFRO,0,7100,0,90
2021-03-29,Benin,AFRO,0,7100,0,90
2021-03-30,Benin,AFRO,0,7100,0,90
2021-03-31,Benin,AFRO,0,7100,0,90
2021-04-01,Benin,AFRO,213,7313,3,93
2021-04-02,Benin,AFRO,0,7313,0,93
2021-04-03,Benin,AFRO,0,7313,0,93
2021-04-04,Benin,AFRO,0,7313,0,93
2021-04-05,Benin,AFRO,0,7313,0,93
2021-04-06,Benin,AFRO,0,7313,0,93
2021-04-07,Benin,AFRO,0,7313,0,93
2021-04-08,Benin,AFRO,202,7515,0,93
2021-04-09,Benin,AFRO,0,7515,0,93
2021-04-10,Benin,AFRO,0,7515,0,93
2021-04-11,Benin,AFRO,0,7515,0,93
2021-04-12,Benin,AFRO,0,7515,0,93
2021-04-13,Benin,AFRO,0,7515,0,93
2021-04-14,Benin,AFRO,96,7611,3,96
2021-04-15,Benin,AFRO,0,7611,0,96
2021-04-16,Benin,AFRO,0,7611,0,96
2021-04-17,Benin,AFRO,0,7611,0,96
2021-04-18,Benin,AFRO,0,7611,0,96
2021-04-19,Benin,AFRO,0,7611,0,96
2021-04-20,Benin,AFRO,0,7611,0,96
2021-04-21,Benin,AFRO,109,7720,1,97
2021-04-22,Benin,AFRO,0,7720,0,97
2021-04-23,Benin,AFRO,0,7720,0,97
2021-04-24,Benin,AFRO,0,7720,0,97
2021-04-25,Benin,AFRO,0,7720,0,97
2021-04-26,Benin,AFRO,0,7720,0,97
2021-04-27,Benin,AFRO,0,7720,0,97
2021-04-28,Benin,AFRO,101,7821,2,99
2021-04-29,Benin,AFRO,0,7821,0,99
2021-04-30,Benin,AFRO,0,7821,0,99
2021-05-01,Benin,AFRO,0,7821,0,99
2021-05-02,Benin,AFRO,0,7821,0,99
2021-05-03,Benin,AFRO,0,7821,0,99
2021-05-04,Benin,AFRO,63,7884,1,100
2021-05-05,Benin,AFRO,0,7884,0,100
2021-05-06,Benin,AFRO,0,7884,0,100
2021-05-07,Benin,AFRO,0,7884,0,100
2021-05-08,Benin,AFRO,0,7884,0,100
2021-05-09,Benin,AFRO,0,7884,0,100
2021-05-10,Benin,AFRO,0,7884,0,100
2021-05-11,Benin,AFRO,100,7984,1,101
2021-05-12,Benin,AFRO,0,7984,0,101
2021-05-13,Benin,AFRO,0,7984,0,101
2021-05-14,Benin,AFRO,0,7984,0,101
2021-05-15,Benin,AFRO,0,7984,0,101
2021-05-16,Benin,AFRO,0,7984,0,101
2021-05-17,Benin,AFRO,0,7984,0,101
2021-05-18,Benin,AFRO,0,7984,0,101
2021-05-19,Benin,AFRO,41,8025,0,101
2021-05-20,Benin,AFRO,0,8025,0,101
2021-05-21,Benin,AFRO,0,8025,0,101
2021-05-22,Benin,AFRO,0,8025,0,101
2021-05-23,Benin,AFRO,0,8025,0,101
2021-05-24,Benin,AFRO,0,8025,0,101
2021-05-25,Benin,AFRO,0,8025,0,101
2021-05-26,Benin,AFRO,33,8058,0,101
2021-05-27,Benin,AFRO,0,8058,0,101
2021-05-28,Benin,AFRO,0,8058,0,101
2021-05-29,Benin,AFRO,0,8058,0,101
2021-05-30,Benin,AFRO,0,8058,0,101
2021-01-01,Bermuda,AMRO,9,604,0,10
2021-01-02,Bermuda,AMRO,0,604,0,10
2021-01-03,Bermuda,AMRO,0,604,0,10
2021-01-04,Bermuda,AMRO,18,622,0,10
2021-01-05,Bermuda,AMRO,0,622,0,10
2021-01-06,Bermuda,AMRO,2,624,0,10
2021-01-07,Bermuda,AMRO,8,632,1,11
2021-01-08,Bermuda,AMRO,4,636,0,11
2021-01-09,Bermuda,AMRO,5,641,1,12
2021-01-10,Bermuda,AMRO,5,646,0,12
2021-01-11,Bermuda,AMRO,6,652,0,12
2021-01-12,Bermuda,AMRO,0,652,0,12
2021-01-13,Bermuda,AMRO,4,656,0,12
2021-01-14,Bermuda,AMRO,5,661,0,12
2021-01-15,Bermuda,AMRO,3,664,0,12
2021-01-16,Bermuda,AMRO,3,667,0,12
2021-01-17,Bermuda,AMRO,3,670,0,12
2021-01-18,Bermuda,AMRO,0,670,0,12
2021-01-19,Bermuda,AMRO,0,670,0,12
2021-01-20,Bermuda,AMRO,13,683,0,12
2021-01-21,Bermuda,AMRO,1,684,0,12
2021-01-22,Bermuda,AMRO,0,684,0,12
2021-01-23,Bermuda,AMRO,2,686,0,12
2021-01-24,Bermuda,AMRO,0,686,0,12
2021-01-25,Bermuda,AMRO,0,686,0,12
2021-01-26,Bermuda,AMRO,0,686,0,12
2021-01-27,Bermuda,AMRO,0,686,0,12
2021-01-28,Bermuda,AMRO,2,688,0,12
2021-01-29,Bermuda,AMRO,1,689,0,12
2021-01-30,Bermuda,AMRO,1,690,0,12
2021-01-31,Bermuda,AMRO,1,691,0,12
2021-02-01,Bermuda,AMRO,0,691,0,12
2021-02-02,Bermuda,AMRO,0,691,0,12
2021-02-03,Bermuda,AMRO,1,692,0,12
2021-02-04,Bermuda,AMRO,0,692,0,12
2021-02-05,Bermuda,AMRO,0,692,0,12
2021-02-06,Bermuda,AMRO,0,692,0,12
2021-02-07,Bermuda,AMRO,0,692,0,12
2021-02-08,Bermuda,AMRO,0,692,0,12
2021-02-09,Bermuda,AMRO,0,692,0,12
2021-02-10,Bermuda,AMRO,2,694,0,12
2021-02-11,Bermuda,AMRO,0,694,0,12
2021-02-12,Bermuda,AMRO,0,694,0,12
2021-02-13,Bermuda,AMRO,0,694,0,12
2021-02-14,Bermuda,AMRO,0,694,0,12
2021-02-15,Bermuda,AMRO,0,694,0,12
2021-02-16,Bermuda,AMRO,1,695,0,12
2021-02-17,Bermuda,AMRO,0,695,0,12
2021-02-18,Bermuda,AMRO,0,695,0,12
2021-02-19,Bermuda,AMRO,2,697,0,12
2021-02-20,Bermuda,AMRO,2,699,0,12
2021-02-21,Bermuda,AMRO,0,699,0,12
2021-02-22,Bermuda,AMRO,0,699,0,12
2021-02-23,Bermuda,AMRO,0,699,0,12
2021-02-24,Bermuda,AMRO,0,699,0,12
2021-02-25,Bermuda,AMRO,4,703,0,12
2021-02-26,Bermuda,AMRO,0,703,0,12
2021-02-27,Bermuda,AMRO,2,705,0,12
2021-02-28,Bermuda,AMRO,0,705,0,12
2021-03-01,Bermuda,AMRO,0,705,0,12
2021-03-02,Bermuda,AMRO,0,705,0,12
2021-03-03,Bermuda,AMRO,8,713,0,12
2021-03-04,Bermuda,AMRO,0,713,0,12
2021-03-05,Bermuda,AMRO,5,718,0,12
2021-03-06,Bermuda,AMRO,3,721,0,12
2021-03-07,Bermuda,AMRO,1,722,0,12
2021-03-08,Bermuda,AMRO,0,722,0,12
2021-03-09,Bermuda,AMRO,0,722,0,12
2021-03-10,Bermuda,AMRO,2,724,0,12
2021-03-11,Bermuda,AMRO,0,724,0,12
2021-03-12,Bermuda,AMRO,7,731,0,12
2021-03-13,Bermuda,AMRO,1,732,0,12
2021-03-14,Bermuda,AMRO,3,735,0,12
2021-03-15,Bermuda,AMRO,0,735,0,12
2021-03-16,Bermuda,AMRO,0,735,0,12
2021-03-17,Bermuda,AMRO,5,740,0,12
2021-03-18,Bermuda,AMRO,2,742,0,12
2021-03-19,Bermuda,AMRO,7,749,0,12
2021-03-20,Bermuda,AMRO,18,767,0,12
2021-03-21,Bermuda,AMRO,0,767,0,12
2021-03-22,Bermuda,AMRO,22,789,0,12
2021-03-23,Bermuda,AMRO,0,789,0,12
2021-03-24,Bermuda,AMRO,41,830,0,12
2021-03-25,Bermuda,AMRO,10,840,0,12
2021-03-26,Bermuda,AMRO,40,880,0,12
2021-03-27,Bermuda,AMRO,34,914,0,12
2021-03-28,Bermuda,AMRO,33,947,0,12
2021-03-29,Bermuda,AMRO,81,1028,0,12
2021-03-30,Bermuda,AMRO,0,1028,0,12
2021-03-31,Bermuda,AMRO,108,1136,0,12
2021-04-01,Bermuda,AMRO,21,1157,0,12
2021-04-02,Bermuda,AMRO,60,1217,0,12
2021-04-03,Bermuda,AMRO,75,1292,0,12
2021-04-04,Bermuda,AMRO,70,1362,0,12
2021-04-05,Bermuda,AMRO,38,1400,0,12
2021-04-06,Bermuda,AMRO,0,1400,2,14
2021-04-07,Bermuda,AMRO,69,1469,0,14
2021-04-08,Bermuda,AMRO,28,1497,0,14
2021-04-09,Bermuda,AMRO,89,1586,0,14
2021-04-10,Bermuda,AMRO,71,1657,0,14
2021-04-11,Bermuda,AMRO,116,1773,0,14
2021-04-12,Bermuda,AMRO,0,1773,0,14
2021-04-13,Bermuda,AMRO,118,1891,2,16
2021-04-14,Bermuda,AMRO,21,1912,0,16
2021-04-15,Bermuda,AMRO,23,1935,0,16
2021-04-16,Bermuda,AMRO,51,1986,1,17
2021-04-17,Bermuda,AMRO,37,2023,0,17
2021-04-18,Bermuda,AMRO,37,2060,0,17
2021-04-19,Bermuda,AMRO,63,2123,1,18
2021-04-20,Bermuda,AMRO,0,2123,1,19
2021-04-21,Bermuda,AMRO,91,2214,1,20
2021-04-22,Bermuda,AMRO,12,2226,0,20
2021-04-23,Bermuda,AMRO,35,2261,2,22
2021-04-24,Bermuda,AMRO,23,2284,1,23
2021-04-25,Bermuda,AMRO,31,2315,0,23
2021-04-26,Bermuda,AMRO,20,2335,0,23
2021-04-27,Bermuda,AMRO,0,2335,0,23
2021-04-28,Bermuda,AMRO,22,2357,1,24
2021-04-29,Bermuda,AMRO,5,2362,0,24
2021-04-30,Bermuda,AMRO,12,2374,0,24
2021-05-01,Bermuda,AMRO,8,2382,3,27
2021-05-02,Bermuda,AMRO,11,2393,1,28
2021-05-03,Bermuda,AMRO,0,2393,1,29
2021-05-04,Bermuda,AMRO,0,2393,0,29
2021-05-05,Bermuda,AMRO,29,2422,1,30
2021-05-06,Bermuda,AMRO,5,2427,0,30
2021-05-07,Bermuda,AMRO,2,2429,0,30
2021-05-08,Bermuda,AMRO,3,2432,0,30
2021-05-09,Bermuda,AMRO,2,2434,0,30
2021-05-10,Bermuda,AMRO,0,2434,1,31
2021-05-11,Bermuda,AMRO,0,2434,0,31
2021-05-12,Bermuda,AMRO,17,2451,0,31
2021-05-13,Bermuda,AMRO,4,2455,0,31
2021-05-14,Bermuda,AMRO,6,2461,0,31
2021-05-15,Bermuda,AMRO,1,2462,1,32
2021-05-16,Bermuda,AMRO,4,2466,0,32
2021-05-17,Bermuda,AMRO,0,2466,0,32
2021-05-18,Bermuda,AMRO,0,2466,0,32
2021-05-19,Bermuda,AMRO,11,2477,0,32
2021-05-20,Bermuda,AMRO,2,2479,0,32
2021-05-21,Bermuda,AMRO,0,2479,0,32
2021-05-22,Bermuda,AMRO,4,2483,0,32
2021-05-23,Bermuda,AMRO,5,2488,0,32
2021-05-24,Bermuda,AMRO,0,2488,0,32
2021-05-25,Bermuda,AMRO,0,2488,0,32
2021-05-26,Bermuda,AMRO,2,2490,0,32
2021-05-27,Bermuda,AMRO,0,2490,0,32
2021-05-28,Bermuda,AMRO,1,2491,0,32
2021-05-29,Bermuda,AMRO,0,2491,0,32
2021-05-30,Bermuda,AMRO,0,2491,0,32
2021-01-01,Bhutan,SEARO,19,689,0,0
2021-01-02,Bhutan,SEARO,21,710,0,0
2021-01-03,Bhutan,SEARO,6,716,0,0
2021-01-04,Bhutan,SEARO,18,734,0,0
2021-01-05,Bhutan,SEARO,0,734,0,0
2021-01-06,Bhutan,SEARO,21,755,0,0
2021-01-07,Bhutan,SEARO,12,767,0,0
2021-01-08,Bhutan,SEARO,4,771,1,1
2021-01-09,Bhutan,SEARO,39,810,0,1
2021-01-10,Bhutan,SEARO,3,813,0,1
2021-01-11,Bhutan,SEARO,12,825,0,1
2021-01-12,Bhutan,SEARO,6,831,0,1
2021-01-13,Bhutan,SEARO,2,833,0,1
2021-01-14,Bhutan,SEARO,1,834,0,1
2021-01-15,Bhutan,SEARO,3,837,0,1
2021-01-16,Bhutan,SEARO,5,842,0,1
2021-01-17,Bhutan,SEARO,0,842,0,1
2021-01-18,Bhutan,SEARO,1,843,0,1
2021-01-19,Bhutan,SEARO,5,848,0,1
2021-01-20,Bhutan,SEARO,2,850,0,1
2021-01-21,Bhutan,SEARO,1,851,0,1
2021-01-22,Bhutan,SEARO,0,851,0,1
2021-01-23,Bhutan,SEARO,3,854,0,1
2021-01-24,Bhutan,SEARO,1,855,0,1
2021-01-25,Bhutan,SEARO,1,856,0,1
2021-01-26,Bhutan,SEARO,0,856,0,1
2021-01-27,Bhutan,SEARO,0,856,0,1
2021-01-28,Bhutan,SEARO,1,857,0,1
2021-01-29,Bhutan,SEARO,1,858,0,1
2021-01-30,Bhutan,SEARO,0,858,0,1
2021-01-31,Bhutan,SEARO,1,859,0,1
2021-02-01,Bhutan,SEARO,0,859,0,1
2021-02-02,Bhutan,SEARO,0,859,0,1
2021-02-03,Bhutan,SEARO,0,859,0,1
2021-02-04,Bhutan,SEARO,0,859,0,1
2021-02-05,Bhutan,SEARO,2,861,0,1
2021-02-06,Bhutan,SEARO,0,861,0,1
2021-02-07,Bhutan,SEARO,0,861,0,1
2021-02-08,Bhutan,SEARO,0,861,0,1
2021-02-09,Bhutan,SEARO,0,861,0,1
2021-02-10,Bhutan,SEARO,0,861,0,1
2021-02-11,Bhutan,SEARO,0,861,0,1
2021-02-12,Bhutan,SEARO,2,863,0,1
2021-02-13,Bhutan,SEARO,0,863,0,1
2021-02-14,Bhutan,SEARO,1,864,0,1
2021-02-15,Bhutan,SEARO,2,866,0,1
2021-02-16,Bhutan,SEARO,0,866,0,1
2021-02-17,Bhutan,SEARO,0,866,0,1
2021-02-18,Bhutan,SEARO,0,866,0,1
2021-02-19,Bhutan,SEARO,0,866,0,1
2021-02-20,Bhutan,SEARO,0,866,0,1
2021-02-21,Bhutan,SEARO,0,866,0,1
2021-02-22,Bhutan,SEARO,0,866,0,1
2021-02-23,Bhutan,SEARO,1,867,0,1
2021-02-24,Bhutan,SEARO,0,867,0,1
2021-02-25,Bhutan,SEARO,0,867,0,1
2021-02-26,Bhutan,SEARO,0,867,0,1
2021-02-27,Bhutan,SEARO,0,867,0,1
2021-02-28,Bhutan,SEARO,0,867,0,1
2021-03-01,Bhutan,SEARO,0,867,0,1
2021-03-02,Bhutan,SEARO,0,867,0,1
2021-03-03,Bhutan,SEARO,0,867,0,1
2021-03-04,Bhutan,SEARO,0,867,0,1
2021-03-05,Bhutan,SEARO,0,867,0,1
2021-03-06,Bhutan,SEARO,1,868,0,1
2021-03-07,Bhutan,SEARO,0,868,0,1
2021-03-08,Bhutan,SEARO,0,868,0,1
2021-03-09,Bhutan,SEARO,0,868,0,1
2021-03-10,Bhutan,SEARO,0,868,0,1
2021-03-11,Bhutan,SEARO,0,868,0,1
2021-03-12,Bhutan,SEARO,0,868,0,1
2021-03-13,Bhutan,SEARO,0,868,0,1
2021-03-14,Bhutan,SEARO,0,868,0,1
2021-03-15,Bhutan,SEARO,0,868,0,1
2021-03-16,Bhutan,SEARO,0,868,0,1
2021-03-17,Bhutan,SEARO,0,868,0,1
2021-03-18,Bhutan,SEARO,0,868,0,1
2021-03-19,Bhutan,SEARO,0,868,0,1
2021-03-20,Bhutan,SEARO,1,869,0,1
2021-03-21,Bhutan,SEARO,0,869,0,1
2021-03-22,Bhutan,SEARO,0,869,0,1
2021-03-23,Bhutan,SEARO,0,869,0,1
2021-03-24,Bhutan,SEARO,1,870,0,1
2021-03-25,Bhutan,SEARO,0,870,0,1
2021-03-26,Bhutan,SEARO,0,870,0,1
2021-03-27,Bhutan,SEARO,1,871,0,1
2021-03-28,Bhutan,SEARO,1,872,0,1
2021-03-29,Bhutan,SEARO,0,872,0,1
2021-03-30,Bhutan,SEARO,0,872,0,1
2021-03-31,Bhutan,SEARO,1,873,0,1
2021-04-01,Bhutan,SEARO,13,886,0,1
2021-04-02,Bhutan,SEARO,3,889,0,1
2021-04-03,Bhutan,SEARO,2,891,0,1
2021-04-04,Bhutan,SEARO,0,891,0,1
2021-04-05,Bhutan,SEARO,0,891,0,1
2021-04-06,Bhutan,SEARO,5,896,0,1
2021-04-07,Bhutan,SEARO,4,900,0,1
2021-04-08,Bhutan,SEARO,0,900,0,1
2021-04-09,Bhutan,SEARO,6,906,0,1
2021-04-10,Bhutan,SEARO,4,910,0,1
2021-04-11,Bhutan,SEARO,8,918,0,1
2021-04-12,Bhutan,SEARO,3,921,0,1
2021-04-13,Bhutan,SEARO,6,927,0,1
2021-04-14,Bhutan,SEARO,2,929,0,1
2021-04-15,Bhutan,SEARO,5,934,0,1
2021-04-16,Bhutan,SEARO,7,941,0,1
2021-04-17,Bhutan,SEARO,11,952,0,1
2021-04-18,Bhutan,SEARO,5,957,0,1
2021-04-19,Bhutan,SEARO,4,961,0,1
2021-04-20,Bhutan,SEARO,5,966,0,1
2021-04-21,Bhutan,SEARO,20,986,0,1
2021-04-22,Bhutan,SEARO,6,992,0,1
2021-04-23,Bhutan,SEARO,16,1008,0,1
2021-04-24,Bhutan,SEARO,10,1018,0,1
2021-04-25,Bhutan,SEARO,4,1022,0,1
2021-04-26,Bhutan,SEARO,4,1026,0,1
2021-04-27,Bhutan,SEARO,27,1053,0,1
2021-04-28,Bhutan,SEARO,6,1059,0,1
2021-04-29,Bhutan,SEARO,7,1066,0,1
2021-04-30,Bhutan,SEARO,8,1074,0,1
2021-05-01,Bhutan,SEARO,32,1106,0,1
2021-05-02,Bhutan,SEARO,5,1111,0,1
2021-05-03,Bhutan,SEARO,8,1119,0,1
2021-05-04,Bhutan,SEARO,16,1135,0,1
2021-05-05,Bhutan,SEARO,9,1144,0,1
2021-05-06,Bhutan,SEARO,17,1161,0,1
2021-05-07,Bhutan,SEARO,29,1190,0,1
2021-05-08,Bhutan,SEARO,12,1202,0,1
2021-05-09,Bhutan,SEARO,19,1221,0,1
2021-05-10,Bhutan,SEARO,20,1241,0,1
2021-05-11,Bhutan,SEARO,6,1247,0,1
2021-05-12,Bhutan,SEARO,10,1257,0,1
2021-05-13,Bhutan,SEARO,6,1263,0,1
2021-05-14,Bhutan,SEARO,13,1276,0,1
2021-05-15,Bhutan,SEARO,3,1279,0,1
2021-05-16,Bhutan,SEARO,7,1286,0,1
2021-05-17,Bhutan,SEARO,10,1296,0,1
2021-05-18,Bhutan,SEARO,13,1309,0,1
2021-05-19,Bhutan,SEARO,13,1322,0,1
2021-05-20,Bhutan,SEARO,16,1338,0,1
2021-05-21,Bhutan,SEARO,36,1374,0,1
2021-05-22,Bhutan,SEARO,18,1392,0,1
2021-05-23,Bhutan,SEARO,2,1394,0,1
2021-05-24,Bhutan,SEARO,17,1411,0,1
2021-05-25,Bhutan,SEARO,12,1423,0,1
2021-05-26,Bhutan,SEARO,41,1464,0,1
2021-05-27,Bhutan,SEARO,27,1491,0,1
2021-05-28,Bhutan,SEARO,12,1503,0,1
2021-05-29,Bhutan,SEARO,100,1603,0,1
2021-05-30,Bhutan,SEARO,9,1612,0,1
2021-01-01,Bolivia (Plurinational State of),AMRO,1485,158372,14,9149
2021-01-02,Bolivia (Plurinational State of),AMRO,1752,160124,16,9165
2021-01-03,Bolivia (Plurinational State of),AMRO,1931,162055,21,9186
2021-01-04,Bolivia (Plurinational State of),AMRO,0,162055,0,9186
2021-01-05,Bolivia (Plurinational State of),AMRO,606,162661,15,9201
2021-01-06,Bolivia (Plurinational State of),AMRO,1010,163671,18,9219
2021-01-07,Bolivia (Plurinational State of),AMRO,1597,165268,22,9241
2021-01-08,Bolivia (Plurinational State of),AMRO,1713,166981,46,9287
2021-01-09,Bolivia (Plurinational State of),AMRO,1910,168891,17,9304
2021-01-10,Bolivia (Plurinational State of),AMRO,2263,171154,24,9328
2021-01-11,Bolivia (Plurinational State of),AMRO,1644,172798,23,9351
2021-01-12,Bolivia (Plurinational State of),AMRO,1098,173896,25,9376
2021-01-13,Bolivia (Plurinational State of),AMRO,1392,175288,39,9415
2021-01-14,Bolivia (Plurinational State of),AMRO,1473,176761,39,9454
2021-01-15,Bolivia (Plurinational State of),AMRO,2057,178818,39,9493
2021-01-16,Bolivia (Plurinational State of),AMRO,2198,181016,37,9530
2021-01-17,Bolivia (Plurinational State of),AMRO,2573,183589,41,9571
2021-01-18,Bolivia (Plurinational State of),AMRO,2091,185680,25,9596
2021-01-19,Bolivia (Plurinational State of),AMRO,1503,187183,40,9636
2021-01-20,Bolivia (Plurinational State of),AMRO,1550,188733,44,9680
2021-01-21,Bolivia (Plurinational State of),AMRO,2357,191090,42,9722
2021-01-22,Bolivia (Plurinational State of),AMRO,2655,193745,42,9764
2021-01-23,Bolivia (Plurinational State of),AMRO,2648,196393,54,9818
2021-01-24,Bolivia (Plurinational State of),AMRO,1864,198257,53,9871
2021-01-25,Bolivia (Plurinational State of),AMRO,1732,199989,56,9927
2021-01-26,Bolivia (Plurinational State of),AMRO,1048,201037,58,9985
2021-01-27,Bolivia (Plurinational State of),AMRO,1781,202818,66,10051
2021-01-28,Bolivia (Plurinational State of),AMRO,2390,205208,54,10105
2021-01-29,Bolivia (Plurinational State of),AMRO,2866,208074,62,10167
2021-01-30,Bolivia (Plurinational State of),AMRO,2652,210726,59,10226
2021-01-31,Bolivia (Plurinational State of),AMRO,2666,213392,0,10226
2021-02-01,Bolivia (Plurinational State of),AMRO,2005,215397,104,10330
2021-02-02,Bolivia (Plurinational State of),AMRO,1438,216835,49,10379
2021-02-03,Bolivia (Plurinational State of),AMRO,1464,218299,60,10439
2021-02-04,Bolivia (Plurinational State of),AMRO,2127,220426,74,10513
2021-02-05,Bolivia (Plurinational State of),AMRO,2021,222447,58,10571
2021-02-06,Bolivia (Plurinational State of),AMRO,1787,224234,62,10633
2021-02-07,Bolivia (Plurinational State of),AMRO,1676,225910,54,10687
2021-02-08,Bolivia (Plurinational State of),AMRO,1218,227128,66,10753
2021-02-09,Bolivia (Plurinational State of),AMRO,839,227967,43,10796
2021-02-10,Bolivia (Plurinational State of),AMRO,1220,229187,68,10864
2021-02-11,Bolivia (Plurinational State of),AMRO,1544,230731,65,10929
2021-02-12,Bolivia (Plurinational State of),AMRO,1771,232502,67,10996
2021-02-13,Bolivia (Plurinational State of),AMRO,1352,233854,48,11044
2021-02-14,Bolivia (Plurinational State of),AMRO,1244,235098,63,11107
2021-02-15,Bolivia (Plurinational State of),AMRO,938,236036,48,11155
2021-02-16,Bolivia (Plurinational State of),AMRO,696,236732,47,11202
2021-02-17,Bolivia (Plurinational State of),AMRO,412,237144,32,11234
2021-02-18,Bolivia (Plurinational State of),AMRO,562,237706,40,11274
2021-02-19,Bolivia (Plurinational State of),AMRO,789,238495,29,11303
2021-02-20,Bolivia (Plurinational State of),AMRO,1029,239524,50,11353
2021-02-21,Bolivia (Plurinational State of),AMRO,1152,240676,37,11390
2021-02-22,Bolivia (Plurinational State of),AMRO,1095,241771,27,11417
2021-02-23,Bolivia (Plurinational State of),AMRO,521,242292,24,11441
2021-02-24,Bolivia (Plurinational State of),AMRO,884,243176,29,11470
2021-02-25,Bolivia (Plurinational State of),AMRO,1204,244380,38,11508
2021-02-26,Bolivia (Plurinational State of),AMRO,1339,245719,39,11547
2021-02-27,Bolivia (Plurinational State of),AMRO,1103,246822,30,11577
2021-02-28,Bolivia (Plurinational State of),AMRO,1069,247891,32,11609
2021-03-01,Bolivia (Plurinational State of),AMRO,656,248547,19,11628
2021-03-02,Bolivia (Plurinational State of),AMRO,463,249010,21,11649
2021-03-03,Bolivia (Plurinational State of),AMRO,757,249767,17,11666
2021-03-04,Bolivia (Plurinational State of),AMRO,790,250557,37,11703
2021-03-05,Bolivia (Plurinational State of),AMRO,834,251391,31,11734
2021-03-06,Bolivia (Plurinational State of),AMRO,969,252360,27,11761
2021-03-07,Bolivia (Plurinational State of),AMRO,937,253297,28,11789
2021-03-08,Bolivia (Plurinational State of),AMRO,653,253950,18,11807
2021-03-09,Bolivia (Plurinational State of),AMRO,323,254273,16,11823
2021-03-10,Bolivia (Plurinational State of),AMRO,463,254736,22,11845
2021-03-11,Bolivia (Plurinational State of),AMRO,885,255621,13,11858
2021-03-12,Bolivia (Plurinational State of),AMRO,841,256462,26,11884
2021-03-13,Bolivia (Plurinational State of),AMRO,778,257240,19,11903
2021-03-14,Bolivia (Plurinational State of),AMRO,1084,258324,0,11903
2021-03-15,Bolivia (Plurinational State of),AMRO,680,259004,41,11944
2021-03-16,Bolivia (Plurinational State of),AMRO,385,259389,14,11958
2021-03-17,Bolivia (Plurinational State of),AMRO,670,260059,16,11974
2021-03-18,Bolivia (Plurinational State of),AMRO,929,260988,23,11997
2021-03-19,Bolivia (Plurinational State of),AMRO,1068,262056,18,12015
2021-03-20,Bolivia (Plurinational State of),AMRO,885,262941,13,12028
2021-03-21,Bolivia (Plurinational State of),AMRO,867,263808,13,12041
2021-03-22,Bolivia (Plurinational State of),AMRO,603,264411,10,12051
2021-03-23,Bolivia (Plurinational State of),AMRO,223,264634,9,12060
2021-03-24,Bolivia (Plurinational State of),AMRO,573,265207,14,12074
2021-03-25,Bolivia (Plurinational State of),AMRO,879,266086,19,12093
2021-03-26,Bolivia (Plurinational State of),AMRO,973,267059,14,12107
2021-03-27,Bolivia (Plurinational State of),AMRO,774,267833,24,12131
2021-03-28,Bolivia (Plurinational State of),AMRO,878,268711,12,12143
2021-03-29,Bolivia (Plurinational State of),AMRO,591,269302,22,12165
2021-03-30,Bolivia (Plurinational State of),AMRO,326,269628,21,12186
2021-03-31,Bolivia (Plurinational State of),AMRO,719,270347,25,12211
2021-04-01,Bolivia (Plurinational State of),AMRO,1072,271419,28,12239
2021-04-02,Bolivia (Plurinational State of),AMRO,992,272411,18,12257
2021-04-03,Bolivia (Plurinational State of),AMRO,916,273327,23,12280
2021-04-04,Bolivia (Plurinational State of),AMRO,620,273947,25,12305
2021-04-05,Bolivia (Plurinational State of),AMRO,520,274467,11,12316
2021-04-06,Bolivia (Plurinational State of),AMRO,467,274934,8,12324
2021-04-07,Bolivia (Plurinational State of),AMRO,458,275392,20,12344
2021-04-08,Bolivia (Plurinational State of),AMRO,1498,276890,22,12366
2021-04-09,Bolivia (Plurinational State of),AMRO,1076,277966,19,12385
2021-04-10,Bolivia (Plurinational State of),AMRO,1241,279207,27,12412
2021-04-11,Bolivia (Plurinational State of),AMRO,1442,280649,16,12428
2021-04-12,Bolivia (Plurinational State of),AMRO,921,281570,14,12442
2021-04-13,Bolivia (Plurinational State of),AMRO,525,282095,9,12451
2021-04-14,Bolivia (Plurinational State of),AMRO,989,283084,18,12469
2021-04-15,Bolivia (Plurinational State of),AMRO,1099,284183,27,12496
2021-04-16,Bolivia (Plurinational State of),AMRO,1108,285291,23,12519
2021-04-17,Bolivia (Plurinational State of),AMRO,823,286114,84,12603
2021-04-18,Bolivia (Plurinational State of),AMRO,1246,287360,22,12625
2021-04-19,Bolivia (Plurinational State of),AMRO,1185,288545,9,12634
2021-04-20,Bolivia (Plurinational State of),AMRO,521,289066,14,12648
2021-04-21,Bolivia (Plurinational State of),AMRO,1296,290362,18,12666
2021-04-22,Bolivia (Plurinational State of),AMRO,1313,291675,29,12695
2021-04-23,Bolivia (Plurinational State of),AMRO,1386,293061,36,12731
2021-04-24,Bolivia (Plurinational State of),AMRO,1330,294391,27,12758
2021-04-25,Bolivia (Plurinational State of),AMRO,1501,295892,25,12783
2021-04-26,Bolivia (Plurinational State of),AMRO,1293,297185,29,12812
2021-04-27,Bolivia (Plurinational State of),AMRO,474,297659,12,12824
2021-04-28,Bolivia (Plurinational State of),AMRO,1119,298778,37,12861
2021-04-29,Bolivia (Plurinational State of),AMRO,1480,300258,24,12885
2021-04-30,Bolivia (Plurinational State of),AMRO,1573,301831,35,12920
2021-05-01,Bolivia (Plurinational State of),AMRO,1901,303732,31,12951
2021-05-02,Bolivia (Plurinational State of),AMRO,1862,305594,24,12975
2021-05-03,Bolivia (Plurinational State of),AMRO,933,306527,34,13009
2021-05-04,Bolivia (Plurinational State of),AMRO,1034,307561,12,13021
2021-05-05,Bolivia (Plurinational State of),AMRO,1423,308984,14,13035
2021-05-06,Bolivia (Plurinational State of),AMRO,1588,310572,47,13082
2021-05-07,Bolivia (Plurinational State of),AMRO,1835,312407,41,13123
2021-05-08,Bolivia (Plurinational State of),AMRO,1783,314190,28,13151
2021-05-09,Bolivia (Plurinational State of),AMRO,1963,316153,31,13182
2021-05-10,Bolivia (Plurinational State of),AMRO,1394,317547,23,13205
2021-05-11,Bolivia (Plurinational State of),AMRO,1063,318610,23,13228
2021-05-12,Bolivia (Plurinational State of),AMRO,1599,320209,30,13258
2021-05-13,Bolivia (Plurinational State of),AMRO,2369,322578,50,13308
2021-05-14,Bolivia (Plurinational State of),AMRO,2290,324868,37,13345
2021-05-15,Bolivia (Plurinational State of),AMRO,2356,327224,64,13409
2021-05-16,Bolivia (Plurinational State of),AMRO,2509,329733,42,13451
2021-05-17,Bolivia (Plurinational State of),AMRO,1783,331516,42,13493
2021-05-18,Bolivia (Plurinational State of),AMRO,1051,332567,24,13517
2021-05-19,Bolivia (Plurinational State of),AMRO,2257,334824,49,13566
2021-05-20,Bolivia (Plurinational State of),AMRO,2617,337441,69,13635
2021-05-21,Bolivia (Plurinational State of),AMRO,2766,340207,58,13693
2021-05-22,Bolivia (Plurinational State of),AMRO,2858,343065,87,13780
2021-05-23,Bolivia (Plurinational State of),AMRO,3005,346070,77,13857
2021-05-24,Bolivia (Plurinational State of),AMRO,2117,348187,53,13910
2021-05-25,Bolivia (Plurinational State of),AMRO,1466,349653,55,13965
2021-05-26,Bolivia (Plurinational State of),AMRO,2517,352170,59,14024
2021-05-27,Bolivia (Plurinational State of),AMRO,3179,355349,100,14124
2021-05-28,Bolivia (Plurinational State of),AMRO,3213,358562,102,14226
2021-05-29,Bolivia (Plurinational State of),AMRO,3018,361580,86,14312
2021-05-30,Bolivia (Plurinational State of),AMRO,2990,364570,65,14377
2021-01-01,Bonaire,AMRO,3,165,0,3
2021-01-02,Bonaire,AMRO,0,165,0,3
2021-01-03,Bonaire,AMRO,0,165,0,3
2021-01-04,Bonaire,AMRO,0,165,0,3
2021-01-05,Bonaire,AMRO,52,217,0,3
2021-01-06,Bonaire,AMRO,8,225,0,3
2021-01-07,Bonaire,AMRO,12,237,0,3
2021-01-08,Bonaire,AMRO,12,249,0,3
2021-01-09,Bonaire,AMRO,5,254,0,3
2021-01-10,Bonaire,AMRO,0,254,0,3
2021-01-11,Bonaire,AMRO,0,254,0,3
2021-01-12,Bonaire,AMRO,31,285,0,3
2021-01-13,Bonaire,AMRO,25,310,0,3
2021-01-14,Bonaire,AMRO,5,315,0,3
2021-01-15,Bonaire,AMRO,3,318,0,3
2021-01-16,Bonaire,AMRO,11,329,0,3
2021-01-17,Bonaire,AMRO,0,329,0,3
2021-01-18,Bonaire,AMRO,0,329,0,3
2021-01-19,Bonaire,AMRO,11,340,0,3
2021-01-20,Bonaire,AMRO,6,346,0,3
2021-01-21,Bonaire,AMRO,2,348,0,3
2021-01-22,Bonaire,AMRO,1,349,0,3
2021-01-23,Bonaire,AMRO,1,350,0,3
2021-01-24,Bonaire,AMRO,0,350,0,3
2021-01-25,Bonaire,AMRO,0,350,0,3
2021-01-26,Bonaire,AMRO,4,354,0,3
2021-01-27,Bonaire,AMRO,2,356,0,3
2021-01-28,Bonaire,AMRO,4,360,0,3
2021-01-29,Bonaire,AMRO,2,362,0,3
2021-01-30,Bonaire,AMRO,0,362,0,3
2021-01-31,Bonaire,AMRO,0,362,0,3
2021-02-01,Bonaire,AMRO,0,362,0,3
2021-02-02,Bonaire,AMRO,4,366,0,3
2021-02-03,Bonaire,AMRO,0,366,0,3
2021-02-04,Bonaire,AMRO,0,366,0,3
2021-02-05,Bonaire,AMRO,0,366,0,3
2021-02-06,Bonaire,AMRO,0,366,0,3
2021-02-07,Bonaire,AMRO,0,366,0,3
2021-02-08,Bonaire,AMRO,0,366,0,3
2021-02-09,Bonaire,AMRO,2,368,0,3
2021-02-10,Bonaire,AMRO,0,368,0,3
2021-02-11,Bonaire,AMRO,0,368,1,4
2021-02-12,Bonaire,AMRO,1,369,0,4
2021-02-13,Bonaire,AMRO,3,372,0,4
2021-02-14,Bonaire,AMRO,0,372,0,4
2021-02-15,Bonaire,AMRO,0,372,0,4
2021-02-16,Bonaire,AMRO,6,378,0,4
2021-02-17,Bonaire,AMRO,0,378,0,4
2021-02-18,Bonaire,AMRO,2,380,0,4
2021-02-19,Bonaire,AMRO,1,381,0,4
2021-02-20,Bonaire,AMRO,6,387,0,4
2021-02-21,Bonaire,AMRO,0,387,0,4
2021-02-22,Bonaire,AMRO,0,387,0,4
2021-02-23,Bonaire,AMRO,15,402,0,4
2021-02-24,Bonaire,AMRO,1,403,0,4
2021-02-25,Bonaire,AMRO,0,403,0,4
2021-02-26,Bonaire,AMRO,0,403,0,4
2021-02-27,Bonaire,AMRO,3,406,0,4
2021-02-28,Bonaire,AMRO,0,406,0,4
2021-03-01,Bonaire,AMRO,0,406,0,4
2021-03-02,Bonaire,AMRO,9,415,0,4
2021-03-03,Bonaire,AMRO,4,419,0,4
2021-03-04,Bonaire,AMRO,5,424,0,4
2021-03-05,Bonaire,AMRO,16,440,1,5
2021-03-06,Bonaire,AMRO,15,455,0,5
2021-03-07,Bonaire,AMRO,0,455,0,5
2021-03-08,Bonaire,AMRO,0,455,0,5
2021-03-09,Bonaire,AMRO,59,514,0,5
2021-03-10,Bonaire,AMRO,24,538,0,5
2021-03-11,Bonaire,AMRO,23,561,0,5
2021-03-12,Bonaire,AMRO,35,596,1,6
2021-03-13,Bonaire,AMRO,37,633,0,6
2021-03-14,Bonaire,AMRO,0,633,0,6
2021-03-15,Bonaire,AMRO,0,633,0,6
2021-03-16,Bonaire,AMRO,104,737,0,6
2021-03-17,Bonaire,AMRO,41,778,0,6
2021-03-18,Bonaire,AMRO,62,840,0,6
2021-03-19,Bonaire,AMRO,39,879,0,6
2021-03-20,Bonaire,AMRO,40,919,0,6
2021-03-21,Bonaire,AMRO,0,919,0,6
2021-03-22,Bonaire,AMRO,0,919,0,6
2021-03-23,Bonaire,AMRO,126,1045,2,8
2021-03-24,Bonaire,AMRO,47,1092,1,9
2021-03-25,Bonaire,AMRO,27,1119,1,10
2021-03-26,Bonaire,AMRO,73,1192,0,10
2021-03-27,Bonaire,AMRO,29,1221,0,10
2021-03-28,Bonaire,AMRO,0,1221,0,10
2021-03-29,Bonaire,AMRO,0,1221,0,10
2021-03-30,Bonaire,AMRO,78,1299,0,10
2021-03-31,Bonaire,AMRO,16,1315,0,10
2021-04-01,Bonaire,AMRO,27,1342,0,10
2021-04-02,Bonaire,AMRO,25,1367,0,10
2021-04-03,Bonaire,AMRO,18,1385,1,11
2021-04-04,Bonaire,AMRO,0,1385,0,11
2021-04-05,Bonaire,AMRO,0,1385,0,11
2021-04-06,Bonaire,AMRO,0,1385,0,11
2021-04-07,Bonaire,AMRO,57,1442,3,14
2021-04-08,Bonaire,AMRO,10,1452,0,14
2021-04-09,Bonaire,AMRO,13,1465,0,14
2021-04-10,Bonaire,AMRO,10,1475,0,14
2021-04-11,Bonaire,AMRO,0,1475,0,14
2021-04-12,Bonaire,AMRO,0,1475,0,14
2021-04-13,Bonaire,AMRO,18,1493,0,14
2021-04-14,Bonaire,AMRO,2,1495,0,14
2021-04-15,Bonaire,AMRO,7,1502,0,14
2021-04-16,Bonaire,AMRO,1,1503,0,14
2021-04-17,Bonaire,AMRO,8,1511,0,14
2021-04-18,Bonaire,AMRO,0,1511,0,14
2021-04-19,Bonaire,AMRO,0,1511,0,14
2021-04-20,Bonaire,AMRO,10,1521,1,15
2021-04-21,Bonaire,AMRO,1,1522,0,15
2021-04-22,Bonaire,AMRO,2,1524,0,15
2021-04-23,Bonaire,AMRO,3,1527,0,15
2021-04-24,Bonaire,AMRO,0,1527,0,15
2021-04-25,Bonaire,AMRO,0,1527,0,15
2021-04-26,Bonaire,AMRO,0,1527,0,15
2021-04-27,Bonaire,AMRO,1,1528,0,15
2021-04-28,Bonaire,AMRO,0,1528,0,15
2021-04-29,Bonaire,AMRO,2,1530,0,15
2021-04-30,Bonaire,AMRO,0,1530,1,16
2021-05-01,Bonaire,AMRO,1,1531,0,16
2021-05-02,Bonaire,AMRO,0,1531,0,16
2021-05-03,Bonaire,AMRO,0,1531,0,16
2021-05-04,Bonaire,AMRO,2,1533,0,16
2021-05-05,Bonaire,AMRO,1,1534,0,16
2021-05-06,Bonaire,AMRO,0,1534,0,16
2021-05-07,Bonaire,AMRO,7,1541,0,16
2021-05-08,Bonaire,AMRO,6,1547,0,16
2021-05-09,Bonaire,AMRO,0,1547,0,16
2021-05-10,Bonaire,AMRO,0,1547,0,16
2021-05-11,Bonaire,AMRO,8,1555,1,17
2021-05-12,Bonaire,AMRO,1,1556,0,17
2021-05-13,Bonaire,AMRO,1,1557,0,17
2021-05-14,Bonaire,AMRO,0,1557,0,17
2021-05-15,Bonaire,AMRO,7,1564,0,17
2021-05-16,Bonaire,AMRO,0,1564,0,17
2021-05-17,Bonaire,AMRO,0,1564,0,17
2021-05-18,Bonaire,AMRO,7,1571,0,17
2021-05-19,Bonaire,AMRO,2,1573,0,17
2021-05-20,Bonaire,AMRO,5,1578,0,17
2021-05-21,Bonaire,AMRO,1,1579,0,17
2021-05-22,Bonaire,AMRO,1,1580,0,17
2021-05-23,Bonaire,AMRO,0,1580,0,17
2021-05-24,Bonaire,AMRO,0,1580,0,17
2021-05-25,Bonaire,AMRO,3,1583,0,17
2021-05-26,Bonaire,AMRO,0,1583,0,17
2021-05-27,Bonaire,AMRO,1,1584,0,17
2021-05-28,Bonaire,AMRO,1,1585,0,17
2021-05-29,Bonaire,AMRO,0,1585,0,17
2021-05-30,Bonaire,AMRO,0,1585,0,17
2021-01-01,Bosnia and Herzegovina,EURO,657,111642,22,4072
2021-01-02,Bosnia and Herzegovina,EURO,501,112143,14,4086
2021-01-03,Bosnia and Herzegovina,EURO,202,112345,14,4100
2021-01-04,Bosnia and Herzegovina,EURO,300,112645,31,4131
2021-01-05,Bosnia and Herzegovina,EURO,183,112828,48,4179
2021-01-06,Bosnia and Herzegovina,EURO,564,113392,32,4211
2021-01-07,Bosnia and Herzegovina,EURO,760,114152,37,4248
2021-01-08,Bosnia and Herzegovina,EURO,250,114402,16,4264
2021-01-09,Bosnia and Herzegovina,EURO,518,114920,21,4285
2021-01-10,Bosnia and Herzegovina,EURO,459,115379,20,4305
2021-01-11,Bosnia and Herzegovina,EURO,254,115633,25,4330
2021-01-12,Bosnia and Herzegovina,EURO,125,115758,28,4358
2021-01-13,Bosnia and Herzegovina,EURO,442,116200,15,4373
2021-01-14,Bosnia and Herzegovina,EURO,468,116668,26,4399
2021-01-15,Bosnia and Herzegovina,EURO,343,117011,12,4411
2021-01-16,Bosnia and Herzegovina,EURO,320,117331,18,4429
2021-01-17,Bosnia and Herzegovina,EURO,462,117793,20,4449
2021-01-18,Bosnia and Herzegovina,EURO,180,117973,23,4472
2021-01-19,Bosnia and Herzegovina,EURO,110,118083,14,4486
2021-01-20,Bosnia and Herzegovina,EURO,300,118383,23,4509
2021-01-21,Bosnia and Herzegovina,EURO,334,118717,12,4521
2021-01-22,Bosnia and Herzegovina,EURO,489,119206,15,4536
2021-01-23,Bosnia and Herzegovina,EURO,214,119420,19,4555
2021-01-24,Bosnia and Herzegovina,EURO,420,119840,14,4569
2021-01-25,Bosnia and Herzegovina,EURO,203,120043,5,4574
2021-01-26,Bosnia and Herzegovina,EURO,100,120143,19,4593
2021-01-27,Bosnia and Herzegovina,EURO,389,120532,28,4621
2021-01-28,Bosnia and Herzegovina,EURO,332,120864,22,4643
2021-01-29,Bosnia and Herzegovina,EURO,330,121194,16,4659
2021-01-30,Bosnia and Herzegovina,EURO,303,121497,20,4679
2021-01-31,Bosnia and Herzegovina,EURO,394,121891,17,4696
2021-02-01,Bosnia and Herzegovina,EURO,195,122086,9,4705
2021-02-02,Bosnia and Herzegovina,EURO,113,122199,19,4724
2021-02-03,Bosnia and Herzegovina,EURO,262,122461,13,4737
2021-02-04,Bosnia and Herzegovina,EURO,367,122828,8,4745
2021-02-05,Bosnia and Herzegovina,EURO,314,123142,16,4761
2021-02-06,Bosnia and Herzegovina,EURO,292,123434,14,4775
2021-02-07,Bosnia and Herzegovina,EURO,270,123704,16,4791
2021-02-08,Bosnia and Herzegovina,EURO,240,123944,9,4800
2021-02-09,Bosnia and Herzegovina,EURO,157,124101,13,4813
2021-02-10,Bosnia and Herzegovina,EURO,342,124443,21,4834
2021-02-11,Bosnia and Herzegovina,EURO,253,124696,19,4853
2021-02-12,Bosnia and Herzegovina,EURO,427,125123,15,4868
2021-02-13,Bosnia and Herzegovina,EURO,279,125402,13,4881
2021-02-14,Bosnia and Herzegovina,EURO,240,125642,11,4892
2021-02-15,Bosnia and Herzegovina,EURO,381,126023,4,4896
2021-02-16,Bosnia and Herzegovina,EURO,116,126139,20,4916
2021-02-17,Bosnia and Herzegovina,EURO,274,126413,19,4935
2021-02-18,Bosnia and Herzegovina,EURO,368,126781,14,4949
2021-02-19,Bosnia and Herzegovina,EURO,354,127135,13,4962
2021-02-20,Bosnia and Herzegovina,EURO,402,127537,17,4979
2021-02-21,Bosnia and Herzegovina,EURO,512,128049,16,4995
2021-02-22,Bosnia and Herzegovina,EURO,269,128318,12,5007
2021-02-23,Bosnia and Herzegovina,EURO,343,128661,9,5016
2021-02-24,Bosnia and Herzegovina,EURO,515,129176,18,5034
2021-02-25,Bosnia and Herzegovina,EURO,577,129753,17,5051
2021-02-26,Bosnia and Herzegovina,EURO,757,130510,11,5062
2021-02-27,Bosnia and Herzegovina,EURO,469,130979,9,5071
2021-02-28,Bosnia and Herzegovina,EURO,711,131690,17,5088
2021-03-01,Bosnia and Herzegovina,EURO,448,132138,8,5096
2021-03-02,Bosnia and Herzegovina,EURO,223,132361,20,5116
2021-03-03,Bosnia and Herzegovina,EURO,727,133088,29,5145
2021-03-04,Bosnia and Herzegovina,EURO,894,133982,29,5174
2021-03-05,Bosnia and Herzegovina,EURO,910,134892,26,5200
2021-03-06,Bosnia and Herzegovina,EURO,621,135513,28,5228
2021-03-07,Bosnia and Herzegovina,EURO,985,136498,19,5247
2021-03-08,Bosnia and Herzegovina,EURO,400,136898,12,5259
2021-03-09,Bosnia and Herzegovina,EURO,393,137291,38,5297
2021-03-10,Bosnia and Herzegovina,EURO,1251,138542,48,5345
2021-03-11,Bosnia and Herzegovina,EURO,1110,139652,37,5382
2021-03-12,Bosnia and Herzegovina,EURO,1338,140990,28,5410
2021-03-13,Bosnia and Herzegovina,EURO,1170,142160,36,5446
2021-03-14,Bosnia and Herzegovina,EURO,1058,143218,42,5488
2021-03-15,Bosnia and Herzegovina,EURO,1031,144249,33,5521
2021-03-16,Bosnia and Herzegovina,EURO,582,144831,63,5584
2021-03-17,Bosnia and Herzegovina,EURO,1606,146437,53,5637
2021-03-18,Bosnia and Herzegovina,EURO,1726,148163,35,5672
2021-03-19,Bosnia and Herzegovina,EURO,1728,149891,57,5729
2021-03-20,Bosnia and Herzegovina,EURO,1446,151337,44,5773
2021-03-21,Bosnia and Herzegovina,EURO,1417,152754,44,5817
2021-03-22,Bosnia and Herzegovina,EURO,1055,153809,48,5865
2021-03-23,Bosnia and Herzegovina,EURO,818,154627,73,5938
2021-03-24,Bosnia and Herzegovina,EURO,1719,156346,67,6005
2021-03-25,Bosnia and Herzegovina,EURO,1852,158198,62,6067
2021-03-26,Bosnia and Herzegovina,EURO,1965,160163,77,6144
2021-03-27,Bosnia and Herzegovina,EURO,1869,162032,76,6220
2021-03-28,Bosnia and Herzegovina,EURO,1843,163875,58,6278
2021-03-29,Bosnia and Herzegovina,EURO,1056,164931,50,6328
2021-03-30,Bosnia and Herzegovina,EURO,856,165787,99,6427
2021-03-31,Bosnia and Herzegovina,EURO,1867,167654,74,6501
2021-04-01,Bosnia and Herzegovina,EURO,1972,169626,80,6581
2021-04-02,Bosnia and Herzegovina,EURO,1698,171324,76,6657
2021-04-03,Bosnia and Herzegovina,EURO,2154,173478,88,6745
2021-04-04,Bosnia and Herzegovina,EURO,1368,174846,40,6785
2021-04-05,Bosnia and Herzegovina,EURO,931,175777,84,6869
2021-04-06,Bosnia and Herzegovina,EURO,636,176413,66,6935
2021-04-07,Bosnia and Herzegovina,EURO,1093,177506,99,7034
2021-04-08,Bosnia and Herzegovina,EURO,1742,179248,80,7114
2021-04-09,Bosnia and Herzegovina,EURO,1583,180831,84,7198
2021-04-10,Bosnia and Herzegovina,EURO,1096,181927,82,7280
2021-04-11,Bosnia and Herzegovina,EURO,1198,183125,60,7340
2021-04-12,Bosnia and Herzegovina,EURO,1129,184254,47,7387
2021-04-13,Bosnia and Herzegovina,EURO,444,184698,82,7469
2021-04-14,Bosnia and Herzegovina,EURO,966,185664,79,7548
2021-04-15,Bosnia and Herzegovina,EURO,708,186372,76,7624
2021-04-16,Bosnia and Herzegovina,EURO,1343,187715,60,7684
2021-04-17,Bosnia and Herzegovina,EURO,1279,188994,86,7770
2021-04-18,Bosnia and Herzegovina,EURO,1302,190296,49,7819
2021-04-19,Bosnia and Herzegovina,EURO,471,190767,33,7852
2021-04-20,Bosnia and Herzegovina,EURO,387,191154,68,7920
2021-04-21,Bosnia and Herzegovina,EURO,722,191876,87,8007
2021-04-22,Bosnia and Herzegovina,EURO,1239,193115,57,8064
2021-04-23,Bosnia and Herzegovina,EURO,1256,194371,82,8146
2021-04-24,Bosnia and Herzegovina,EURO,362,194733,39,8185
2021-04-25,Bosnia and Herzegovina,EURO,738,195471,39,8224
2021-04-26,Bosnia and Herzegovina,EURO,320,195791,39,8263
2021-04-27,Bosnia and Herzegovina,EURO,180,195971,69,8332
2021-04-28,Bosnia and Herzegovina,EURO,761,196732,68,8400
2021-04-29,Bosnia and Herzegovina,EURO,646,197378,46,8446
2021-04-30,Bosnia and Herzegovina,EURO,488,197866,48,8494
2021-05-01,Bosnia and Herzegovina,EURO,595,198461,39,8533
2021-05-02,Bosnia and Herzegovina,EURO,371,198832,28,8561
2021-05-03,Bosnia and Herzegovina,EURO,107,198939,15,8576
2021-05-04,Bosnia and Herzegovina,EURO,244,199183,59,8635
2021-05-05,Bosnia and Herzegovina,EURO,280,199463,60,8695
2021-05-06,Bosnia and Herzegovina,EURO,419,199882,23,8718
2021-05-07,Bosnia and Herzegovina,EURO,471,200353,26,8744
2021-05-08,Bosnia and Herzegovina,EURO,340,200693,28,8772
2021-05-09,Bosnia and Herzegovina,EURO,296,200989,21,8793
2021-05-10,Bosnia and Herzegovina,EURO,127,201116,23,8816
2021-05-11,Bosnia and Herzegovina,EURO,101,201217,28,8844
2021-05-12,Bosnia and Herzegovina,EURO,295,201512,50,8894
2021-05-13,Bosnia and Herzegovina,EURO,284,201796,31,8925
2021-05-14,Bosnia and Herzegovina,EURO,207,202003,15,8940
2021-05-15,Bosnia and Herzegovina,EURO,140,202143,23,8963
2021-05-16,Bosnia and Herzegovina,EURO,170,202313,26,8989
2021-05-17,Bosnia and Herzegovina,EURO,106,202419,19,9008
2021-05-18,Bosnia and Herzegovina,EURO,71,202490,25,9033
2021-05-19,Bosnia and Herzegovina,EURO,185,202675,19,9052
2021-05-20,Bosnia and Herzegovina,EURO,172,202847,16,9068
2021-05-21,Bosnia and Herzegovina,EURO,171,203018,10,9078
2021-05-22,Bosnia and Herzegovina,EURO,132,203150,12,9090
2021-05-23,Bosnia and Herzegovina,EURO,103,203253,9,9099
2021-05-24,Bosnia and Herzegovina,EURO,83,203336,14,9113
2021-05-25,Bosnia and Herzegovina,EURO,55,203391,19,9132
2021-05-26,Bosnia and Herzegovina,EURO,122,203513,18,9150
2021-05-27,Bosnia and Herzegovina,EURO,145,203658,16,9166
2021-05-28,Bosnia and Herzegovina,EURO,104,203762,10,9176
2021-05-29,Bosnia and Herzegovina,EURO,77,203839,17,9193
2021-05-30,Bosnia and Herzegovina,EURO,99,203938,11,9204
2021-01-01,Botswana,AFRO,0,14025,0,40
2021-01-02,Botswana,AFRO,0,14025,0,40
2021-01-03,Botswana,AFRO,780,14805,2,42
2021-01-04,Botswana,AFRO,0,14805,0,42
2021-01-05,Botswana,AFRO,0,14805,0,42
2021-01-06,Botswana,AFRO,0,14805,0,42
2021-01-07,Botswana,AFRO,0,14805,0,42
2021-01-08,Botswana,AFRO,635,15440,3,45
2021-01-09,Botswana,AFRO,611,16051,3,48
2021-01-10,Botswana,AFRO,0,16051,0,48
2021-01-11,Botswana,AFRO,0,16051,0,48
2021-01-12,Botswana,AFRO,0,16051,0,48
2021-01-13,Botswana,AFRO,0,16051,0,48
2021-01-14,Botswana,AFRO,0,16051,0,48
2021-01-15,Botswana,AFRO,0,16051,0,48
2021-01-16,Botswana,AFRO,0,16051,0,48
2021-01-17,Botswana,AFRO,0,16051,0,48
2021-01-18,Botswana,AFRO,597,16648,23,71
2021-01-19,Botswana,AFRO,1982,18630,17,88
2021-01-20,Botswana,AFRO,0,18630,0,88
2021-01-21,Botswana,AFRO,0,18630,0,88
2021-01-22,Botswana,AFRO,0,18630,0,88
2021-01-23,Botswana,AFRO,0,18630,0,88
2021-01-24,Botswana,AFRO,0,18630,0,88
2021-01-25,Botswana,AFRO,0,18630,0,88
2021-01-26,Botswana,AFRO,1024,19654,17,105
2021-01-27,Botswana,AFRO,1004,20658,19,124
2021-01-28,Botswana,AFRO,0,20658,0,124
2021-01-29,Botswana,AFRO,0,20658,0,124
2021-01-30,Botswana,AFRO,635,21293,10,134
2021-01-31,Botswana,AFRO,0,21293,0,134
2021-02-01,Botswana,AFRO,0,21293,0,134
2021-02-02,Botswana,AFRO,0,21293,0,134
2021-02-03,Botswana,AFRO,0,21293,14,148
2021-02-04,Botswana,AFRO,1445,22738,0,148
2021-02-05,Botswana,AFRO,0,22738,0,148
2021-02-06,Botswana,AFRO,765,23503,15,163
2021-02-07,Botswana,AFRO,0,23503,0,163
2021-02-08,Botswana,AFRO,0,23503,0,163
2021-02-09,Botswana,AFRO,932,24435,16,179
2021-02-10,Botswana,AFRO,0,24435,0,179
2021-02-11,Botswana,AFRO,0,24435,0,179
2021-02-12,Botswana,AFRO,0,24435,0,179
2021-02-13,Botswana,AFRO,491,24926,23,202
2021-02-14,Botswana,AFRO,0,24926,0,202
2021-02-15,Botswana,AFRO,0,24926,0,202
2021-02-16,Botswana,AFRO,876,25802,24,226
2021-02-17,Botswana,AFRO,0,25802,0,226
2021-02-18,Botswana,AFRO,10,25812,0,226
2021-02-19,Botswana,AFRO,0,25812,0,226
2021-02-20,Botswana,AFRO,712,26524,28,254
2021-02-21,Botswana,AFRO,0,26524,0,254
2021-02-22,Botswana,AFRO,0,26524,0,254
2021-02-23,Botswana,AFRO,0,26524,0,254
2021-02-24,Botswana,AFRO,1197,27721,46,300
2021-02-25,Botswana,AFRO,0,27721,0,300
2021-02-26,Botswana,AFRO,649,28370,10,310
2021-02-27,Botswana,AFRO,0,28370,0,310
2021-02-28,Botswana,AFRO,0,28370,0,310
2021-03-01,Botswana,AFRO,0,28370,0,310
2021-03-02,Botswana,AFRO,2357,30727,22,332
2021-03-03,Botswana,AFRO,0,30727,0,332
2021-03-04,Botswana,AFRO,0,30727,0,332
2021-03-05,Botswana,AFRO,0,30727,0,332
2021-03-06,Botswana,AFRO,931,31658,27,359
2021-03-07,Botswana,AFRO,0,31658,0,359
2021-03-08,Botswana,AFRO,0,31658,0,359
2021-03-09,Botswana,AFRO,0,31658,0,359
2021-03-10,Botswana,AFRO,1254,32912,54,413
2021-03-11,Botswana,AFRO,0,32912,0,413
2021-03-12,Botswana,AFRO,1186,34098,11,424
2021-03-13,Botswana,AFRO,0,34098,0,424
2021-03-14,Botswana,AFRO,0,34098,0,424
2021-03-15,Botswana,AFRO,0,34098,0,424
2021-03-16,Botswana,AFRO,0,34098,0,424
2021-03-17,Botswana,AFRO,0,34098,0,424
2021-03-18,Botswana,AFRO,901,34999,23,447
2021-03-19,Botswana,AFRO,0,34999,0,447
2021-03-20,Botswana,AFRO,0,34999,0,447
2021-03-21,Botswana,AFRO,494,35493,11,458
2021-03-22,Botswana,AFRO,0,35493,0,458
2021-03-23,Botswana,AFRO,2066,37559,27,485
2021-03-24,Botswana,AFRO,0,37559,0,485
2021-03-25,Botswana,AFRO,0,37559,0,485
2021-03-26,Botswana,AFRO,0,37559,0,485
2021-03-27,Botswana,AFRO,907,38466,21,506
2021-03-28,Botswana,AFRO,0,38466,0,506
2021-03-29,Botswana,AFRO,0,38466,0,506
2021-03-30,Botswana,AFRO,0,38466,0,506
2021-03-31,Botswana,AFRO,1382,39848,62,568
2021-04-01,Botswana,AFRO,0,39848,0,568
2021-04-02,Botswana,AFRO,1030,40878,23,591
2021-04-03,Botswana,AFRO,0,40878,0,591
2021-04-04,Botswana,AFRO,0,40878,0,591
2021-04-05,Botswana,AFRO,0,40878,0,591
2021-04-06,Botswana,AFRO,832,41710,25,616
2021-04-07,Botswana,AFRO,0,41710,0,616
2021-04-08,Botswana,AFRO,0,41710,0,616
2021-04-09,Botswana,AFRO,0,41710,0,616
2021-04-10,Botswana,AFRO,964,42674,20,636
2021-04-11,Botswana,AFRO,0,42674,0,636
2021-04-12,Botswana,AFRO,0,42674,0,636
2021-04-13,Botswana,AFRO,770,43444,27,663
2021-04-14,Botswana,AFRO,0,43444,0,663
2021-04-15,Botswana,AFRO,0,43444,0,663
2021-04-16,Botswana,AFRO,631,44075,8,671
2021-04-17,Botswana,AFRO,0,44075,0,671
2021-04-18,Botswana,AFRO,0,44075,0,671
2021-04-19,Botswana,AFRO,0,44075,0,671
2021-04-20,Botswana,AFRO,627,44702,13,684
2021-04-21,Botswana,AFRO,0,44702,0,684
2021-04-22,Botswana,AFRO,0,44702,0,684
2021-04-23,Botswana,AFRO,1153,45855,7,691
2021-04-24,Botswana,AFRO,0,45855,0,691
2021-04-25,Botswana,AFRO,0,45855,0,691
2021-04-26,Botswana,AFRO,0,45855,0,691
2021-04-27,Botswana,AFRO,0,45855,0,691
2021-04-28,Botswana,AFRO,745,46600,11,702
2021-04-29,Botswana,AFRO,0,46600,0,702
2021-04-30,Botswana,AFRO,334,46934,10,712
2021-05-01,Botswana,AFRO,0,46934,0,712
2021-05-02,Botswana,AFRO,0,46934,0,712
2021-05-03,Botswana,AFRO,0,46934,0,712
2021-05-04,Botswana,AFRO,917,47851,12,724
2021-05-05,Botswana,AFRO,0,47851,0,724
2021-05-06,Botswana,AFRO,0,47851,0,724
2021-05-07,Botswana,AFRO,566,48417,10,734
2021-05-08,Botswana,AFRO,0,48417,0,734
2021-05-09,Botswana,AFRO,0,48417,0,734
2021-05-10,Botswana,AFRO,0,48417,0,734
2021-05-11,Botswana,AFRO,624,49041,17,751
2021-05-12,Botswana,AFRO,0,49041,0,751
2021-05-13,Botswana,AFRO,0,49041,0,751
2021-05-14,Botswana,AFRO,2497,51538,0,751
2021-05-15,Botswana,AFRO,624,52162,10,761
2021-05-16,Botswana,AFRO,0,52162,0,761
2021-05-17,Botswana,AFRO,0,52162,0,761
2021-05-18,Botswana,AFRO,1156,53318,13,774
2021-05-19,Botswana,AFRO,0,53318,0,774
2021-05-20,Botswana,AFRO,0,53318,0,774
2021-05-21,Botswana,AFRO,833,54151,10,784
2021-05-22,Botswana,AFRO,0,54151,0,784
2021-05-23,Botswana,AFRO,0,54151,0,784
2021-05-24,Botswana,AFRO,0,54151,0,784
2021-05-25,Botswana,AFRO,1251,55402,25,809
2021-05-26,Botswana,AFRO,0,55402,0,809
2021-05-27,Botswana,AFRO,0,55402,0,809
2021-05-28,Botswana,AFRO,911,56313,22,831
2021-05-29,Botswana,AFRO,0,56313,0,831
2021-05-30,Botswana,AFRO,0,56313,0,831
2021-01-01,Brazil,AMRO,55649,7619200,1194,193875
2021-01-02,Brazil,AMRO,56773,7675973,1074,194949
2021-01-03,Brazil,AMRO,24605,7700578,462,195411
2021-01-04,Brazil,AMRO,15827,7716405,314,195725
2021-01-05,Brazil,AMRO,17341,7733746,293,196018
2021-01-06,Brazil,AMRO,20006,7753752,543,196561
2021-01-07,Brazil,AMRO,56648,7810400,1171,197732
2021-01-08,Brazil,AMRO,63430,7873830,1242,198974
2021-01-09,Brazil,AMRO,87843,7961673,1524,200498
2021-01-10,Brazil,AMRO,52035,8013708,962,201460
2021-01-11,Brazil,AMRO,62290,8075998,1171,202631
2021-01-12,Brazil,AMRO,29792,8105790,469,203100
2021-01-13,Brazil,AMRO,25822,8131612,480,203580
2021-01-14,Brazil,AMRO,64025,8195637,1110,204690
2021-01-15,Brazil,AMRO,60899,8256536,1274,205964
2021-01-16,Brazil,AMRO,67758,8324294,1131,207095
2021-01-17,Brazil,AMRO,69198,8393492,1151,208246
2021-01-18,Brazil,AMRO,61567,8455059,1050,209296
2021-01-19,Brazil,AMRO,33040,8488099,551,209847
2021-01-20,Brazil,AMRO,23671,8511770,452,210299
2021-01-21,Brazil,AMRO,62094,8573864,1192,211491
2021-01-22,Brazil,AMRO,64385,8638249,1340,212831
2021-01-23,Brazil,AMRO,59119,8697368,1316,214147
2021-01-24,Brazil,AMRO,56552,8753920,1096,215243
2021-01-25,Brazil,AMRO,62334,8816254,1202,216445
2021-01-26,Brazil,AMRO,28323,8844577,592,217037
2021-01-27,Brazil,AMRO,26816,8871393,627,217664
2021-01-28,Brazil,AMRO,61963,8933356,1214,218878
2021-01-29,Brazil,AMRO,63520,8996876,1283,220161
2021-01-30,Brazil,AMRO,61811,9058687,1386,221547
2021-01-31,Brazil,AMRO,59826,9118513,1119,222666
2021-02-01,Brazil,AMRO,58462,9176975,1279,223945
2021-02-02,Brazil,AMRO,27756,9204731,559,224504
2021-02-03,Brazil,AMRO,24591,9229322,595,225099
2021-02-04,Brazil,AMRO,54096,9283418,1210,226309
2021-02-05,Brazil,AMRO,56002,9339420,1254,227563
2021-02-06,Brazil,AMRO,56873,9396293,1232,228795
2021-02-07,Brazil,AMRO,50872,9447165,1239,230034
2021-02-08,Brazil,AMRO,50630,9497795,978,231012
2021-02-09,Brazil,AMRO,26845,9524640,522,231534
2021-02-10,Brazil,AMRO,23439,9548079,636,232170
2021-02-11,Brazil,AMRO,51486,9599565,1350,233520
2021-02-12,Brazil,AMRO,59602,9659167,1330,234850
2021-02-13,Brazil,AMRO,54742,9713909,1351,236201
2021-02-14,Brazil,AMRO,51546,9765455,1288,237489
2021-02-15,Brazil,AMRO,44299,9809754,1043,238532
2021-02-16,Brazil,AMRO,24759,9834513,713,239245
2021-02-17,Brazil,AMRO,32197,9866710,528,239773
2021-02-18,Brazil,AMRO,55271,9921981,1167,240940
2021-02-19,Brazil,AMRO,56766,9978747,1150,242090
2021-02-20,Brazil,AMRO,51879,10030626,1367,243457
2021-02-21,Brazil,AMRO,51050,10081676,1308,244765
2021-02-22,Brazil,AMRO,57472,10139148,1212,245977
2021-02-23,Brazil,AMRO,29026,10168174,527,246504
2021-02-24,Brazil,AMRO,26986,10195160,639,247143
2021-02-25,Brazil,AMRO,62715,10257875,1386,248529
2021-02-26,Brazil,AMRO,66588,10324463,1428,249957
2021-02-27,Brazil,AMRO,65998,10390461,1541,251498
2021-02-28,Brazil,AMRO,65169,10455630,1337,252835
2021-03-01,Brazil,AMRO,61602,10517232,1386,254221
2021-03-02,Brazil,AMRO,34027,10551259,721,254942
2021-03-03,Brazil,AMRO,35742,10587001,778,255720
2021-03-04,Brazil,AMRO,59925,10646926,1641,257361
2021-03-05,Brazil,AMRO,71704,10718630,1910,259271
2021-03-06,Brazil,AMRO,75102,10793732,1699,260970
2021-03-07,Brazil,AMRO,75495,10869227,1800,262770
2021-03-08,Brazil,AMRO,69609,10938836,1555,264325
2021-03-09,Brazil,AMRO,80508,11019344,1086,265411
2021-03-10,Brazil,AMRO,32321,11051665,987,266398
2021-03-11,Brazil,AMRO,70764,11122429,1972,268370
2021-03-12,Brazil,AMRO,79876,11202305,2286,270656
2021-03-13,Brazil,AMRO,75412,11277717,2233,272889
2021-03-14,Brazil,AMRO,85663,11363380,2216,275105
2021-03-15,Brazil,AMRO,76178,11439558,1997,277102
2021-03-16,Brazil,AMRO,43812,11483370,1127,278229
2021-03-17,Brazil,AMRO,36239,11519609,1057,279286
2021-03-18,Brazil,AMRO,83926,11603535,2841,282127
2021-03-19,Brazil,AMRO,90303,11693838,2648,284775
2021-03-20,Brazil,AMRO,86982,11780820,2724,287499
2021-03-21,Brazil,AMRO,90570,11871390,2815,290314
2021-03-22,Brazil,AMRO,79069,11950459,2438,292752
2021-03-23,Brazil,AMRO,47774,11998233,1290,294042
2021-03-24,Brazil,AMRO,49293,12047526,1383,295425
2021-03-25,Brazil,AMRO,82493,12130019,3251,298676
2021-03-26,Brazil,AMRO,89992,12220011,2009,300685
2021-03-27,Brazil,AMRO,100158,12320169,2777,303462
2021-03-28,Brazil,AMRO,84245,12404414,3650,307112
2021-03-29,Brazil,AMRO,85948,12490362,3438,310550
2021-03-30,Brazil,AMRO,44326,12534688,1656,312206
2021-03-31,Brazil,AMRO,38927,12573615,1660,313866
2021-04-01,Brazil,AMRO,84494,12658109,3780,317646
2021-04-02,Brazil,AMRO,90638,12748747,3869,321515
2021-04-03,Brazil,AMRO,91097,12839844,3769,325284
2021-04-04,Brazil,AMRO,70238,12910082,2922,328206
2021-04-05,Brazil,AMRO,43515,12953597,1987,330193
2021-04-06,Brazil,AMRO,31359,12984956,1240,331433
2021-04-07,Brazil,AMRO,28645,13013601,1319,332752
2021-04-08,Brazil,AMRO,86979,13100580,4195,336947
2021-04-09,Brazil,AMRO,92625,13193205,3829,340776
2021-04-10,Brazil,AMRO,86652,13279857,4249,345025
2021-04-11,Brazil,AMRO,93317,13373174,3693,348718
2021-04-12,Brazil,AMRO,71832,13445006,2616,351334
2021-04-13,Brazil,AMRO,37017,13482023,1803,353137
2021-04-14,Brazil,AMRO,35785,13517808,1480,354617
2021-04-15,Brazil,AMRO,82186,13599994,3808,358425
2021-04-16,Brazil,AMRO,73513,13673507,3459,361884
2021-04-17,Brazil,AMRO,73174,13746681,3560,365444
2021-04-18,Brazil,AMRO,85774,13832455,3305,368749
2021-04-19,Brazil,AMRO,67636,13900091,2929,371678
2021-04-20,Brazil,AMRO,42980,13943071,1657,373335
2021-04-21,Brazil,AMRO,30624,13973695,1347,374682
2021-04-22,Brazil,AMRO,69381,14043076,3321,378003
2021-04-23,Brazil,AMRO,79719,14122795,3472,381475
2021-04-24,Brazil,AMRO,45178,14167973,2027,383502
2021-04-25,Brazil,AMRO,69105,14237078,2914,386416
2021-04-26,Brazil,AMRO,71137,14308215,3076,389492
2021-04-27,Brazil,AMRO,32572,14340787,1305,390797
2021-04-28,Brazil,AMRO,28636,14369423,1139,391936
2021-04-29,Brazil,AMRO,72140,14441563,3086,395022
2021-04-30,Brazil,AMRO,79726,14521289,3163,398185
2021-05-01,Brazil,AMRO,69389,14590678,3001,401186
2021-05-02,Brazil,AMRO,68333,14659011,2595,403781
2021-05-03,Brazil,AMRO,66964,14725975,2656,406437
2021-05-04,Brazil,AMRO,28935,14754910,1202,407639
2021-05-05,Brazil,AMRO,24619,14779529,983,408622
2021-05-06,Brazil,AMRO,77359,14856888,2966,411588
2021-05-07,Brazil,AMRO,73295,14930183,2811,414399
2021-05-08,Brazil,AMRO,73380,15003563,2550,416949
2021-05-09,Brazil,AMRO,78886,15082449,2165,419114
2021-05-10,Brazil,AMRO,63430,15145879,2202,421316
2021-05-11,Brazil,AMRO,38911,15184790,1024,422340
2021-05-12,Brazil,AMRO,25200,15209990,889,423229
2021-05-13,Brazil,AMRO,72715,15282705,2311,425540
2021-05-14,Brazil,AMRO,76692,15359397,2494,428034
2021-05-15,Brazil,AMRO,74592,15433989,2383,430417
2021-05-16,Brazil,AMRO,85536,15519525,2211,432628
2021-05-17,Brazil,AMRO,67009,15586534,2087,434715
2021-05-18,Brazil,AMRO,40941,15627475,1036,435751
2021-05-19,Brazil,AMRO,29916,15657391,786,436537
2021-05-20,Brazil,AMRO,75445,15732836,2513,439050
2021-05-21,Brazil,AMRO,79219,15812055,2641,441691
2021-05-22,Brazil,AMRO,82039,15894094,2403,444094
2021-05-23,Brazil,AMRO,76855,15970949,2215,446309
2021-05-24,Brazil,AMRO,76490,16047439,1899,448208
2021-05-25,Brazil,AMRO,35819,16083258,860,449068
2021-05-26,Brazil,AMRO,37498,16120756,790,449858
2021-05-27,Brazil,AMRO,73453,16194209,2173,452031
2021-05-28,Brazil,AMRO,80486,16274695,2398,454429
2021-05-29,Brazil,AMRO,67467,16342162,2245,456674
2021-05-30,Brazil,AMRO,49768,16391930,2371,459045
2021-01-01,British Virgin Islands,AMRO,0,93,0,1
2021-01-02,British Virgin Islands,AMRO,0,93,0,1
2021-01-03,British Virgin Islands,AMRO,0,93,0,1
2021-01-04,British Virgin Islands,AMRO,0,93,0,1
2021-01-05,British Virgin Islands,AMRO,4,97,0,1
2021-01-06,British Virgin Islands,AMRO,10,107,0,1
2021-01-07,British Virgin Islands,AMRO,0,107,0,1
2021-01-08,British Virgin Islands,AMRO,0,107,0,1
2021-01-09,British Virgin Islands,AMRO,7,114,0,1
2021-01-10,British Virgin Islands,AMRO,0,114,0,1
2021-01-11,British Virgin Islands,AMRO,0,114,0,1
2021-01-12,British Virgin Islands,AMRO,0,114,0,1
2021-01-13,British Virgin Islands,AMRO,0,114,0,1
2021-01-14,British Virgin Islands,AMRO,0,114,0,1
2021-01-15,British Virgin Islands,AMRO,0,114,0,1
2021-01-16,British Virgin Islands,AMRO,7,121,0,1
2021-01-17,British Virgin Islands,AMRO,0,121,0,1
2021-01-18,British Virgin Islands,AMRO,0,121,0,1
2021-01-19,British Virgin Islands,AMRO,0,121,0,1
2021-01-20,British Virgin Islands,AMRO,0,121,0,1
2021-01-21,British Virgin Islands,AMRO,0,121,0,1
2021-01-22,British Virgin Islands,AMRO,0,121,0,1
2021-01-23,British Virgin Islands,AMRO,0,121,0,1
2021-01-24,British Virgin Islands,AMRO,16,137,0,1
2021-01-25,British Virgin Islands,AMRO,0,137,0,1
2021-01-26,British Virgin Islands,AMRO,0,137,0,1
2021-01-27,British Virgin Islands,AMRO,0,137,0,1
2021-01-28,British Virgin Islands,AMRO,0,137,0,1
2021-01-29,British Virgin Islands,AMRO,0,137,0,1
2021-01-30,British Virgin Islands,AMRO,4,141,0,1
2021-01-31,British Virgin Islands,AMRO,0,141,0,1
2021-02-01,British Virgin Islands,AMRO,0,141,0,1
2021-02-02,British Virgin Islands,AMRO,0,141,0,1
2021-02-03,British Virgin Islands,AMRO,0,141,0,1
2021-02-04,British Virgin Islands,AMRO,0,141,0,1
2021-02-05,British Virgin Islands,AMRO,0,141,0,1
2021-02-06,British Virgin Islands,AMRO,0,141,0,1
2021-02-07,British Virgin Islands,AMRO,0,141,0,1
2021-02-08,British Virgin Islands,AMRO,0,141,0,1
2021-02-09,British Virgin Islands,AMRO,0,141,0,1
2021-02-10,British Virgin Islands,AMRO,0,141,0,1
2021-02-11,British Virgin Islands,AMRO,10,151,0,1
2021-02-12,British Virgin Islands,AMRO,0,151,0,1
2021-02-13,British Virgin Islands,AMRO,0,151,0,1
2021-02-14,British Virgin Islands,AMRO,0,151,0,1
2021-02-15,British Virgin Islands,AMRO,0,151,0,1
2021-02-16,British Virgin Islands,AMRO,2,153,0,1
2021-02-17,British Virgin Islands,AMRO,0,153,0,1
2021-02-18,British Virgin Islands,AMRO,0,153,0,1
2021-02-19,British Virgin Islands,AMRO,0,153,0,1
2021-02-20,British Virgin Islands,AMRO,0,153,0,1
2021-02-21,British Virgin Islands,AMRO,0,153,0,1
2021-02-22,British Virgin Islands,AMRO,0,153,0,1
2021-02-23,British Virgin Islands,AMRO,0,153,0,1
2021-02-24,British Virgin Islands,AMRO,0,153,0,1
2021-02-25,British Virgin Islands,AMRO,0,153,0,1
2021-02-26,British Virgin Islands,AMRO,0,153,0,1
2021-02-27,British Virgin Islands,AMRO,0,153,0,1
2021-02-28,British Virgin Islands,AMRO,0,153,0,1
2021-03-01,British Virgin Islands,AMRO,0,153,0,1
2021-03-02,British Virgin Islands,AMRO,0,153,0,1
2021-03-03,British Virgin Islands,AMRO,0,153,0,1
2021-03-04,British Virgin Islands,AMRO,0,153,0,1
2021-03-05,British Virgin Islands,AMRO,0,153,0,1
2021-03-06,British Virgin Islands,AMRO,1,154,0,1
2021-03-07,British Virgin Islands,AMRO,0,154,0,1
2021-03-08,British Virgin Islands,AMRO,0,154,0,1
2021-03-09,British Virgin Islands,AMRO,0,154,0,1
2021-03-10,British Virgin Islands,AMRO,0,154,0,1
2021-03-11,British Virgin Islands,AMRO,0,154,0,1
2021-03-12,British Virgin Islands,AMRO,0,154,0,1
2021-03-13,British Virgin Islands,AMRO,0,154,0,1
2021-03-14,British Virgin Islands,AMRO,0,154,0,1
2021-03-15,British Virgin Islands,AMRO,0,154,0,1
2021-03-16,British Virgin Islands,AMRO,0,154,0,1
2021-03-17,British Virgin Islands,AMRO,0,154,0,1
2021-03-18,British Virgin Islands,AMRO,0,154,0,1
2021-03-19,British Virgin Islands,AMRO,0,154,0,1
2021-03-20,British Virgin Islands,AMRO,0,154,0,1
2021-03-21,British Virgin Islands,AMRO,0,154,0,1
2021-03-22,British Virgin Islands,AMRO,0,154,0,1
2021-03-23,British Virgin Islands,AMRO,0,154,0,1
2021-03-24,British Virgin Islands,AMRO,0,154,0,1
2021-03-25,British Virgin Islands,AMRO,0,154,0,1
2021-03-26,British Virgin Islands,AMRO,0,154,0,1
2021-03-27,British Virgin Islands,AMRO,0,154,0,1
2021-03-28,British Virgin Islands,AMRO,0,154,0,1
2021-03-29,British Virgin Islands,AMRO,0,154,0,1
2021-03-30,British Virgin Islands,AMRO,0,154,0,1
2021-03-31,British Virgin Islands,AMRO,0,154,0,1
2021-04-01,British Virgin Islands,AMRO,0,154,0,1
2021-04-02,British Virgin Islands,AMRO,0,154,0,1
2021-04-03,British Virgin Islands,AMRO,0,154,0,1
2021-04-04,British Virgin Islands,AMRO,0,154,0,1
2021-04-05,British Virgin Islands,AMRO,0,154,0,1
2021-04-06,British Virgin Islands,AMRO,0,154,0,1
2021-04-07,British Virgin Islands,AMRO,24,178,0,1
2021-04-08,British Virgin Islands,AMRO,0,178,0,1
2021-04-09,British Virgin Islands,AMRO,0,178,0,1
2021-04-10,British Virgin Islands,AMRO,0,178,0,1
2021-04-11,British Virgin Islands,AMRO,0,178,0,1
2021-04-12,British Virgin Islands,AMRO,0,178,0,1
2021-04-13,British Virgin Islands,AMRO,0,178,0,1
2021-04-14,British Virgin Islands,AMRO,0,178,0,1
2021-04-15,British Virgin Islands,AMRO,9,187,0,1
2021-04-16,British Virgin Islands,AMRO,0,187,0,1
2021-04-17,British Virgin Islands,AMRO,0,187,0,1
2021-04-18,British Virgin Islands,AMRO,0,187,0,1
2021-04-19,British Virgin Islands,AMRO,0,187,0,1
2021-04-20,British Virgin Islands,AMRO,0,187,0,1
2021-04-21,British Virgin Islands,AMRO,0,187,0,1
2021-04-22,British Virgin Islands,AMRO,7,194,0,1
2021-04-23,British Virgin Islands,AMRO,0,194,0,1
2021-04-24,British Virgin Islands,AMRO,0,194,0,1
2021-04-25,British Virgin Islands,AMRO,0,194,0,1
2021-04-26,British Virgin Islands,AMRO,0,194,0,1
2021-04-27,British Virgin Islands,AMRO,0,194,0,1
2021-04-28,British Virgin Islands,AMRO,0,194,0,1
2021-04-29,British Virgin Islands,AMRO,0,194,0,1
2021-04-30,British Virgin Islands,AMRO,0,194,0,1
2021-05-01,British Virgin Islands,AMRO,0,194,0,1
2021-05-02,British Virgin Islands,AMRO,0,194,0,1
2021-05-03,British Virgin Islands,AMRO,0,194,0,1
2021-05-04,British Virgin Islands,AMRO,0,194,0,1
2021-05-05,British Virgin Islands,AMRO,22,216,0,1
2021-05-06,British Virgin Islands,AMRO,0,216,0,1
2021-05-07,British Virgin Islands,AMRO,0,216,0,1
2021-05-08,British Virgin Islands,AMRO,0,216,0,1
2021-05-09,British Virgin Islands,AMRO,3,219,0,1
2021-05-10,British Virgin Islands,AMRO,0,219,0,1
2021-05-11,British Virgin Islands,AMRO,0,219,0,1
2021-05-12,British Virgin Islands,AMRO,0,219,0,1
2021-05-13,British Virgin Islands,AMRO,0,219,0,1
2021-05-14,British Virgin Islands,AMRO,0,219,0,1
2021-05-15,British Virgin Islands,AMRO,29,248,0,1
2021-05-16,British Virgin Islands,AMRO,0,248,0,1
2021-05-17,British Virgin Islands,AMRO,0,248,0,1
2021-05-18,British Virgin Islands,AMRO,0,248,0,1
2021-05-19,British Virgin Islands,AMRO,0,248,0,1
2021-05-20,British Virgin Islands,AMRO,0,248,0,1
2021-05-21,British Virgin Islands,AMRO,0,248,0,1
2021-05-22,British Virgin Islands,AMRO,0,248,0,1
2021-05-23,British Virgin Islands,AMRO,0,248,0,1
2021-05-24,British Virgin Islands,AMRO,0,248,0,1
2021-05-25,British Virgin Islands,AMRO,0,248,0,1
2021-05-26,British Virgin Islands,AMRO,0,248,0,1
2021-05-27,British Virgin Islands,AMRO,0,248,0,1
2021-05-28,British Virgin Islands,AMRO,41,289,0,1
2021-05-29,British Virgin Islands,AMRO,0,289,0,1
2021-05-30,British Virgin Islands,AMRO,0,289,0,1
2021-01-01,Brunei Darussalam,WPRO,0,157,0,3
2021-01-02,Brunei Darussalam,WPRO,0,157,0,3
2021-01-03,Brunei Darussalam,WPRO,0,157,0,3
2021-01-04,Brunei Darussalam,WPRO,15,172,0,3
2021-01-05,Brunei Darussalam,WPRO,0,172,0,3
2021-01-06,Brunei Darussalam,WPRO,0,172,0,3
2021-01-07,Brunei Darussalam,WPRO,0,172,0,3
2021-01-08,Brunei Darussalam,WPRO,1,173,0,3
2021-01-09,Brunei Darussalam,WPRO,0,173,0,3
2021-01-10,Brunei Darussalam,WPRO,0,173,0,3
2021-01-11,Brunei Darussalam,WPRO,0,173,0,3
2021-01-12,Brunei Darussalam,WPRO,0,173,0,3
2021-01-13,Brunei Darussalam,WPRO,1,174,0,3
2021-01-14,Brunei Darussalam,WPRO,0,174,0,3
2021-01-15,Brunei Darussalam,WPRO,0,174,0,3
2021-01-16,Brunei Darussalam,WPRO,0,174,0,3
2021-01-17,Brunei Darussalam,WPRO,0,174,0,3
2021-01-18,Brunei Darussalam,WPRO,0,174,0,3
2021-01-19,Brunei Darussalam,WPRO,0,174,0,3
2021-01-20,Brunei Darussalam,WPRO,0,174,0,3
2021-01-21,Brunei Darussalam,WPRO,0,174,0,3
2021-01-22,Brunei Darussalam,WPRO,0,174,0,3
2021-01-23,Brunei Darussalam,WPRO,1,175,0,3
2021-01-24,Brunei Darussalam,WPRO,0,175,0,3
2021-01-25,Brunei Darussalam,WPRO,0,175,0,3
2021-01-26,Brunei Darussalam,WPRO,0,175,0,3
2021-01-27,Brunei Darussalam,WPRO,1,176,0,3
2021-01-28,Brunei Darussalam,WPRO,0,176,0,3
2021-01-29,Brunei Darussalam,WPRO,4,180,0,3
2021-01-30,Brunei Darussalam,WPRO,0,180,0,3
2021-01-31,Brunei Darussalam,WPRO,0,180,0,3
2021-02-01,Brunei Darussalam,WPRO,0,180,0,3
2021-02-02,Brunei Darussalam,WPRO,0,180,0,3
2021-02-03,Brunei Darussalam,WPRO,0,180,0,3
2021-02-04,Brunei Darussalam,WPRO,0,180,0,3
2021-02-05,Brunei Darussalam,WPRO,0,180,0,3
2021-02-06,Brunei Darussalam,WPRO,1,181,0,3
2021-02-07,Brunei Darussalam,WPRO,0,181,0,3
2021-02-08,Brunei Darussalam,WPRO,0,181,0,3
2021-02-09,Brunei Darussalam,WPRO,1,182,0,3
2021-02-10,Brunei Darussalam,WPRO,0,182,0,3
2021-02-11,Brunei Darussalam,WPRO,1,183,0,3
2021-02-12,Brunei Darussalam,WPRO,1,184,0,3
2021-02-13,Brunei Darussalam,WPRO,0,184,0,3
2021-02-14,Brunei Darussalam,WPRO,0,184,0,3
2021-02-15,Brunei Darussalam,WPRO,0,184,0,3
2021-02-16,Brunei Darussalam,WPRO,0,184,0,3
2021-02-17,Brunei Darussalam,WPRO,0,184,0,3
2021-02-18,Brunei Darussalam,WPRO,1,185,0,3
2021-02-19,Brunei Darussalam,WPRO,0,185,0,3
2021-02-20,Brunei Darussalam,WPRO,0,185,0,3
2021-02-21,Brunei Darussalam,WPRO,0,185,0,3
2021-02-22,Brunei Darussalam,WPRO,0,185,0,3
2021-02-23,Brunei Darussalam,WPRO,0,185,0,3
2021-02-24,Brunei Darussalam,WPRO,0,185,0,3
2021-02-25,Brunei Darussalam,WPRO,0,185,0,3
2021-02-26,Brunei Darussalam,WPRO,0,185,0,3
2021-02-27,Brunei Darussalam,WPRO,1,186,0,3
2021-02-28,Brunei Darussalam,WPRO,0,186,0,3
2021-03-01,Brunei Darussalam,WPRO,0,186,0,3
2021-03-02,Brunei Darussalam,WPRO,1,187,0,3
2021-03-03,Brunei Darussalam,WPRO,0,187,0,3
2021-03-04,Brunei Darussalam,WPRO,0,187,0,3
2021-03-05,Brunei Darussalam,WPRO,1,188,0,3
2021-03-06,Brunei Darussalam,WPRO,0,188,0,3
2021-03-07,Brunei Darussalam,WPRO,1,189,0,3
2021-03-08,Brunei Darussalam,WPRO,1,190,0,3
2021-03-09,Brunei Darussalam,WPRO,0,190,0,3
2021-03-10,Brunei Darussalam,WPRO,1,191,0,3
2021-03-11,Brunei Darussalam,WPRO,1,192,0,3
2021-03-12,Brunei Darussalam,WPRO,0,192,0,3
2021-03-13,Brunei Darussalam,WPRO,0,192,0,3
2021-03-14,Brunei Darussalam,WPRO,0,192,0,3
2021-03-15,Brunei Darussalam,WPRO,7,199,0,3
2021-03-16,Brunei Darussalam,WPRO,0,199,0,3
2021-03-17,Brunei Darussalam,WPRO,3,202,0,3
2021-03-18,Brunei Darussalam,WPRO,1,203,0,3
2021-03-19,Brunei Darussalam,WPRO,0,203,0,3
2021-03-20,Brunei Darussalam,WPRO,0,203,0,3
2021-03-21,Brunei Darussalam,WPRO,2,205,0,3
2021-03-22,Brunei Darussalam,WPRO,1,206,0,3
2021-03-23,Brunei Darussalam,WPRO,0,206,0,3
2021-03-24,Brunei Darussalam,WPRO,0,206,0,3
2021-03-25,Brunei Darussalam,WPRO,0,206,0,3
2021-03-26,Brunei Darussalam,WPRO,0,206,0,3
2021-03-27,Brunei Darussalam,WPRO,0,206,0,3
2021-03-28,Brunei Darussalam,WPRO,0,206,0,3
2021-03-29,Brunei Darussalam,WPRO,1,207,0,3
2021-03-30,Brunei Darussalam,WPRO,0,207,0,3
2021-03-31,Brunei Darussalam,WPRO,3,210,0,3
2021-04-01,Brunei Darussalam,WPRO,2,212,0,3
2021-04-02,Brunei Darussalam,WPRO,1,213,0,3
2021-04-03,Brunei Darussalam,WPRO,0,213,0,3
2021-04-04,Brunei Darussalam,WPRO,1,214,0,3
2021-04-05,Brunei Darussalam,WPRO,0,214,0,3
2021-04-06,Brunei Darussalam,WPRO,0,214,0,3
2021-04-07,Brunei Darussalam,WPRO,0,214,0,3
2021-04-08,Brunei Darussalam,WPRO,1,215,0,3
2021-04-09,Brunei Darussalam,WPRO,1,216,0,3
2021-04-10,Brunei Darussalam,WPRO,3,219,0,3
2021-04-11,Brunei Darussalam,WPRO,0,219,0,3
2021-04-12,Brunei Darussalam,WPRO,0,219,0,3
2021-04-13,Brunei Darussalam,WPRO,0,219,0,3
2021-04-14,Brunei Darussalam,WPRO,0,219,0,3
2021-04-15,Brunei Darussalam,WPRO,2,221,0,3
2021-04-16,Brunei Darussalam,WPRO,0,221,0,3
2021-04-17,Brunei Darussalam,WPRO,0,221,0,3
2021-04-18,Brunei Darussalam,WPRO,0,221,0,3
2021-04-19,Brunei Darussalam,WPRO,0,221,0,3
2021-04-20,Brunei Darussalam,WPRO,0,221,0,3
2021-04-21,Brunei Darussalam,WPRO,2,223,0,3
2021-04-22,Brunei Darussalam,WPRO,0,223,0,3
2021-04-23,Brunei Darussalam,WPRO,0,223,0,3
2021-04-24,Brunei Darussalam,WPRO,0,223,0,3
2021-04-25,Brunei Darussalam,WPRO,0,223,0,3
2021-04-26,Brunei Darussalam,WPRO,0,223,0,3
2021-04-27,Brunei Darussalam,WPRO,0,223,0,3
2021-04-28,Brunei Darussalam,WPRO,0,223,0,3
2021-04-29,Brunei Darussalam,WPRO,1,224,0,3
2021-04-30,Brunei Darussalam,WPRO,0,224,0,3
2021-05-01,Brunei Darussalam,WPRO,1,225,0,3
2021-05-02,Brunei Darussalam,WPRO,2,227,0,3
2021-05-03,Brunei Darussalam,WPRO,0,227,0,3
2021-05-04,Brunei Darussalam,WPRO,0,227,0,3
2021-05-05,Brunei Darussalam,WPRO,1,228,0,3
2021-05-06,Brunei Darussalam,WPRO,0,228,0,3
2021-05-07,Brunei Darussalam,WPRO,1,229,0,3
2021-05-08,Brunei Darussalam,WPRO,1,230,0,3
2021-05-09,Brunei Darussalam,WPRO,0,230,0,3
2021-05-10,Brunei Darussalam,WPRO,0,230,0,3
2021-05-11,Brunei Darussalam,WPRO,0,230,0,3
2021-05-12,Brunei Darussalam,WPRO,0,230,0,3
2021-05-13,Brunei Darussalam,WPRO,1,231,0,3
2021-05-14,Brunei Darussalam,WPRO,1,232,0,3
2021-05-15,Brunei Darussalam,WPRO,0,232,0,3
2021-05-16,Brunei Darussalam,WPRO,0,232,0,3
2021-05-17,Brunei Darussalam,WPRO,0,232,0,3
2021-05-18,Brunei Darussalam,WPRO,0,232,0,3
2021-05-19,Brunei Darussalam,WPRO,3,235,0,3
2021-05-20,Brunei Darussalam,WPRO,0,235,0,3
2021-05-21,Brunei Darussalam,WPRO,0,235,0,3
2021-05-22,Brunei Darussalam,WPRO,1,236,0,3
2021-05-23,Brunei Darussalam,WPRO,0,236,0,3
2021-05-24,Brunei Darussalam,WPRO,0,236,0,3
2021-05-25,Brunei Darussalam,WPRO,0,236,0,3
2021-05-26,Brunei Darussalam,WPRO,0,236,0,3
2021-05-27,Brunei Darussalam,WPRO,4,240,0,3
2021-05-28,Brunei Darussalam,WPRO,1,241,0,3
2021-05-29,Brunei Darussalam,WPRO,0,241,0,3
2021-05-30,Brunei Darussalam,WPRO,0,241,0,3
2021-01-01,Bulgaria,EURO,1046,202266,61,7576
2021-01-02,Bulgaria,EURO,274,202540,28,7604
2021-01-03,Bulgaria,EURO,340,202880,40,7644
2021-01-04,Bulgaria,EURO,171,203051,34,7678
2021-01-05,Bulgaria,EURO,1029,204080,157,7835
2021-01-06,Bulgaria,EURO,1310,205390,67,7902
2021-01-07,Bulgaria,EURO,1002,206392,59,7961
2021-01-08,Bulgaria,EURO,867,207259,56,8017
2021-01-09,Bulgaria,EURO,753,208012,61,8078
2021-01-10,Bulgaria,EURO,394,208406,19,8097
2021-01-11,Bulgaria,EURO,105,208511,29,8126
2021-01-12,Bulgaria,EURO,620,209131,106,8232
2021-01-13,Bulgaria,EURO,750,209881,47,8279
2021-01-14,Bulgaria,EURO,535,210416,70,8349
2021-01-15,Bulgaria,EURO,535,210951,47,8396
2021-01-16,Bulgaria,EURO,552,211503,61,8457
2021-01-17,Bulgaria,EURO,233,211736,17,8474
2021-01-18,Bulgaria,EURO,77,211813,9,8483
2021-01-19,Bulgaria,EURO,570,212383,82,8565
2021-01-20,Bulgaria,EURO,544,212927,49,8614
2021-01-21,Bulgaria,EURO,482,213409,37,8651
2021-01-22,Bulgaria,EURO,455,213864,90,8741
2021-01-23,Bulgaria,EURO,566,214430,58,8799
2021-01-24,Bulgaria,EURO,266,214696,12,8811
2021-01-25,Bulgaria,EURO,121,214817,9,8820
2021-01-26,Bulgaria,EURO,772,215589,60,8880
2021-01-27,Bulgaria,EURO,827,216416,36,8916
2021-01-28,Bulgaria,EURO,598,217014,28,8944
2021-01-29,Bulgaria,EURO,560,217574,29,8973
2021-01-30,Bulgaria,EURO,695,218269,35,9008
2021-01-31,Bulgaria,EURO,349,218618,20,9028
2021-02-01,Bulgaria,EURO,130,218748,17,9045
2021-02-02,Bulgaria,EURO,832,219580,97,9142
2021-02-03,Bulgaria,EURO,967,220547,36,9178
2021-02-04,Bulgaria,EURO,719,221266,40,9218
2021-02-05,Bulgaria,EURO,883,222149,54,9272
2021-02-06,Bulgaria,EURO,910,223059,30,9302
2021-02-07,Bulgaria,EURO,493,223552,9,9311
2021-02-08,Bulgaria,EURO,182,223734,20,9331
2021-02-09,Bulgaria,EURO,1115,224849,89,9420
2021-02-10,Bulgaria,EURO,1212,226061,62,9482
2021-02-11,Bulgaria,EURO,913,226974,45,9527
2021-02-12,Bulgaria,EURO,1070,228044,34,9561
2021-02-13,Bulgaria,EURO,966,229010,33,9594
2021-02-14,Bulgaria,EURO,506,229516,14,9608
2021-02-15,Bulgaria,EURO,181,229697,16,9624
2021-02-16,Bulgaria,EURO,1050,230747,47,9671
2021-02-17,Bulgaria,EURO,1349,232096,32,9703
2021-02-18,Bulgaria,EURO,1146,233242,41,9744
2021-02-19,Bulgaria,EURO,1186,234428,42,9786
2021-02-20,Bulgaria,EURO,1463,235891,35,9821
2021-02-21,Bulgaria,EURO,548,236439,18,9839
2021-02-22,Bulgaria,EURO,227,236666,15,9854
2021-02-23,Bulgaria,EURO,1925,238591,79,9933
2021-02-24,Bulgaria,EURO,1800,240391,45,9978
2021-02-25,Bulgaria,EURO,1733,242124,48,10026
2021-02-26,Bulgaria,EURO,1822,243946,53,10079
2021-02-27,Bulgaria,EURO,1681,245627,49,10128
2021-02-28,Bulgaria,EURO,1079,246706,39,10167
2021-03-01,Bulgaria,EURO,332,247038,24,10191
2021-03-02,Bulgaria,EURO,2588,249626,117,10308
2021-03-03,Bulgaria,EURO,2403,252029,83,10391
2021-03-04,Bulgaria,EURO,1154,253183,22,10413
2021-03-05,Bulgaria,EURO,2198,255381,93,10506
2021-03-06,Bulgaria,EURO,3004,258385,65,10571
2021-03-07,Bulgaria,EURO,1426,259811,22,10593
2021-03-08,Bulgaria,EURO,497,260308,21,10614
2021-03-09,Bulgaria,EURO,2995,263303,150,10764
2021-03-10,Bulgaria,EURO,3502,266805,138,10902
2021-03-11,Bulgaria,EURO,2774,269579,97,10999
2021-03-12,Bulgaria,EURO,3121,272700,95,11094
2021-03-13,Bulgaria,EURO,3159,275859,102,11196
2021-03-14,Bulgaria,EURO,2019,277878,38,11234
2021-03-15,Bulgaria,EURO,679,278557,51,11285
2021-03-16,Bulgaria,EURO,4637,283194,187,11472
2021-03-17,Bulgaria,EURO,4374,287568,107,11579
2021-03-18,Bulgaria,EURO,4201,291769,136,11715
2021-03-19,Bulgaria,EURO,4008,295777,102,11817
2021-03-20,Bulgaria,EURO,4162,299939,115,11932
2021-03-21,Bulgaria,EURO,2541,302480,34,11966
2021-03-22,Bulgaria,EURO,943,303423,53,12019
2021-03-23,Bulgaria,EURO,4467,307890,169,12188
2021-03-24,Bulgaria,EURO,4851,312741,119,12307
2021-03-25,Bulgaria,EURO,4375,317116,106,12413
2021-03-26,Bulgaria,EURO,3988,321104,99,12512
2021-03-27,Bulgaria,EURO,4129,325233,89,12601
2021-03-28,Bulgaria,EURO,2537,327770,49,12650
2021-03-29,Bulgaria,EURO,983,328753,60,12710
2021-03-30,Bulgaria,EURO,4497,333250,203,12913
2021-03-31,Bulgaria,EURO,5176,338426,155,13068
2021-04-01,Bulgaria,EURO,4207,342633,129,13197
2021-04-02,Bulgaria,EURO,3694,346327,116,13313
2021-04-03,Bulgaria,EURO,4013,350340,125,13438
2021-04-04,Bulgaria,EURO,1919,352259,69,13507
2021-04-05,Bulgaria,EURO,740,352999,82,13589
2021-04-06,Bulgaria,EURO,3860,356859,197,13786
2021-04-07,Bulgaria,EURO,4004,360863,132,13918
2021-04-08,Bulgaria,EURO,3556,364419,116,14034
2021-04-09,Bulgaria,EURO,2957,367376,136,14170
2021-04-10,Bulgaria,EURO,2803,370179,138,14308
2021-04-11,Bulgaria,EURO,1352,371531,43,14351
2021-04-12,Bulgaria,EURO,462,371993,67,14418
2021-04-13,Bulgaria,EURO,3122,375115,201,14619
2021-04-14,Bulgaria,EURO,2944,378059,127,14746
2021-04-15,Bulgaria,EURO,2517,380576,125,14871
2021-04-16,Bulgaria,EURO,2185,382761,108,14979
2021-04-17,Bulgaria,EURO,2126,384887,121,15100
2021-04-18,Bulgaria,EURO,1076,385963,38,15138
2021-04-19,Bulgaria,EURO,418,386381,57,15195
2021-04-20,Bulgaria,EURO,2434,388815,217,15412
2021-04-21,Bulgaria,EURO,2096,390911,106,15518
2021-04-22,Bulgaria,EURO,2002,392913,100,15618
2021-04-23,Bulgaria,EURO,1681,394594,103,15721
2021-04-24,Bulgaria,EURO,1708,396302,105,15826
2021-04-25,Bulgaria,EURO,798,397100,33,15859
2021-04-26,Bulgaria,EURO,400,397500,48,15907
2021-04-27,Bulgaria,EURO,1759,399259,194,16101
2021-04-28,Bulgaria,EURO,1850,401109,81,16182
2021-04-29,Bulgaria,EURO,1382,402491,96,16278
2021-04-30,Bulgaria,EURO,1237,403728,90,16368
2021-05-01,Bulgaria,EURO,652,404380,31,16399
2021-05-02,Bulgaria,EURO,466,404846,45,16444
2021-05-03,Bulgaria,EURO,348,405194,48,16492
2021-05-04,Bulgaria,EURO,631,405825,56,16548
2021-05-05,Bulgaria,EURO,367,406192,61,16609
2021-05-06,Bulgaria,EURO,1635,407827,164,16773
2021-05-07,Bulgaria,EURO,545,408372,27,16800
2021-05-08,Bulgaria,EURO,1123,409495,86,16886
2021-05-09,Bulgaria,EURO,466,409961,16,16902
2021-05-10,Bulgaria,EURO,241,410202,27,16929
2021-05-11,Bulgaria,EURO,1078,411280,116,17045
2021-05-12,Bulgaria,EURO,877,412157,59,17104
2021-05-13,Bulgaria,EURO,657,412814,46,17150
2021-05-14,Bulgaria,EURO,506,413320,44,17194
2021-05-15,Bulgaria,EURO,518,413838,49,17243
2021-05-16,Bulgaria,EURO,203,414041,7,17250
2021-05-17,Bulgaria,EURO,151,414192,9,17259
2021-05-18,Bulgaria,EURO,677,414869,84,17343
2021-05-19,Bulgaria,EURO,457,415326,36,17379
2021-05-20,Bulgaria,EURO,361,415687,37,17416
2021-05-21,Bulgaria,EURO,368,416055,31,17447
2021-05-22,Bulgaria,EURO,362,416417,27,17474
2021-05-23,Bulgaria,EURO,148,416565,13,17487
2021-05-24,Bulgaria,EURO,81,416646,9,17496
2021-05-25,Bulgaria,EURO,81,416727,17,17513
2021-05-26,Bulgaria,EURO,406,417133,68,17581
2021-05-27,Bulgaria,EURO,393,417526,36,17617
2021-05-28,Bulgaria,EURO,293,417819,20,17637
2021-05-29,Bulgaria,EURO,287,418106,15,17652
2021-05-30,Bulgaria,EURO,115,418221,5,17657
2021-01-01,Burkina Faso,AFRO,170,6707,3,85
2021-01-02,Burkina Faso,AFRO,0,6707,0,85
2021-01-03,Burkina Faso,AFRO,233,6940,1,86
2021-01-04,Burkina Faso,AFRO,111,7051,0,86
2021-01-05,Burkina Faso,AFRO,75,7126,0,86
2021-01-06,Burkina Faso,AFRO,0,7126,0,86
2021-01-07,Burkina Faso,AFRO,437,7563,3,89
2021-01-08,Burkina Faso,AFRO,150,7713,0,89
2021-01-09,Burkina Faso,AFRO,153,7866,0,89
2021-01-10,Burkina Faso,AFRO,0,7866,0,89
2021-01-11,Burkina Faso,AFRO,216,8082,0,89
2021-01-12,Burkina Faso,AFRO,197,8279,0,89
2021-01-13,Burkina Faso,AFRO,184,8463,3,92
2021-01-14,Burkina Faso,AFRO,83,8546,1,93
2021-01-15,Burkina Faso,AFRO,263,8809,4,97
2021-01-16,Burkina Faso,AFRO,0,8809,0,97
2021-01-17,Burkina Faso,AFRO,191,9000,4,101
2021-01-18,Burkina Faso,AFRO,188,9188,1,102
2021-01-19,Burkina Faso,AFRO,164,9352,3,105
2021-01-20,Burkina Faso,AFRO,0,9352,0,105
2021-01-21,Burkina Faso,AFRO,201,9553,1,106
2021-01-22,Burkina Faso,AFRO,166,9719,0,106
2021-01-23,Burkina Faso,AFRO,138,9857,1,107
2021-01-24,Burkina Faso,AFRO,110,9967,2,109
2021-01-25,Burkina Faso,AFRO,71,10038,3,112
2021-01-26,Burkina Faso,AFRO,65,10103,5,117
2021-01-27,Burkina Faso,AFRO,54,10157,1,118
2021-01-28,Burkina Faso,AFRO,60,10217,2,120
2021-01-29,Burkina Faso,AFRO,160,10377,0,120
2021-01-30,Burkina Faso,AFRO,46,10423,0,120
2021-01-31,Burkina Faso,AFRO,157,10580,0,120
2021-02-01,Burkina Faso,AFRO,102,10682,0,120
2021-02-02,Burkina Faso,AFRO,86,10768,1,121
2021-02-03,Burkina Faso,AFRO,136,10904,5,126
2021-02-04,Burkina Faso,AFRO,54,10958,1,127
2021-02-05,Burkina Faso,AFRO,95,11053,5,132
2021-02-06,Burkina Faso,AFRO,90,11143,0,132
2021-02-07,Burkina Faso,AFRO,84,11227,2,134
2021-02-08,Burkina Faso,AFRO,58,11285,0,134
2021-02-09,Burkina Faso,AFRO,24,11309,0,134
2021-02-10,Burkina Faso,AFRO,58,11367,0,134
2021-02-11,Burkina Faso,AFRO,59,11426,0,134
2021-02-12,Burkina Faso,AFRO,0,11426,0,134
2021-02-13,Burkina Faso,AFRO,112,11538,3,137
2021-02-14,Burkina Faso,AFRO,50,11588,1,138
2021-02-15,Burkina Faso,AFRO,0,11588,0,138
2021-02-16,Burkina Faso,AFRO,42,11630,0,138
2021-02-17,Burkina Faso,AFRO,0,11630,0,138
2021-02-18,Burkina Faso,AFRO,42,11672,0,138
2021-02-19,Burkina Faso,AFRO,31,11703,1,139
2021-02-20,Burkina Faso,AFRO,60,11763,0,139
2021-02-21,Burkina Faso,AFRO,20,11783,0,139
2021-02-22,Burkina Faso,AFRO,14,11797,0,139
2021-02-23,Burkina Faso,AFRO,50,11847,0,139
2021-02-24,Burkina Faso,AFRO,21,11868,2,141
2021-02-25,Burkina Faso,AFRO,19,11887,1,142
2021-02-26,Burkina Faso,AFRO,27,11914,0,142
2021-02-27,Burkina Faso,AFRO,25,11939,0,142
2021-02-28,Burkina Faso,AFRO,43,11982,0,142
2021-03-01,Burkina Faso,AFRO,0,11982,0,142
2021-03-02,Burkina Faso,AFRO,48,12030,1,143
2021-03-03,Burkina Faso,AFRO,17,12047,0,143
2021-03-04,Burkina Faso,AFRO,24,12071,0,143
2021-03-05,Burkina Faso,AFRO,32,12103,0,143
2021-03-06,Burkina Faso,AFRO,20,12123,0,143
2021-03-07,Burkina Faso,AFRO,30,12153,0,143
2021-03-08,Burkina Faso,AFRO,28,12181,0,143
2021-03-09,Burkina Faso,AFRO,0,12181,0,143
2021-03-10,Burkina Faso,AFRO,6,12187,0,143
2021-03-11,Burkina Faso,AFRO,43,12230,0,143
2021-03-12,Burkina Faso,AFRO,45,12275,0,143
2021-03-13,Burkina Faso,AFRO,30,12305,1,144
2021-03-14,Burkina Faso,AFRO,45,12350,0,144
2021-03-15,Burkina Faso,AFRO,22,12372,0,144
2021-03-16,Burkina Faso,AFRO,6,12378,0,144
2021-03-17,Burkina Faso,AFRO,0,12378,0,144
2021-03-18,Burkina Faso,AFRO,48,12426,1,145
2021-03-19,Burkina Faso,AFRO,24,12450,0,145
2021-03-20,Burkina Faso,AFRO,0,12450,0,145
2021-03-21,Burkina Faso,AFRO,66,12516,0,145
2021-03-22,Burkina Faso,AFRO,19,12535,0,145
2021-03-23,Burkina Faso,AFRO,24,12559,0,145
2021-03-24,Burkina Faso,AFRO,13,12572,0,145
2021-03-25,Burkina Faso,AFRO,24,12596,0,145
2021-03-26,Burkina Faso,AFRO,23,12619,0,145
2021-03-27,Burkina Faso,AFRO,31,12650,0,145
2021-03-28,Burkina Faso,AFRO,23,12673,0,145
2021-03-29,Burkina Faso,AFRO,19,12692,0,145
2021-03-30,Burkina Faso,AFRO,10,12702,0,145
2021-03-31,Burkina Faso,AFRO,15,12717,1,146
2021-04-01,Burkina Faso,AFRO,0,12717,0,146
2021-04-02,Burkina Faso,AFRO,57,12774,3,149
2021-04-03,Burkina Faso,AFRO,17,12791,1,150
2021-04-04,Burkina Faso,AFRO,12,12803,0,150
2021-04-05,Burkina Faso,AFRO,14,12817,0,150
2021-04-06,Burkina Faso,AFRO,8,12825,0,150
2021-04-07,Burkina Faso,AFRO,20,12845,0,150
2021-04-08,Burkina Faso,AFRO,28,12873,0,150
2021-04-09,Burkina Faso,AFRO,31,12904,2,152
2021-04-10,Burkina Faso,AFRO,20,12924,0,152
2021-04-11,Burkina Faso,AFRO,32,12956,0,152
2021-04-12,Burkina Faso,AFRO,0,12956,0,152
2021-04-13,Burkina Faso,AFRO,33,12989,1,153
2021-04-14,Burkina Faso,AFRO,0,12989,0,153
2021-04-15,Burkina Faso,AFRO,61,13050,1,154
2021-04-16,Burkina Faso,AFRO,14,13064,0,154
2021-04-17,Burkina Faso,AFRO,19,13083,0,154
2021-04-18,Burkina Faso,AFRO,31,13114,0,154
2021-04-19,Burkina Faso,AFRO,15,13129,0,154
2021-04-20,Burkina Faso,AFRO,19,13148,0,154
2021-04-21,Burkina Faso,AFRO,19,13167,1,155
2021-04-22,Burkina Faso,AFRO,0,13167,0,155
2021-04-23,Burkina Faso,AFRO,45,13212,1,156
2021-04-24,Burkina Faso,AFRO,19,13231,0,156
2021-04-25,Burkina Faso,AFRO,0,13231,0,156
2021-04-26,Burkina Faso,AFRO,32,13263,0,156
2021-04-27,Burkina Faso,AFRO,0,13263,0,156
2021-04-28,Burkina Faso,AFRO,0,13263,0,156
2021-04-29,Burkina Faso,AFRO,41,13304,1,157
2021-04-30,Burkina Faso,AFRO,0,13304,0,157
2021-05-01,Burkina Faso,AFRO,6,13310,0,157
2021-05-02,Burkina Faso,AFRO,9,13319,0,157
2021-05-03,Burkina Faso,AFRO,0,13319,0,157
2021-05-04,Burkina Faso,AFRO,5,13324,0,157
2021-05-05,Burkina Faso,AFRO,15,13339,4,161
2021-05-06,Burkina Faso,AFRO,6,13345,0,161
2021-05-07,Burkina Faso,AFRO,0,13345,0,161
2021-05-08,Burkina Faso,AFRO,8,13353,1,162
2021-05-09,Burkina Faso,AFRO,24,13377,0,162
2021-05-10,Burkina Faso,AFRO,2,13379,0,162
2021-05-11,Burkina Faso,AFRO,3,13382,0,162
2021-05-12,Burkina Faso,AFRO,2,13384,2,164
2021-05-13,Burkina Faso,AFRO,3,13387,0,164
2021-05-14,Burkina Faso,AFRO,4,13391,0,164
2021-05-15,Burkina Faso,AFRO,3,13394,0,164
2021-05-16,Burkina Faso,AFRO,1,13395,0,164
2021-05-17,Burkina Faso,AFRO,2,13397,0,164
2021-05-18,Burkina Faso,AFRO,0,13397,0,164
2021-05-19,Burkina Faso,AFRO,7,13404,1,165
2021-05-20,Burkina Faso,AFRO,0,13404,0,165
2021-05-21,Burkina Faso,AFRO,4,13408,0,165
2021-05-22,Burkina Faso,AFRO,2,13410,0,165
2021-05-23,Burkina Faso,AFRO,4,13414,0,165
2021-05-24,Burkina Faso,AFRO,1,13415,0,165
2021-05-25,Burkina Faso,AFRO,0,13415,0,165
2021-05-26,Burkina Faso,AFRO,0,13415,0,165
2021-05-27,Burkina Faso,AFRO,4,13419,1,166
2021-05-28,Burkina Faso,AFRO,2,13421,0,166
2021-05-29,Burkina Faso,AFRO,3,13424,0,166
2021-05-30,Burkina Faso,AFRO,6,13430,0,166
2021-01-01,Burundi,AFRO,4,822,0,2
2021-01-02,Burundi,AFRO,0,822,0,2
2021-01-03,Burundi,AFRO,11,833,0,2
2021-01-04,Burundi,AFRO,9,842,0,2
2021-01-05,Burundi,AFRO,0,842,0,2
2021-01-06,Burundi,AFRO,0,842,0,2
2021-01-07,Burundi,AFRO,43,885,0,2
2021-01-08,Burundi,AFRO,0,885,0,2
2021-01-09,Burundi,AFRO,0,885,0,2
2021-01-10,Burundi,AFRO,101,986,0,2
2021-01-11,Burundi,AFRO,33,1019,0,2
2021-01-12,Burundi,AFRO,0,1019,0,2
2021-01-13,Burundi,AFRO,43,1062,0,2
2021-01-14,Burundi,AFRO,41,1103,0,2
2021-01-15,Burundi,AFRO,47,1150,0,2
2021-01-16,Burundi,AFRO,35,1185,0,2
2021-01-17,Burundi,AFRO,51,1236,0,2
2021-01-18,Burundi,AFRO,9,1245,0,2
2021-01-19,Burundi,AFRO,8,1253,0,2
2021-01-20,Burundi,AFRO,69,1322,0,2
2021-01-21,Burundi,AFRO,36,1358,0,2
2021-01-22,Burundi,AFRO,22,1380,0,2
2021-01-23,Burundi,AFRO,58,1438,0,2
2021-01-24,Burundi,AFRO,34,1472,0,2
2021-01-25,Burundi,AFRO,7,1479,0,2
2021-01-26,Burundi,AFRO,2,1481,0,2
2021-01-27,Burundi,AFRO,61,1542,0,2
2021-01-28,Burundi,AFRO,42,1584,0,2
2021-01-29,Burundi,AFRO,20,1604,0,2
2021-01-30,Burundi,AFRO,9,1613,0,2
2021-01-31,Burundi,AFRO,19,1632,0,2
2021-02-01,Burundi,AFRO,3,1635,0,2
2021-02-02,Burundi,AFRO,6,1641,0,2
2021-02-03,Burundi,AFRO,23,1664,0,2
2021-02-04,Burundi,AFRO,22,1686,0,2
2021-02-05,Burundi,AFRO,12,1698,1,3
2021-02-06,Burundi,AFRO,19,1717,0,3
2021-02-07,Burundi,AFRO,6,1723,0,3
2021-02-08,Burundi,AFRO,5,1728,0,3
2021-02-09,Burundi,AFRO,2,1730,0,3
2021-02-10,Burundi,AFRO,21,1751,0,3
2021-02-11,Burundi,AFRO,20,1771,0,3
2021-02-12,Burundi,AFRO,26,1797,0,3
2021-02-13,Burundi,AFRO,27,1824,0,3
2021-02-14,Burundi,AFRO,0,1824,0,3
2021-02-15,Burundi,AFRO,25,1849,0,3
2021-02-16,Burundi,AFRO,6,1855,0,3
2021-02-17,Burundi,AFRO,40,1895,0,3
2021-02-18,Burundi,AFRO,33,1928,0,3
2021-02-19,Burundi,AFRO,27,1955,0,3
2021-02-20,Burundi,AFRO,28,1983,0,3
2021-02-21,Burundi,AFRO,48,2031,0,3
2021-02-22,Burundi,AFRO,3,2034,0,3
2021-02-23,Burundi,AFRO,7,2041,0,3
2021-02-24,Burundi,AFRO,28,2069,0,3
2021-02-25,Burundi,AFRO,37,2106,0,3
2021-02-26,Burundi,AFRO,37,2143,0,3
2021-02-27,Burundi,AFRO,38,2181,0,3
2021-02-28,Burundi,AFRO,28,2209,0,3
2021-03-01,Burundi,AFRO,8,2217,0,3
2021-03-02,Burundi,AFRO,7,2224,0,3
2021-03-03,Burundi,AFRO,16,2240,0,3
2021-03-04,Burundi,AFRO,28,2268,0,3
2021-03-05,Burundi,AFRO,15,2283,0,3
2021-03-06,Burundi,AFRO,16,2299,0,3
2021-03-07,Burundi,AFRO,20,2319,0,3
2021-03-08,Burundi,AFRO,15,2334,0,3
2021-03-09,Burundi,AFRO,5,2339,0,3
2021-03-10,Burundi,AFRO,30,2369,0,3
2021-03-11,Burundi,AFRO,27,2396,0,3
2021-03-12,Burundi,AFRO,24,2420,0,3
2021-03-13,Burundi,AFRO,21,2441,0,3
2021-03-14,Burundi,AFRO,0,2441,0,3
2021-03-15,Burundi,AFRO,20,2461,0,3
2021-03-16,Burundi,AFRO,0,2461,0,3
2021-03-17,Burundi,AFRO,0,2461,0,3
2021-03-18,Burundi,AFRO,81,2542,0,3
2021-03-19,Burundi,AFRO,21,2563,0,3
2021-03-20,Burundi,AFRO,0,2563,0,3
2021-03-21,Burundi,AFRO,50,2613,3,6
2021-03-22,Burundi,AFRO,5,2618,0,6
2021-03-23,Burundi,AFRO,10,2628,0,6
2021-03-24,Burundi,AFRO,29,2657,0,6
2021-03-25,Burundi,AFRO,0,2657,0,6
2021-03-26,Burundi,AFRO,0,2657,0,6
2021-03-27,Burundi,AFRO,0,2657,0,6
2021-03-28,Burundi,AFRO,100,2757,0,6
2021-03-29,Burundi,AFRO,0,2757,0,6
2021-03-30,Burundi,AFRO,0,2757,0,6
2021-03-31,Burundi,AFRO,53,2810,0,6
2021-04-01,Burundi,AFRO,32,2842,0,6
2021-04-02,Burundi,AFRO,0,2842,0,6
2021-04-03,Burundi,AFRO,69,2911,0,6
2021-04-04,Burundi,AFRO,0,2911,0,6
2021-04-05,Burundi,AFRO,53,2964,0,6
2021-04-06,Burundi,AFRO,6,2970,0,6
2021-04-07,Burundi,AFRO,47,3017,0,6
2021-04-08,Burundi,AFRO,10,3027,0,6
2021-04-09,Burundi,AFRO,51,3078,0,6
2021-04-10,Burundi,AFRO,41,3119,0,6
2021-04-11,Burundi,AFRO,35,3154,0,6
2021-04-12,Burundi,AFRO,0,3154,0,6
2021-04-13,Burundi,AFRO,108,3262,0,6
2021-04-14,Burundi,AFRO,71,3333,0,6
2021-04-15,Burundi,AFRO,91,3424,0,6
2021-04-16,Burundi,AFRO,53,3477,0,6
2021-04-17,Burundi,AFRO,0,3477,0,6
2021-04-18,Burundi,AFRO,135,3612,0,6
2021-04-19,Burundi,AFRO,0,3612,0,6
2021-04-20,Burundi,AFRO,31,3643,0,6
2021-04-21,Burundi,AFRO,63,3706,0,6
2021-04-22,Burundi,AFRO,26,3732,0,6
2021-04-23,Burundi,AFRO,27,3759,0,6
2021-04-24,Burundi,AFRO,46,3805,0,6
2021-04-25,Burundi,AFRO,48,3853,0,6
2021-04-26,Burundi,AFRO,21,3874,0,6
2021-04-27,Burundi,AFRO,10,3884,0,6
2021-04-28,Burundi,AFRO,57,3941,0,6
2021-04-29,Burundi,AFRO,44,3985,0,6
2021-04-30,Burundi,AFRO,10,3995,0,6
2021-05-01,Burundi,AFRO,23,4018,0,6
2021-05-02,Burundi,AFRO,20,4038,0,6
2021-05-03,Burundi,AFRO,8,4046,0,6
2021-05-04,Burundi,AFRO,6,4052,0,6
2021-05-05,Burundi,AFRO,17,4069,0,6
2021-05-06,Burundi,AFRO,24,4093,0,6
2021-05-07,Burundi,AFRO,39,4132,0,6
2021-05-08,Burundi,AFRO,17,4149,0,6
2021-05-09,Burundi,AFRO,28,4177,0,6
2021-05-10,Burundi,AFRO,23,4200,0,6
2021-05-11,Burundi,AFRO,8,4208,0,6
2021-05-12,Burundi,AFRO,25,4233,0,6
2021-05-13,Burundi,AFRO,28,4261,0,6
2021-05-14,Burundi,AFRO,21,4282,0,6
2021-05-15,Burundi,AFRO,8,4290,0,6
2021-05-16,Burundi,AFRO,39,4329,0,6
2021-05-17,Burundi,AFRO,18,4347,0,6
2021-05-18,Burundi,AFRO,6,4353,0,6
2021-05-19,Burundi,AFRO,29,4382,0,6
2021-05-20,Burundi,AFRO,36,4418,0,6
2021-05-21,Burundi,AFRO,33,4451,0,6
2021-05-22,Burundi,AFRO,43,4494,0,6
2021-05-23,Burundi,AFRO,0,4494,0,6
2021-05-24,Burundi,AFRO,52,4546,0,6
2021-05-25,Burundi,AFRO,22,4568,0,6
2021-05-26,Burundi,AFRO,24,4592,0,6
2021-05-27,Burundi,AFRO,58,4650,0,6
2021-05-28,Burundi,AFRO,19,4669,0,6
2021-05-29,Burundi,AFRO,46,4715,0,6
2021-05-30,Burundi,AFRO,39,4754,0,6
2021-01-01,Cabo Verde,AFRO,47,11840,1,113
2021-01-02,Cabo Verde,AFRO,0,11840,0,113
2021-01-03,Cabo Verde,AFRO,43,11883,0,113
2021-01-04,Cabo Verde,AFRO,37,11920,0,113
2021-01-05,Cabo Verde,AFRO,29,11949,0,113
2021-01-06,Cabo Verde,AFRO,34,11983,0,113
2021-01-07,Cabo Verde,AFRO,69,12052,0,113
2021-01-08,Cabo Verde,AFRO,94,12146,0,113
2021-01-09,Cabo Verde,AFRO,91,12237,1,114
2021-01-10,Cabo Verde,AFRO,0,12237,0,114
2021-01-11,Cabo Verde,AFRO,155,12392,0,114
2021-01-12,Cabo Verde,AFRO,41,12433,1,115
2021-01-13,Cabo Verde,AFRO,73,12506,0,115
2021-01-14,Cabo Verde,AFRO,86,12592,0,115
2021-01-15,Cabo Verde,AFRO,72,12664,0,115
2021-01-16,Cabo Verde,AFRO,112,12776,3,118
2021-01-17,Cabo Verde,AFRO,125,12901,1,119
2021-01-18,Cabo Verde,AFRO,92,12993,0,119
2021-01-19,Cabo Verde,AFRO,53,13046,1,120
2021-01-20,Cabo Verde,AFRO,93,13139,0,120
2021-01-21,Cabo Verde,AFRO,85,13224,1,121
2021-01-22,Cabo Verde,AFRO,83,13307,1,122
2021-01-23,Cabo Verde,AFRO,74,13381,0,122
2021-01-24,Cabo Verde,AFRO,33,13414,2,124
2021-01-25,Cabo Verde,AFRO,75,13489,3,127
2021-01-26,Cabo Verde,AFRO,68,13557,0,127
2021-01-27,Cabo Verde,AFRO,62,13619,2,129
2021-01-28,Cabo Verde,AFRO,103,13722,0,129
2021-01-29,Cabo Verde,AFRO,62,13784,2,131
2021-01-30,Cabo Verde,AFRO,113,13897,0,131
2021-01-31,Cabo Verde,AFRO,84,13981,2,133
2021-02-01,Cabo Verde,AFRO,89,14070,1,134
2021-02-02,Cabo Verde,AFRO,28,14098,0,134
2021-02-03,Cabo Verde,AFRO,54,14152,0,134
2021-02-04,Cabo Verde,AFRO,0,14152,0,134
2021-02-05,Cabo Verde,AFRO,138,14290,1,135
2021-02-06,Cabo Verde,AFRO,16,14306,0,135
2021-02-07,Cabo Verde,AFRO,74,14380,0,135
2021-02-08,Cabo Verde,AFRO,0,14380,0,135
2021-02-09,Cabo Verde,AFRO,71,14451,1,136
2021-02-10,Cabo Verde,AFRO,28,14479,1,137
2021-02-11,Cabo Verde,AFRO,64,14543,1,138
2021-02-12,Cabo Verde,AFRO,58,14601,0,138
2021-02-13,Cabo Verde,AFRO,46,14647,1,139
2021-02-14,Cabo Verde,AFRO,53,14700,0,139
2021-02-15,Cabo Verde,AFRO,41,14741,0,139
2021-02-16,Cabo Verde,AFRO,20,14761,0,139
2021-02-17,Cabo Verde,AFRO,24,14785,1,140
2021-02-18,Cabo Verde,AFRO,63,14848,1,141
2021-02-19,Cabo Verde,AFRO,37,14885,1,142
2021-02-20,Cabo Verde,AFRO,63,14948,0,142
2021-02-21,Cabo Verde,AFRO,51,14999,1,143
2021-02-22,Cabo Verde,AFRO,0,14999,0,143
2021-02-23,Cabo Verde,AFRO,73,15072,1,144
2021-02-24,Cabo Verde,AFRO,17,15089,0,144
2021-02-25,Cabo Verde,AFRO,72,15161,1,145
2021-02-26,Cabo Verde,AFRO,40,15201,0,145
2021-02-27,Cabo Verde,AFRO,52,15253,1,146
2021-02-28,Cabo Verde,AFRO,71,15324,1,147
2021-03-01,Cabo Verde,AFRO,0,15324,0,147
2021-03-02,Cabo Verde,AFRO,108,15432,0,147
2021-03-03,Cabo Verde,AFRO,51,15483,1,148
2021-03-04,Cabo Verde,AFRO,75,15558,2,150
2021-03-05,Cabo Verde,AFRO,63,15621,2,152
2021-03-06,Cabo Verde,AFRO,62,15683,0,152
2021-03-07,Cabo Verde,AFRO,41,15724,0,152
2021-03-08,Cabo Verde,AFRO,58,15782,2,154
2021-03-09,Cabo Verde,AFRO,24,15806,0,154
2021-03-10,Cabo Verde,AFRO,20,15826,0,154
2021-03-11,Cabo Verde,AFRO,66,15892,1,155
2021-03-12,Cabo Verde,AFRO,40,15932,0,155
2021-03-13,Cabo Verde,AFRO,54,15986,0,155
2021-03-14,Cabo Verde,AFRO,49,16035,1,156
2021-03-15,Cabo Verde,AFRO,0,16035,0,156
2021-03-16,Cabo Verde,AFRO,85,16120,0,156
2021-03-17,Cabo Verde,AFRO,34,16154,1,157
2021-03-18,Cabo Verde,AFRO,96,16250,1,158
2021-03-19,Cabo Verde,AFRO,48,16298,0,158
2021-03-20,Cabo Verde,AFRO,76,16374,1,159
2021-03-21,Cabo Verde,AFRO,66,16440,0,159
2021-03-22,Cabo Verde,AFRO,51,16491,0,159
2021-03-23,Cabo Verde,AFRO,26,16517,1,160
2021-03-24,Cabo Verde,AFRO,38,16555,3,163
2021-03-25,Cabo Verde,AFRO,106,16661,0,163
2021-03-26,Cabo Verde,AFRO,126,16787,1,164
2021-03-27,Cabo Verde,AFRO,124,16911,1,165
2021-03-28,Cabo Verde,AFRO,107,17018,0,165
2021-03-29,Cabo Verde,AFRO,107,17125,0,165
2021-03-30,Cabo Verde,AFRO,65,17190,0,165
2021-03-31,Cabo Verde,AFRO,89,17279,3,168
2021-04-01,Cabo Verde,AFRO,191,17470,0,168
2021-04-02,Cabo Verde,AFRO,117,17587,1,169
2021-04-03,Cabo Verde,AFRO,130,17717,2,171
2021-04-04,Cabo Verde,AFRO,104,17821,0,171
2021-04-05,Cabo Verde,AFRO,50,17871,2,173
2021-04-06,Cabo Verde,AFRO,68,17939,0,173
2021-04-07,Cabo Verde,AFRO,84,18023,0,173
2021-04-08,Cabo Verde,AFRO,191,18214,2,175
2021-04-09,Cabo Verde,AFRO,0,18214,0,175
2021-04-10,Cabo Verde,AFRO,415,18629,2,177
2021-04-11,Cabo Verde,AFRO,0,18629,0,177
2021-04-12,Cabo Verde,AFRO,376,19005,5,182
2021-04-13,Cabo Verde,AFRO,105,19110,2,184
2021-04-14,Cabo Verde,AFRO,121,19231,3,187
2021-04-15,Cabo Verde,AFRO,294,19525,1,188
2021-04-16,Cabo Verde,AFRO,0,19525,0,188
2021-04-17,Cabo Verde,AFRO,450,19975,1,189
2021-04-18,Cabo Verde,AFRO,0,19975,0,189
2021-04-19,Cabo Verde,AFRO,491,20466,2,191
2021-04-20,Cabo Verde,AFRO,161,20627,2,193
2021-04-21,Cabo Verde,AFRO,154,20781,1,194
2021-04-22,Cabo Verde,AFRO,398,21179,4,198
2021-04-23,Cabo Verde,AFRO,0,21179,0,198
2021-04-24,Cabo Verde,AFRO,605,21784,3,201
2021-04-25,Cabo Verde,AFRO,0,21784,0,201
2021-04-26,Cabo Verde,AFRO,574,22358,2,203
2021-04-27,Cabo Verde,AFRO,228,22586,5,208
2021-04-28,Cabo Verde,AFRO,186,22772,3,211
2021-04-29,Cabo Verde,AFRO,409,23181,2,213
2021-04-30,Cabo Verde,AFRO,0,23181,0,213
2021-05-01,Cabo Verde,AFRO,701,23882,4,217
2021-05-02,Cabo Verde,AFRO,245,24127,3,220
2021-05-03,Cabo Verde,AFRO,241,24368,4,224
2021-05-04,Cabo Verde,AFRO,180,24548,2,226
2021-05-05,Cabo Verde,AFRO,194,24742,2,228
2021-05-06,Cabo Verde,AFRO,417,25159,1,229
2021-05-07,Cabo Verde,AFRO,367,25526,1,230
2021-05-08,Cabo Verde,AFRO,311,25837,1,231
2021-05-09,Cabo Verde,AFRO,274,26111,1,232
2021-05-10,Cabo Verde,AFRO,330,26441,0,232
2021-05-11,Cabo Verde,AFRO,137,26578,3,235
2021-05-12,Cabo Verde,AFRO,131,26709,1,236
2021-05-13,Cabo Verde,AFRO,320,27029,2,238
2021-05-14,Cabo Verde,AFRO,357,27386,5,243
2021-05-15,Cabo Verde,AFRO,286,27672,1,244
2021-05-16,Cabo Verde,AFRO,279,27951,2,246
2021-05-17,Cabo Verde,AFRO,217,28168,3,249
2021-05-18,Cabo Verde,AFRO,113,28281,2,251
2021-05-19,Cabo Verde,AFRO,129,28410,1,252
2021-05-20,Cabo Verde,AFRO,289,28699,1,253
2021-05-21,Cabo Verde,AFRO,199,28898,0,253
2021-05-22,Cabo Verde,AFRO,135,29033,1,254
2021-05-23,Cabo Verde,AFRO,165,29198,2,256
2021-05-24,Cabo Verde,AFRO,136,29334,0,256
2021-05-25,Cabo Verde,AFRO,77,29411,2,258
2021-05-26,Cabo Verde,AFRO,138,29549,1,259
2021-05-27,Cabo Verde,AFRO,214,29763,0,259
2021-05-28,Cabo Verde,AFRO,176,29939,0,259
2021-05-29,Cabo Verde,AFRO,183,30122,2,261
2021-05-30,Cabo Verde,AFRO,151,30273,2,263
2021-01-01,Cambodia,WPRO,12,378,0,0
2021-01-02,Cambodia,WPRO,1,379,0,0
2021-01-03,Cambodia,WPRO,2,381,0,0
2021-01-04,Cambodia,WPRO,1,382,0,0
2021-01-05,Cambodia,WPRO,0,382,0,0
2021-01-06,Cambodia,WPRO,1,383,0,0
2021-01-07,Cambodia,WPRO,2,385,0,0
2021-01-08,Cambodia,WPRO,1,386,0,0
2021-01-09,Cambodia,WPRO,1,387,0,0
2021-01-10,Cambodia,WPRO,4,391,0,0
2021-01-11,Cambodia,WPRO,1,392,0,0
2021-01-12,Cambodia,WPRO,0,392,0,0
2021-01-13,Cambodia,WPRO,6,398,0,0
2021-01-14,Cambodia,WPRO,13,411,0,0
2021-01-15,Cambodia,WPRO,15,426,0,0
2021-01-16,Cambodia,WPRO,10,436,0,0
2021-01-17,Cambodia,WPRO,3,439,0,0
2021-01-18,Cambodia,WPRO,0,439,0,0
2021-01-19,Cambodia,WPRO,2,441,0,0
2021-01-20,Cambodia,WPRO,7,448,0,0
2021-01-21,Cambodia,WPRO,5,453,0,0
2021-01-22,Cambodia,WPRO,3,456,0,0
2021-01-23,Cambodia,WPRO,0,456,0,0
2021-01-24,Cambodia,WPRO,2,458,0,0
2021-01-25,Cambodia,WPRO,0,458,0,0
2021-01-26,Cambodia,WPRO,2,460,0,0
2021-01-27,Cambodia,WPRO,0,460,0,0
2021-01-28,Cambodia,WPRO,1,461,0,0
2021-01-29,Cambodia,WPRO,2,463,0,0
2021-01-30,Cambodia,WPRO,1,464,0,0
2021-01-31,Cambodia,WPRO,1,465,0,0
2021-02-01,Cambodia,WPRO,1,466,0,0
2021-02-02,Cambodia,WPRO,0,466,0,0
2021-02-03,Cambodia,WPRO,0,466,0,0
2021-02-04,Cambodia,WPRO,1,467,0,0
2021-02-05,Cambodia,WPRO,3,470,0,0
2021-02-06,Cambodia,WPRO,2,472,0,0
2021-02-07,Cambodia,WPRO,2,474,0,0
2021-02-08,Cambodia,WPRO,0,474,0,0
2021-02-09,Cambodia,WPRO,2,476,0,0
2021-02-10,Cambodia,WPRO,2,478,0,0
2021-02-11,Cambodia,WPRO,0,478,0,0
2021-02-12,Cambodia,WPRO,1,479,0,0
2021-02-13,Cambodia,WPRO,0,479,0,0
2021-02-14,Cambodia,WPRO,0,479,0,0
2021-02-15,Cambodia,WPRO,0,479,0,0
2021-02-16,Cambodia,WPRO,0,479,0,0
2021-02-17,Cambodia,WPRO,0,479,0,0
2021-02-18,Cambodia,WPRO,4,483,0,0
2021-02-19,Cambodia,WPRO,1,484,0,0
2021-02-20,Cambodia,WPRO,32,516,0,0
2021-02-21,Cambodia,WPRO,17,533,0,0
2021-02-22,Cambodia,WPRO,35,568,0,0
2021-02-23,Cambodia,WPRO,25,593,0,0
2021-02-24,Cambodia,WPRO,40,633,0,0
2021-02-25,Cambodia,WPRO,64,697,0,0
2021-02-26,Cambodia,WPRO,43,740,0,0
2021-02-27,Cambodia,WPRO,26,766,0,0
2021-02-28,Cambodia,WPRO,39,805,0,0
2021-03-01,Cambodia,WPRO,15,820,0,0
2021-03-02,Cambodia,WPRO,24,844,0,0
2021-03-03,Cambodia,WPRO,34,878,0,0
2021-03-04,Cambodia,WPRO,31,909,0,0
2021-03-05,Cambodia,WPRO,23,932,0,0
2021-03-06,Cambodia,WPRO,21,953,0,0
2021-03-07,Cambodia,WPRO,34,987,0,0
2021-03-08,Cambodia,WPRO,24,1011,0,0
2021-03-09,Cambodia,WPRO,49,1060,0,0
2021-03-10,Cambodia,WPRO,64,1124,0,0
2021-03-11,Cambodia,WPRO,39,1163,0,0
2021-03-12,Cambodia,WPRO,62,1225,1,1
2021-03-13,Cambodia,WPRO,39,1264,0,1
2021-03-14,Cambodia,WPRO,41,1305,0,1
2021-03-15,Cambodia,WPRO,20,1325,0,1
2021-03-16,Cambodia,WPRO,105,1430,0,1
2021-03-17,Cambodia,WPRO,75,1505,0,1
2021-03-18,Cambodia,WPRO,36,1541,0,1
2021-03-19,Cambodia,WPRO,37,1578,0,1
2021-03-20,Cambodia,WPRO,54,1632,2,3
2021-03-21,Cambodia,WPRO,48,1680,0,3
2021-03-22,Cambodia,WPRO,73,1753,0,3
2021-03-23,Cambodia,WPRO,35,1788,1,4
2021-03-24,Cambodia,WPRO,29,1817,1,5
2021-03-25,Cambodia,WPRO,55,1872,0,5
2021-03-26,Cambodia,WPRO,96,1968,2,7
2021-03-27,Cambodia,WPRO,179,2147,1,8
2021-03-28,Cambodia,WPRO,86,2233,2,10
2021-03-29,Cambodia,WPRO,40,2273,1,11
2021-03-30,Cambodia,WPRO,104,2377,0,11
2021-03-31,Cambodia,WPRO,63,2440,0,11
2021-04-01,Cambodia,WPRO,37,2477,3,14
2021-04-02,Cambodia,WPRO,69,2546,2,16
2021-04-03,Cambodia,WPRO,99,2645,2,18
2021-04-04,Cambodia,WPRO,44,2689,1,19
2021-04-05,Cambodia,WPRO,63,2752,2,21
2021-04-06,Cambodia,WPRO,72,2824,1,22
2021-04-07,Cambodia,WPRO,91,2915,0,22
2021-04-08,Cambodia,WPRO,113,3028,2,24
2021-04-09,Cambodia,WPRO,576,3604,0,24
2021-04-10,Cambodia,WPRO,477,4081,2,26
2021-04-11,Cambodia,WPRO,157,4238,3,29
2021-04-12,Cambodia,WPRO,277,4515,1,30
2021-04-13,Cambodia,WPRO,181,4696,3,33
2021-04-14,Cambodia,WPRO,178,4874,2,35
2021-04-15,Cambodia,WPRO,344,5218,1,36
2021-04-16,Cambodia,WPRO,262,5480,2,38
2021-04-17,Cambodia,WPRO,291,5771,1,39
2021-04-18,Cambodia,WPRO,618,6389,4,43
2021-04-19,Cambodia,WPRO,624,7013,2,45
2021-04-20,Cambodia,WPRO,431,7444,4,49
2021-04-21,Cambodia,WPRO,303,7747,5,54
2021-04-22,Cambodia,WPRO,446,8193,5,59
2021-04-23,Cambodia,WPRO,655,8848,2,61
2021-04-24,Cambodia,WPRO,511,9359,10,71
2021-04-25,Cambodia,WPRO,616,9975,3,74
2021-04-26,Cambodia,WPRO,580,10555,5,79
2021-04-27,Cambodia,WPRO,508,11063,3,82
2021-04-28,Cambodia,WPRO,698,11761,6,88
2021-04-29,Cambodia,WPRO,880,12641,3,91
2021-04-30,Cambodia,WPRO,761,13402,2,93
2021-05-01,Cambodia,WPRO,388,13790,3,96
2021-05-02,Cambodia,WPRO,730,14520,7,103
2021-05-03,Cambodia,WPRO,841,15361,3,106
2021-05-04,Cambodia,WPRO,938,16299,1,107
2021-05-05,Cambodia,WPRO,672,16971,3,110
2021-05-06,Cambodia,WPRO,650,17621,4,114
2021-05-07,Cambodia,WPRO,558,18179,0,114
2021-05-08,Cambodia,WPRO,538,18717,0,114
2021-05-09,Cambodia,WPRO,520,19237,6,120
2021-05-10,Cambodia,WPRO,506,19743,6,126
2021-05-11,Cambodia,WPRO,480,20223,5,131
2021-05-12,Cambodia,WPRO,472,20695,5,136
2021-05-13,Cambodia,WPRO,446,21141,6,142
2021-05-14,Cambodia,WPRO,358,21499,5,147
2021-05-15,Cambodia,WPRO,335,21834,0,147
2021-05-16,Cambodia,WPRO,350,22184,3,150
2021-05-17,Cambodia,WPRO,360,22544,4,154
2021-05-18,Cambodia,WPRO,345,22889,2,156
2021-05-19,Cambodia,WPRO,393,23282,3,159
2021-05-20,Cambodia,WPRO,415,23697,5,164
2021-05-21,Cambodia,WPRO,460,24157,1,165
2021-05-22,Cambodia,WPRO,488,24645,2,167
2021-05-23,Cambodia,WPRO,560,25205,9,176
2021-05-24,Cambodia,WPRO,556,25761,3,179
2021-05-25,Cambodia,WPRO,568,26329,4,183
2021-05-26,Cambodia,WPRO,660,26989,7,190
2021-05-27,Cambodia,WPRO,649,27638,4,194
2021-05-28,Cambodia,WPRO,599,28237,2,196
2021-05-29,Cambodia,WPRO,588,28825,7,203
2021-05-30,Cambodia,WPRO,579,29404,6,209
2021-01-01,Cameroon,AFRO,571,26848,0,448
2021-01-02,Cameroon,AFRO,0,26848,0,448
2021-01-03,Cameroon,AFRO,0,26848,0,448
2021-01-04,Cameroon,AFRO,0,26848,0,448
2021-01-05,Cameroon,AFRO,0,26848,0,448
2021-01-06,Cameroon,AFRO,0,26848,0,448
2021-01-07,Cameroon,AFRO,0,26848,0,448
2021-01-08,Cameroon,AFRO,0,26848,0,448
2021-01-09,Cameroon,AFRO,0,26848,0,448
2021-01-10,Cameroon,AFRO,0,26848,0,448
2021-01-11,Cameroon,AFRO,0,26848,0,448
2021-01-12,Cameroon,AFRO,488,27336,3,451
2021-01-13,Cameroon,AFRO,0,27336,0,451
2021-01-14,Cameroon,AFRO,0,27336,0,451
2021-01-15,Cameroon,AFRO,0,27336,0,451
2021-01-16,Cameroon,AFRO,0,27336,0,451
2021-01-17,Cameroon,AFRO,0,27336,0,451
2021-01-18,Cameroon,AFRO,674,28010,4,455
2021-01-19,Cameroon,AFRO,0,28010,0,455
2021-01-20,Cameroon,AFRO,0,28010,0,455
2021-01-21,Cameroon,AFRO,0,28010,0,455
2021-01-22,Cameroon,AFRO,0,28010,0,455
2021-01-23,Cameroon,AFRO,0,28010,0,455
2021-01-24,Cameroon,AFRO,1607,29617,7,462
2021-01-25,Cameroon,AFRO,0,29617,0,462
2021-01-26,Cameroon,AFRO,0,29617,0,462
2021-01-27,Cameroon,AFRO,0,29617,0,462
2021-01-28,Cameroon,AFRO,0,29617,0,462
2021-01-29,Cameroon,AFRO,0,29617,0,462
2021-01-30,Cameroon,AFRO,0,29617,0,462
2021-01-31,Cameroon,AFRO,0,29617,0,462
2021-02-01,Cameroon,AFRO,0,29617,0,462
2021-02-02,Cameroon,AFRO,696,30313,12,474
2021-02-03,Cameroon,AFRO,0,30313,0,474
2021-02-04,Cameroon,AFRO,0,30313,0,474
2021-02-05,Cameroon,AFRO,0,30313,0,474
2021-02-06,Cameroon,AFRO,0,30313,0,474
2021-02-07,Cameroon,AFRO,0,30313,0,474
2021-02-08,Cameroon,AFRO,0,30313,0,474
2021-02-09,Cameroon,AFRO,1081,31394,0,474
2021-02-10,Cameroon,AFRO,0,31394,0,474
2021-02-11,Cameroon,AFRO,0,31394,0,474
2021-02-12,Cameroon,AFRO,0,31394,0,474
2021-02-13,Cameroon,AFRO,0,31394,0,474
2021-02-14,Cameroon,AFRO,0,31394,0,474
2021-02-15,Cameroon,AFRO,0,31394,0,474
2021-02-16,Cameroon,AFRO,0,31394,0,474
2021-02-17,Cameroon,AFRO,0,31394,0,474
2021-02-18,Cameroon,AFRO,1287,32681,26,500
2021-02-19,Cameroon,AFRO,0,32681,0,500
2021-02-20,Cameroon,AFRO,0,32681,0,500
2021-02-21,Cameroon,AFRO,1068,33749,23,523
2021-02-22,Cameroon,AFRO,0,33749,0,523
2021-02-23,Cameroon,AFRO,0,33749,0,523
2021-02-24,Cameroon,AFRO,0,33749,0,523
2021-02-25,Cameroon,AFRO,0,33749,0,523
2021-02-26,Cameroon,AFRO,0,33749,0,523
2021-02-27,Cameroon,AFRO,0,33749,0,523
2021-02-28,Cameroon,AFRO,0,33749,0,523
2021-03-01,Cameroon,AFRO,1965,35714,28,551
2021-03-02,Cameroon,AFRO,0,35714,0,551
2021-03-03,Cameroon,AFRO,0,35714,0,551
2021-03-04,Cameroon,AFRO,0,35714,0,551
2021-03-05,Cameroon,AFRO,0,35714,0,551
2021-03-06,Cameroon,AFRO,0,35714,0,551
2021-03-07,Cameroon,AFRO,0,35714,0,551
2021-03-08,Cameroon,AFRO,3274,38988,37,588
2021-03-09,Cameroon,AFRO,0,38988,0,588
2021-03-10,Cameroon,AFRO,0,38988,0,588
2021-03-11,Cameroon,AFRO,0,38988,0,588
2021-03-12,Cameroon,AFRO,0,38988,0,588
2021-03-13,Cameroon,AFRO,0,38988,0,588
2021-03-14,Cameroon,AFRO,0,38988,0,588
2021-03-15,Cameroon,AFRO,0,38988,0,588
2021-03-16,Cameroon,AFRO,0,38988,0,588
2021-03-17,Cameroon,AFRO,0,38988,0,588
2021-03-18,Cameroon,AFRO,0,38988,0,588
2021-03-19,Cameroon,AFRO,0,38988,0,588
2021-03-20,Cameroon,AFRO,0,38988,0,588
2021-03-21,Cameroon,AFRO,0,38988,0,588
2021-03-22,Cameroon,AFRO,0,38988,0,588
2021-03-23,Cameroon,AFRO,0,38988,0,588
2021-03-24,Cameroon,AFRO,0,38988,0,588
2021-03-25,Cameroon,AFRO,8681,47669,133,721
2021-03-26,Cameroon,AFRO,0,47669,0,721
2021-03-27,Cameroon,AFRO,0,47669,0,721
2021-03-28,Cameroon,AFRO,0,47669,0,721
2021-03-29,Cameroon,AFRO,0,47669,0,721
2021-03-30,Cameroon,AFRO,0,47669,0,721
2021-03-31,Cameroon,AFRO,0,47669,0,721
2021-04-01,Cameroon,AFRO,6251,53920,58,779
2021-04-02,Cameroon,AFRO,0,53920,0,779
2021-04-03,Cameroon,AFRO,0,53920,0,779
2021-04-04,Cameroon,AFRO,0,53920,0,779
2021-04-05,Cameroon,AFRO,0,53920,0,779
2021-04-06,Cameroon,AFRO,0,53920,0,779
2021-04-07,Cameroon,AFRO,0,53920,0,779
2021-04-08,Cameroon,AFRO,3417,57337,72,851
2021-04-09,Cameroon,AFRO,0,57337,0,851
2021-04-10,Cameroon,AFRO,0,57337,0,851
2021-04-11,Cameroon,AFRO,0,57337,0,851
2021-04-12,Cameroon,AFRO,0,57337,0,851
2021-04-13,Cameroon,AFRO,0,57337,0,851
2021-04-14,Cameroon,AFRO,4394,61731,68,919
2021-04-15,Cameroon,AFRO,0,61731,0,919
2021-04-16,Cameroon,AFRO,0,61731,0,919
2021-04-17,Cameroon,AFRO,0,61731,0,919
2021-04-18,Cameroon,AFRO,0,61731,0,919
2021-04-19,Cameroon,AFRO,0,61731,0,919
2021-04-20,Cameroon,AFRO,0,61731,0,919
2021-04-21,Cameroon,AFRO,0,61731,0,919
2021-04-22,Cameroon,AFRO,0,61731,0,919
2021-04-23,Cameroon,AFRO,4267,65998,72,991
2021-04-24,Cameroon,AFRO,0,65998,0,991
2021-04-25,Cameroon,AFRO,0,65998,0,991
2021-04-26,Cameroon,AFRO,0,65998,0,991
2021-04-27,Cameroon,AFRO,0,65998,0,991
2021-04-28,Cameroon,AFRO,0,65998,0,991
2021-04-29,Cameroon,AFRO,0,65998,0,991
2021-04-30,Cameroon,AFRO,0,65998,0,991
2021-05-01,Cameroon,AFRO,4609,70607,73,1064
2021-05-02,Cameroon,AFRO,0,70607,0,1064
2021-05-03,Cameroon,AFRO,0,70607,0,1064
2021-05-04,Cameroon,AFRO,0,70607,0,1064
2021-05-05,Cameroon,AFRO,0,70607,0,1064
2021-05-06,Cameroon,AFRO,4339,74946,88,1152
2021-05-07,Cameroon,AFRO,0,74946,0,1152
2021-05-08,Cameroon,AFRO,0,74946,0,1152
2021-05-09,Cameroon,AFRO,0,74946,0,1152
2021-05-10,Cameroon,AFRO,0,74946,0,1152
2021-05-11,Cameroon,AFRO,0,74946,0,1152
2021-05-12,Cameroon,AFRO,1810,76756,78,1230
2021-05-13,Cameroon,AFRO,0,76756,0,1230
2021-05-14,Cameroon,AFRO,0,76756,0,1230
2021-05-15,Cameroon,AFRO,0,76756,0,1230
2021-05-16,Cameroon,AFRO,0,76756,0,1230
2021-05-17,Cameroon,AFRO,0,76756,0,1230
2021-05-18,Cameroon,AFRO,0,76756,0,1230
2021-05-19,Cameroon,AFRO,0,76756,0,1230
2021-05-20,Cameroon,AFRO,0,76756,0,1230
2021-05-21,Cameroon,AFRO,0,76756,0,1230
2021-05-22,Cameroon,AFRO,0,76756,0,1230
2021-05-23,Cameroon,AFRO,0,76756,0,1230
2021-05-24,Cameroon,AFRO,0,76756,0,1230
2021-05-25,Cameroon,AFRO,0,76756,0,1230
2021-05-26,Cameroon,AFRO,1226,77982,40,1270
2021-05-27,Cameroon,AFRO,0,77982,0,1270
2021-05-28,Cameroon,AFRO,0,77982,0,1270
2021-05-29,Cameroon,AFRO,0,77982,0,1270
2021-05-30,Cameroon,AFRO,0,77982,0,1270
2021-01-01,Canada,AMRO,7476,572982,94,15472
2021-01-02,Canada,AMRO,8420,581402,133,15605
2021-01-03,Canada,AMRO,6875,588277,136,15741
2021-01-04,Canada,AMRO,6808,595085,83,15824
2021-01-05,Canada,AMRO,6578,601663,41,15865
2021-01-06,Canada,AMRO,9761,611424,209,16074
2021-01-07,Canada,AMRO,7222,618646,159,16233
2021-01-08,Canada,AMRO,8153,626799,136,16369
2021-01-09,Canada,AMRO,8335,635134,210,16579
2021-01-10,Canada,AMRO,9214,644348,128,16707
2021-01-11,Canada,AMRO,8125,652473,126,16833
2021-01-12,Canada,AMRO,7816,660289,117,16950
2021-01-13,Canada,AMRO,7892,668181,136,17086
2021-01-14,Canada,AMRO,6292,674473,147,17233
2021-01-15,Canada,AMRO,6855,681328,150,17383
2021-01-16,Canada,AMRO,7563,688891,155,17538
2021-01-17,Canada,AMRO,6816,695707,191,17729
2021-01-18,Canada,AMRO,6476,702183,136,17865
2021-01-19,Canada,AMRO,6436,708619,149,18014
2021-01-20,Canada,AMRO,6453,715072,106,18120
2021-01-21,Canada,AMRO,4679,719751,146,18266
2021-01-22,Canada,AMRO,5744,725495,196,18462
2021-01-23,Canada,AMRO,5955,731450,160,18622
2021-01-24,Canada,AMRO,5957,737407,206,18828
2021-01-25,Canada,AMRO,5124,742531,146,18974
2021-01-26,Canada,AMRO,4852,747383,120,19094
2021-01-27,Canada,AMRO,5628,753011,144,19238
2021-01-28,Canada,AMRO,4011,757022,165,19403
2021-01-29,Canada,AMRO,4204,761226,130,19533
2021-01-30,Canada,AMRO,4877,766103,131,19664
2021-01-31,Canada,AMRO,4690,770793,137,19801
2021-02-01,Canada,AMRO,4255,775048,141,19942
2021-02-02,Canada,AMRO,3924,778972,90,20032
2021-02-03,Canada,AMRO,4617,783589,104,20136
2021-02-04,Canada,AMRO,2828,786417,77,20213
2021-02-05,Canada,AMRO,3234,789651,142,20355
2021-02-06,Canada,AMRO,4083,793734,158,20513
2021-02-07,Canada,AMRO,4022,797756,96,20609
2021-02-08,Canada,AMRO,3301,801057,93,20702
2021-02-09,Canada,AMRO,3203,804260,65,20767
2021-02-10,Canada,AMRO,3860,808120,68,20835
2021-02-11,Canada,AMRO,2677,810797,74,20909
2021-02-12,Canada,AMRO,3185,813982,95,21004
2021-02-13,Canada,AMRO,3181,817163,84,21088
2021-02-14,Canada,AMRO,3143,820306,74,21162
2021-02-15,Canada,AMRO,3047,823353,66,21228
2021-02-16,Canada,AMRO,2432,825785,65,21293
2021-02-17,Canada,AMRO,1139,826924,18,21311
2021-02-18,Canada,AMRO,4653,831577,86,21397
2021-02-19,Canada,AMRO,2605,834182,38,21435
2021-02-20,Canada,AMRO,3315,837497,63,21498
2021-02-21,Canada,AMRO,3089,840586,78,21576
2021-02-22,Canada,AMRO,2715,843301,54,21630
2021-02-23,Canada,AMRO,2351,845652,44,21674
2021-02-24,Canada,AMRO,3865,849517,49,21723
2021-02-25,Canada,AMRO,2752,852269,39,21762
2021-02-26,Canada,AMRO,2857,855126,45,21807
2021-02-27,Canada,AMRO,3091,858217,58,21865
2021-02-28,Canada,AMRO,3255,861472,50,21915
2021-03-01,Canada,AMRO,2724,864196,45,21960
2021-03-02,Canada,AMRO,2307,866503,34,21994
2021-03-03,Canada,AMRO,3530,870033,23,22017
2021-03-04,Canada,AMRO,2714,872747,28,22045
2021-03-05,Canada,AMRO,2812,875559,60,22105
2021-03-06,Canada,AMRO,2832,878391,46,22151
2021-03-07,Canada,AMRO,3370,881761,41,22192
2021-03-08,Canada,AMRO,2325,884086,21,22213
2021-03-09,Canada,AMRO,2488,886574,26,22239
2021-03-10,Canada,AMRO,4124,890698,37,22276
2021-03-11,Canada,AMRO,2820,893518,28,22304
2021-03-12,Canada,AMRO,3221,896739,31,22335
2021-03-13,Canada,AMRO,3018,899757,36,22371
2021-03-14,Canada,AMRO,3476,903233,33,22404
2021-03-15,Canada,AMRO,2968,906201,30,22434
2021-03-16,Canada,AMRO,2956,909157,29,22463
2021-03-17,Canada,AMRO,3890,913047,32,22495
2021-03-18,Canada,AMRO,2821,915868,24,22519
2021-03-19,Canada,AMRO,3371,919239,35,22554
2021-03-20,Canada,AMRO,3609,922848,36,22590
2021-03-21,Canada,AMRO,4221,927069,27,22617
2021-03-22,Canada,AMRO,3447,930516,26,22643
2021-03-23,Canada,AMRO,3269,933785,33,22676
2021-03-24,Canada,AMRO,4934,938719,40,22716
2021-03-25,Canada,AMRO,3601,942320,19,22735
2021-03-26,Canada,AMRO,4050,946370,24,22759
2021-03-27,Canada,AMRO,5192,951562,31,22790
2021-03-28,Canada,AMRO,5093,956655,36,22826
2021-03-29,Canada,AMRO,4428,961083,26,22852
2021-03-30,Canada,AMRO,4321,965404,28,22880
2021-03-31,Canada,AMRO,6311,971715,20,22900
2021-04-01,Canada,AMRO,4883,976598,26,22926
2021-04-02,Canada,AMRO,5518,982116,33,22959
2021-04-03,Canada,AMRO,5802,987918,43,23002
2021-04-04,Canada,AMRO,6918,994836,0,23002
2021-04-05,Canada,AMRO,6822,1001658,48,23050
2021-04-06,Canada,AMRO,6448,1008106,25,23075
2021-04-07,Canada,AMRO,6267,1014373,43,23118
2021-04-08,Canada,AMRO,6520,1020893,23,23141
2021-04-09,Canada,AMRO,7148,1028041,32,23173
2021-04-10,Canada,AMRO,7982,1036023,38,23211
2021-04-11,Canada,AMRO,9255,1045278,40,23251
2021-04-12,Canada,AMRO,7261,1052539,36,23287
2021-04-13,Canada,AMRO,9936,1062475,42,23329
2021-04-14,Canada,AMRO,8541,1071016,27,23356
2021-04-15,Canada,AMRO,7546,1078562,36,23392
2021-04-16,Canada,AMRO,8590,1087152,53,23445
2021-04-17,Canada,AMRO,9564,1096716,55,23500
2021-04-18,Canada,AMRO,9346,1106062,41,23541
2021-04-19,Canada,AMRO,7845,1113907,50,23591
2021-04-20,Canada,AMRO,7591,1121498,32,23623
2021-04-21,Canada,AMRO,10275,1131773,44,23667
2021-04-22,Canada,AMRO,7270,1139043,46,23713
2021-04-23,Canada,AMRO,8420,1147463,50,23763
2021-04-24,Canada,AMRO,8371,1155834,59,23822
2021-04-25,Canada,AMRO,8747,1164581,61,23883
2021-04-26,Canada,AMRO,7423,1172004,44,23927
2021-04-27,Canada,AMRO,6982,1178986,38,23965
2021-04-28,Canada,AMRO,8932,1187918,59,24024
2021-04-29,Canada,AMRO,7071,1194989,41,24065
2021-04-30,Canada,AMRO,7748,1202737,52,24117
2021-05-01,Canada,AMRO,8346,1211083,52,24169
2021-05-02,Canada,AMRO,8342,1219425,50,24219
2021-05-03,Canada,AMRO,7610,1227035,42,24261
2021-05-04,Canada,AMRO,7145,1234180,39,24300
2021-05-05,Canada,AMRO,9062,1243242,42,24342
2021-05-06,Canada,AMRO,6708,1249950,54,24396
2021-05-07,Canada,AMRO,7378,1257328,54,24450
2021-05-08,Canada,AMRO,7992,1265320,39,24489
2021-05-09,Canada,AMRO,7849,1273169,40,24529
2021-05-10,Canada,AMRO,6802,1279971,39,24568
2021-05-11,Canada,AMRO,6695,1286666,58,24626
2021-05-12,Canada,AMRO,7520,1294186,56,24682
2021-05-13,Canada,AMRO,5386,1299572,32,24714
2021-05-14,Canada,AMRO,6198,1305770,52,24766
2021-05-15,Canada,AMRO,6638,1312408,59,24825
2021-05-16,Canada,AMRO,5991,1318399,44,24869
2021-05-17,Canada,AMRO,5282,1323681,39,24908
2021-05-18,Canada,AMRO,4901,1328582,40,24948
2021-05-19,Canada,AMRO,5522,1334104,35,24983
2021-05-20,Canada,AMRO,4037,1338141,35,25018
2021-05-21,Canada,AMRO,4247,1342388,48,25066
2021-05-22,Canada,AMRO,5057,1347445,45,25111
2021-05-23,Canada,AMRO,4676,1352121,51,25162
2021-05-24,Canada,AMRO,4000,1356121,41,25203
2021-05-25,Canada,AMRO,3738,1359859,28,25231
2021-05-26,Canada,AMRO,1705,1361564,34,25265
2021-05-27,Canada,AMRO,3952,1365516,59,25324
2021-05-28,Canada,AMRO,2590,1368106,37,25361
2021-05-29,Canada,AMRO,2967,1371073,50,25411
2021-05-30,Canada,AMRO,3202,1374275,29,25440
2021-01-01,Cayman Islands,AMRO,4,330,0,2
2021-01-02,Cayman Islands,AMRO,8,338,0,2
2021-01-03,Cayman Islands,AMRO,0,338,0,2
2021-01-04,Cayman Islands,AMRO,0,338,0,2
2021-01-05,Cayman Islands,AMRO,0,338,0,2
2021-01-06,Cayman Islands,AMRO,9,347,0,2
2021-01-07,Cayman Islands,AMRO,3,350,0,2
2021-01-08,Cayman Islands,AMRO,6,356,0,2
2021-01-09,Cayman Islands,AMRO,3,359,0,2
2021-01-10,Cayman Islands,AMRO,0,359,0,2
2021-01-11,Cayman Islands,AMRO,0,359,0,2
2021-01-12,Cayman Islands,AMRO,0,359,0,2
2021-01-13,Cayman Islands,AMRO,3,362,0,2
2021-01-14,Cayman Islands,AMRO,0,362,0,2
2021-01-15,Cayman Islands,AMRO,5,367,0,2
2021-01-16,Cayman Islands,AMRO,1,368,0,2
2021-01-17,Cayman Islands,AMRO,6,374,0,2
2021-01-18,Cayman Islands,AMRO,0,374,0,2
2021-01-19,Cayman Islands,AMRO,0,374,0,2
2021-01-20,Cayman Islands,AMRO,6,380,0,2
2021-01-21,Cayman Islands,AMRO,1,381,0,2
2021-01-22,Cayman Islands,AMRO,0,381,0,2
2021-01-23,Cayman Islands,AMRO,1,382,0,2
2021-01-24,Cayman Islands,AMRO,1,383,0,2
2021-01-25,Cayman Islands,AMRO,0,383,0,2
2021-01-26,Cayman Islands,AMRO,0,383,0,2
2021-01-27,Cayman Islands,AMRO,0,383,0,2
2021-01-28,Cayman Islands,AMRO,1,384,0,2
2021-01-29,Cayman Islands,AMRO,1,385,0,2
2021-01-30,Cayman Islands,AMRO,2,387,0,2
2021-01-31,Cayman Islands,AMRO,3,390,0,2
2021-02-01,Cayman Islands,AMRO,0,390,0,2
2021-02-02,Cayman Islands,AMRO,0,390,0,2
2021-02-03,Cayman Islands,AMRO,8,398,0,2
2021-02-04,Cayman Islands,AMRO,2,400,0,2
2021-02-05,Cayman Islands,AMRO,0,400,0,2
2021-02-06,Cayman Islands,AMRO,5,405,0,2
2021-02-07,Cayman Islands,AMRO,0,405,0,2
2021-02-08,Cayman Islands,AMRO,0,405,0,2
2021-02-09,Cayman Islands,AMRO,0,405,0,2
2021-02-10,Cayman Islands,AMRO,3,408,0,2
2021-02-11,Cayman Islands,AMRO,0,408,0,2
2021-02-12,Cayman Islands,AMRO,0,408,0,2
2021-02-13,Cayman Islands,AMRO,3,411,0,2
2021-02-14,Cayman Islands,AMRO,5,416,0,2
2021-02-15,Cayman Islands,AMRO,0,416,0,2
2021-02-16,Cayman Islands,AMRO,0,416,0,2
2021-02-17,Cayman Islands,AMRO,3,419,0,2
2021-02-18,Cayman Islands,AMRO,0,419,0,2
2021-02-19,Cayman Islands,AMRO,0,419,0,2
2021-02-20,Cayman Islands,AMRO,6,425,0,2
2021-02-21,Cayman Islands,AMRO,3,428,0,2
2021-02-22,Cayman Islands,AMRO,0,428,0,2
2021-02-23,Cayman Islands,AMRO,0,428,0,2
2021-02-24,Cayman Islands,AMRO,3,431,0,2
2021-02-25,Cayman Islands,AMRO,0,431,0,2
2021-02-26,Cayman Islands,AMRO,0,431,0,2
2021-02-27,Cayman Islands,AMRO,7,438,0,2
2021-02-28,Cayman Islands,AMRO,0,438,0,2
2021-03-01,Cayman Islands,AMRO,0,438,0,2
2021-03-02,Cayman Islands,AMRO,6,444,0,2
2021-03-03,Cayman Islands,AMRO,3,447,0,2
2021-03-04,Cayman Islands,AMRO,0,447,0,2
2021-03-05,Cayman Islands,AMRO,1,448,0,2
2021-03-06,Cayman Islands,AMRO,0,448,0,2
2021-03-07,Cayman Islands,AMRO,3,451,0,2
2021-03-08,Cayman Islands,AMRO,0,451,0,2
2021-03-09,Cayman Islands,AMRO,0,451,0,2
2021-03-10,Cayman Islands,AMRO,0,451,0,2
2021-03-11,Cayman Islands,AMRO,9,460,0,2
2021-03-12,Cayman Islands,AMRO,0,460,0,2
2021-03-13,Cayman Islands,AMRO,3,463,0,2
2021-03-14,Cayman Islands,AMRO,5,468,0,2
2021-03-15,Cayman Islands,AMRO,0,468,0,2
2021-03-16,Cayman Islands,AMRO,0,468,0,2
2021-03-17,Cayman Islands,AMRO,6,474,0,2
2021-03-18,Cayman Islands,AMRO,0,474,0,2
2021-03-19,Cayman Islands,AMRO,0,474,0,2
2021-03-20,Cayman Islands,AMRO,1,475,0,2
2021-03-21,Cayman Islands,AMRO,0,475,0,2
2021-03-22,Cayman Islands,AMRO,0,475,0,2
2021-03-23,Cayman Islands,AMRO,0,475,0,2
2021-03-24,Cayman Islands,AMRO,7,482,0,2
2021-03-25,Cayman Islands,AMRO,0,482,0,2
2021-03-26,Cayman Islands,AMRO,0,482,0,2
2021-03-27,Cayman Islands,AMRO,1,483,0,2
2021-03-28,Cayman Islands,AMRO,4,487,0,2
2021-03-29,Cayman Islands,AMRO,0,487,0,2
2021-03-30,Cayman Islands,AMRO,0,487,0,2
2021-03-31,Cayman Islands,AMRO,12,499,0,2
2021-04-01,Cayman Islands,AMRO,0,499,0,2
2021-04-02,Cayman Islands,AMRO,1,500,0,2
2021-04-03,Cayman Islands,AMRO,1,501,0,2
2021-04-04,Cayman Islands,AMRO,0,501,0,2
2021-04-05,Cayman Islands,AMRO,0,501,0,2
2021-04-06,Cayman Islands,AMRO,0,501,0,2
2021-04-07,Cayman Islands,AMRO,0,501,0,2
2021-04-08,Cayman Islands,AMRO,11,512,0,2
2021-04-09,Cayman Islands,AMRO,1,513,0,2
2021-04-10,Cayman Islands,AMRO,2,515,0,2
2021-04-11,Cayman Islands,AMRO,1,516,0,2
2021-04-12,Cayman Islands,AMRO,0,516,0,2
2021-04-13,Cayman Islands,AMRO,0,516,0,2
2021-04-14,Cayman Islands,AMRO,7,523,0,2
2021-04-15,Cayman Islands,AMRO,0,523,0,2
2021-04-16,Cayman Islands,AMRO,0,523,0,2
2021-04-17,Cayman Islands,AMRO,0,523,0,2
2021-04-18,Cayman Islands,AMRO,2,525,0,2
2021-04-19,Cayman Islands,AMRO,0,525,0,2
2021-04-20,Cayman Islands,AMRO,6,531,0,2
2021-04-21,Cayman Islands,AMRO,0,531,0,2
2021-04-22,Cayman Islands,AMRO,0,531,0,2
2021-04-23,Cayman Islands,AMRO,0,531,0,2
2021-04-24,Cayman Islands,AMRO,0,531,0,2
2021-04-25,Cayman Islands,AMRO,3,534,0,2
2021-04-26,Cayman Islands,AMRO,0,534,0,2
2021-04-27,Cayman Islands,AMRO,7,541,0,2
2021-04-28,Cayman Islands,AMRO,0,541,0,2
2021-04-29,Cayman Islands,AMRO,0,541,0,2
2021-04-30,Cayman Islands,AMRO,1,542,0,2
2021-05-01,Cayman Islands,AMRO,0,542,0,2
2021-05-02,Cayman Islands,AMRO,1,543,0,2
2021-05-03,Cayman Islands,AMRO,0,543,0,2
2021-05-04,Cayman Islands,AMRO,0,543,0,2
2021-05-05,Cayman Islands,AMRO,2,545,0,2
2021-05-06,Cayman Islands,AMRO,0,545,0,2
2021-05-07,Cayman Islands,AMRO,0,545,0,2
2021-05-08,Cayman Islands,AMRO,0,545,0,2
2021-05-09,Cayman Islands,AMRO,3,548,0,2
2021-05-10,Cayman Islands,AMRO,0,548,0,2
2021-05-11,Cayman Islands,AMRO,0,548,0,2
2021-05-12,Cayman Islands,AMRO,0,548,0,2
2021-05-13,Cayman Islands,AMRO,0,548,0,2
2021-05-14,Cayman Islands,AMRO,12,560,0,2
2021-05-15,Cayman Islands,AMRO,1,561,0,2
2021-05-16,Cayman Islands,AMRO,4,565,0,2
2021-05-17,Cayman Islands,AMRO,0,565,0,2
2021-05-18,Cayman Islands,AMRO,0,565,0,2
2021-05-19,Cayman Islands,AMRO,0,565,0,2
2021-05-20,Cayman Islands,AMRO,0,565,0,2
2021-05-21,Cayman Islands,AMRO,9,574,0,2
2021-05-22,Cayman Islands,AMRO,0,574,0,2
2021-05-23,Cayman Islands,AMRO,0,574,0,2
2021-05-24,Cayman Islands,AMRO,0,574,0,2
2021-05-25,Cayman Islands,AMRO,0,574,0,2
2021-05-26,Cayman Islands,AMRO,0,574,0,2
2021-05-27,Cayman Islands,AMRO,4,578,0,2
2021-05-28,Cayman Islands,AMRO,3,581,0,2
2021-05-29,Cayman Islands,AMRO,0,581,0,2
2021-05-30,Cayman Islands,AMRO,0,581,0,2
2021-01-01,Central African Republic,AFRO,0,4963,0,63
2021-01-02,Central African Republic,AFRO,0,4963,0,63
2021-01-03,Central African Republic,AFRO,0,4963,0,63
2021-01-04,Central African Republic,AFRO,0,4963,0,63
2021-01-05,Central African Republic,AFRO,0,4963,0,63
2021-01-06,Central African Republic,AFRO,0,4963,0,63
2021-01-07,Central African Republic,AFRO,6,4969,0,63
2021-01-08,Central African Republic,AFRO,0,4969,0,63
2021-01-09,Central African Republic,AFRO,0,4969,0,63
2021-01-10,Central African Republic,AFRO,4,4973,0,63
2021-01-11,Central African Republic,AFRO,0,4973,0,63
2021-01-12,Central African Republic,AFRO,0,4973,0,63
2021-01-13,Central African Republic,AFRO,0,4973,0,63
2021-01-14,Central African Republic,AFRO,0,4973,0,63
2021-01-15,Central African Republic,AFRO,0,4973,0,63
2021-01-16,Central African Republic,AFRO,0,4973,0,63
2021-01-17,Central African Republic,AFRO,0,4973,0,63
2021-01-18,Central African Republic,AFRO,0,4973,0,63
2021-01-19,Central African Republic,AFRO,0,4973,0,63
2021-01-20,Central African Republic,AFRO,1,4974,0,63
2021-01-21,Central African Republic,AFRO,0,4974,0,63
2021-01-22,Central African Republic,AFRO,0,4974,0,63
2021-01-23,Central African Republic,AFRO,0,4974,0,63
2021-01-24,Central African Republic,AFRO,6,4980,0,63
2021-01-25,Central African Republic,AFRO,0,4980,0,63
2021-01-26,Central African Republic,AFRO,0,4980,0,63
2021-01-27,Central African Republic,AFRO,1,4981,0,63
2021-01-28,Central African Republic,AFRO,0,4981,0,63
2021-01-29,Central African Republic,AFRO,0,4981,0,63
2021-01-30,Central African Republic,AFRO,0,4981,0,63
2021-01-31,Central African Republic,AFRO,0,4981,0,63
2021-02-01,Central African Republic,AFRO,8,4989,0,63
2021-02-02,Central African Republic,AFRO,0,4989,0,63
2021-02-03,Central African Republic,AFRO,0,4989,0,63
2021-02-04,Central African Republic,AFRO,0,4989,0,63
2021-02-05,Central African Republic,AFRO,0,4989,0,63
2021-02-06,Central African Republic,AFRO,0,4989,0,63
2021-02-07,Central African Republic,AFRO,0,4989,0,63
2021-02-08,Central African Republic,AFRO,0,4989,0,63
2021-02-09,Central African Republic,AFRO,0,4989,0,63
2021-02-10,Central African Republic,AFRO,0,4989,0,63
2021-02-11,Central African Republic,AFRO,7,4996,0,63
2021-02-12,Central African Republic,AFRO,0,4996,0,63
2021-02-13,Central African Republic,AFRO,0,4996,0,63
2021-02-14,Central African Republic,AFRO,0,4996,0,63
2021-02-15,Central African Republic,AFRO,0,4996,0,63
2021-02-16,Central African Republic,AFRO,0,4996,0,63
2021-02-17,Central African Republic,AFRO,0,4996,0,63
2021-02-18,Central African Republic,AFRO,0,4996,0,63
2021-02-19,Central African Republic,AFRO,0,4996,0,63
2021-02-20,Central African Republic,AFRO,0,4996,0,63
2021-02-21,Central African Republic,AFRO,0,4996,0,63
2021-02-22,Central African Republic,AFRO,0,4996,0,63
2021-02-23,Central African Republic,AFRO,1,4997,0,63
2021-02-24,Central African Republic,AFRO,0,4997,0,63
2021-02-25,Central African Republic,AFRO,0,4997,0,63
2021-02-26,Central African Republic,AFRO,0,4997,0,63
2021-02-27,Central African Republic,AFRO,0,4997,0,63
2021-02-28,Central African Republic,AFRO,0,4997,0,63
2021-03-01,Central African Republic,AFRO,0,4997,0,63
2021-03-02,Central African Republic,AFRO,0,4997,0,63
2021-03-03,Central African Republic,AFRO,0,4997,0,63
2021-03-04,Central African Republic,AFRO,0,4997,0,63
2021-03-05,Central African Republic,AFRO,0,4997,0,63
2021-03-06,Central African Republic,AFRO,0,4997,0,63
2021-03-07,Central African Republic,AFRO,24,5021,0,63
2021-03-08,Central African Republic,AFRO,0,5021,0,63
2021-03-09,Central African Republic,AFRO,0,5021,0,63
2021-03-10,Central African Republic,AFRO,0,5021,0,63
2021-03-11,Central African Republic,AFRO,0,5021,0,63
2021-03-12,Central African Republic,AFRO,0,5021,0,63
2021-03-13,Central African Republic,AFRO,0,5021,0,63
2021-03-14,Central African Republic,AFRO,0,5021,0,63
2021-03-15,Central African Republic,AFRO,0,5021,0,63
2021-03-16,Central African Republic,AFRO,4,5025,0,63
2021-03-17,Central African Republic,AFRO,39,5064,0,63
2021-03-18,Central African Republic,AFRO,0,5064,0,63
2021-03-19,Central African Republic,AFRO,0,5064,0,63
2021-03-20,Central African Republic,AFRO,0,5064,0,63
2021-03-21,Central African Republic,AFRO,23,5087,1,64
2021-03-22,Central African Republic,AFRO,0,5087,0,64
2021-03-23,Central African Republic,AFRO,0,5087,0,64
2021-03-24,Central African Republic,AFRO,1,5088,0,64
2021-03-25,Central African Republic,AFRO,-1,5087,0,64
2021-03-26,Central African Republic,AFRO,0,5087,0,64
2021-03-27,Central African Republic,AFRO,0,5087,0,64
2021-03-28,Central African Republic,AFRO,0,5087,0,64
2021-03-29,Central African Republic,AFRO,0,5087,0,64
2021-03-30,Central African Republic,AFRO,74,5161,3,67
2021-03-31,Central African Republic,AFRO,0,5161,0,67
2021-04-01,Central African Republic,AFRO,61,5222,5,72
2021-04-02,Central African Republic,AFRO,23,5245,0,72
2021-04-03,Central African Republic,AFRO,0,5245,0,72
2021-04-04,Central African Republic,AFRO,0,5245,0,72
2021-04-05,Central African Republic,AFRO,0,5245,0,72
2021-04-06,Central African Republic,AFRO,68,5313,1,73
2021-04-07,Central African Republic,AFRO,40,5353,0,73
2021-04-08,Central African Republic,AFRO,49,5402,1,74
2021-04-09,Central African Republic,AFRO,0,5402,0,74
2021-04-10,Central African Republic,AFRO,63,5465,0,74
2021-04-11,Central African Republic,AFRO,0,5465,0,74
2021-04-12,Central African Republic,AFRO,0,5465,0,74
2021-04-13,Central African Republic,AFRO,0,5465,0,74
2021-04-14,Central African Republic,AFRO,0,5465,0,74
2021-04-15,Central African Republic,AFRO,0,5465,0,74
2021-04-16,Central African Republic,AFRO,263,5728,1,75
2021-04-17,Central African Republic,AFRO,0,5728,0,75
2021-04-18,Central African Republic,AFRO,59,5787,0,75
2021-04-19,Central African Republic,AFRO,0,5787,0,75
2021-04-20,Central African Republic,AFRO,142,5929,4,79
2021-04-21,Central African Republic,AFRO,246,6175,6,85
2021-04-22,Central African Republic,AFRO,0,6175,0,85
2021-04-23,Central African Republic,AFRO,49,6224,0,85
2021-04-24,Central African Republic,AFRO,0,6224,0,85
2021-04-25,Central African Republic,AFRO,0,6224,0,85
2021-04-26,Central African Republic,AFRO,0,6224,0,85
2021-04-27,Central African Republic,AFRO,135,6359,2,87
2021-04-28,Central African Republic,AFRO,0,6359,0,87
2021-04-29,Central African Republic,AFRO,52,6411,1,88
2021-04-30,Central African Republic,AFRO,0,6411,0,88
2021-05-01,Central African Republic,AFRO,0,6411,0,88
2021-05-02,Central African Republic,AFRO,0,6411,0,88
2021-05-03,Central African Republic,AFRO,0,6411,0,88
2021-05-04,Central African Republic,AFRO,110,6521,3,91
2021-05-05,Central African Republic,AFRO,0,6521,0,91
2021-05-06,Central African Republic,AFRO,153,6674,2,93
2021-05-07,Central African Republic,AFRO,0,6674,0,93
2021-05-08,Central African Republic,AFRO,0,6674,0,93
2021-05-09,Central African Republic,AFRO,0,6674,0,93
2021-05-10,Central African Republic,AFRO,0,6674,0,93
2021-05-11,Central African Republic,AFRO,0,6674,0,93
2021-05-12,Central African Republic,AFRO,192,6866,2,95
2021-05-13,Central African Republic,AFRO,0,6866,0,95
2021-05-14,Central African Republic,AFRO,0,6866,0,95
2021-05-15,Central African Republic,AFRO,0,6866,0,95
2021-05-16,Central African Republic,AFRO,0,6866,0,95
2021-05-17,Central African Republic,AFRO,0,6866,0,95
2021-05-18,Central African Republic,AFRO,144,7010,1,96
2021-05-19,Central African Republic,AFRO,0,7010,0,96
2021-05-20,Central African Republic,AFRO,0,7010,0,96
2021-05-21,Central African Republic,AFRO,0,7010,0,96
2021-05-22,Central African Republic,AFRO,0,7010,0,96
2021-05-23,Central African Republic,AFRO,0,7010,0,96
2021-05-24,Central African Republic,AFRO,69,7079,1,97
2021-05-25,Central African Republic,AFRO,0,7079,0,97
2021-05-26,Central African Republic,AFRO,0,7079,0,97
2021-05-27,Central African Republic,AFRO,0,7079,0,97
2021-05-28,Central African Republic,AFRO,6,7085,1,98
2021-05-29,Central African Republic,AFRO,0,7085,0,98
2021-05-30,Central African Republic,AFRO,0,7085,0,98
2021-01-01,Chad,AFRO,36,2113,0,104
2021-01-02,Chad,AFRO,0,2113,0,104
2021-01-03,Chad,AFRO,56,2169,0,104
2021-01-04,Chad,AFRO,44,2213,0,104
2021-01-05,Chad,AFRO,16,2229,0,104
2021-01-06,Chad,AFRO,60,2289,1,105
2021-01-07,Chad,AFRO,39,2328,0,105
2021-01-08,Chad,AFRO,30,2358,0,105
2021-01-09,Chad,AFRO,61,2419,1,106
2021-01-10,Chad,AFRO,91,2510,1,107
2021-01-11,Chad,AFRO,27,2537,0,107
2021-01-12,Chad,AFRO,52,2589,0,107
2021-01-13,Chad,AFRO,79,2668,1,108
2021-01-14,Chad,AFRO,41,2709,1,109
2021-01-15,Chad,AFRO,64,2773,1,110
2021-01-16,Chad,AFRO,34,2807,1,111
2021-01-17,Chad,AFRO,48,2855,0,111
2021-01-18,Chad,AFRO,40,2895,0,111
2021-01-19,Chad,AFRO,24,2919,2,113
2021-01-20,Chad,AFRO,58,2977,1,114
2021-01-21,Chad,AFRO,35,3012,0,114
2021-01-22,Chad,AFRO,53,3065,0,114
2021-01-23,Chad,AFRO,39,3104,1,115
2021-01-24,Chad,AFRO,33,3137,0,115
2021-01-25,Chad,AFRO,24,3161,1,116
2021-01-26,Chad,AFRO,21,3182,0,116
2021-01-27,Chad,AFRO,43,3225,0,116
2021-01-28,Chad,AFRO,44,3269,1,117
2021-01-29,Chad,AFRO,27,3296,1,118
2021-01-30,Chad,AFRO,25,3321,0,118
2021-01-31,Chad,AFRO,26,3347,0,118
2021-02-01,Chad,AFRO,29,3376,0,118
2021-02-02,Chad,AFRO,9,3385,3,121
2021-02-03,Chad,AFRO,19,3404,0,121
2021-02-04,Chad,AFRO,15,3419,0,121
2021-02-05,Chad,AFRO,14,3433,0,121
2021-02-06,Chad,AFRO,17,3450,3,124
2021-02-07,Chad,AFRO,23,3473,1,125
2021-02-08,Chad,AFRO,24,3497,0,125
2021-02-09,Chad,AFRO,11,3508,0,125
2021-02-10,Chad,AFRO,31,3539,0,125
2021-02-11,Chad,AFRO,29,3568,1,126
2021-02-12,Chad,AFRO,13,3581,0,126
2021-02-13,Chad,AFRO,16,3597,1,127
2021-02-14,Chad,AFRO,25,3622,0,127
2021-02-15,Chad,AFRO,23,3645,1,128
2021-02-16,Chad,AFRO,19,3664,3,131
2021-02-17,Chad,AFRO,25,3689,0,131
2021-02-18,Chad,AFRO,35,3724,1,132
2021-02-19,Chad,AFRO,27,3751,0,132
2021-02-20,Chad,AFRO,25,3776,0,132
2021-02-21,Chad,AFRO,18,3794,1,133
2021-02-22,Chad,AFRO,55,3849,1,134
2021-02-23,Chad,AFRO,19,3868,1,135
2021-02-24,Chad,AFRO,14,3882,1,136
2021-02-25,Chad,AFRO,22,3904,0,136
2021-02-26,Chad,AFRO,30,3934,1,137
2021-02-27,Chad,AFRO,0,3934,0,137
2021-02-28,Chad,AFRO,39,3973,3,140
2021-03-01,Chad,AFRO,0,3973,0,140
2021-03-02,Chad,AFRO,13,3986,0,140
2021-03-03,Chad,AFRO,13,3999,0,140
2021-03-04,Chad,AFRO,57,4056,0,140
2021-03-05,Chad,AFRO,33,4089,0,140
2021-03-06,Chad,AFRO,0,4089,0,140
2021-03-07,Chad,AFRO,72,4161,0,140
2021-03-08,Chad,AFRO,16,4177,0,140
2021-03-09,Chad,AFRO,16,4193,2,142
2021-03-10,Chad,AFRO,21,4214,2,144
2021-03-11,Chad,AFRO,17,4231,5,149
2021-03-12,Chad,AFRO,15,4246,2,151
2021-03-13,Chad,AFRO,28,4274,1,152
2021-03-14,Chad,AFRO,14,4288,1,153
2021-03-15,Chad,AFRO,21,4309,1,154
2021-03-16,Chad,AFRO,19,4328,1,155
2021-03-17,Chad,AFRO,16,4344,0,155
2021-03-18,Chad,AFRO,13,4357,1,156
2021-03-19,Chad,AFRO,23,4380,1,157
2021-03-20,Chad,AFRO,15,4395,0,157
2021-03-21,Chad,AFRO,15,4410,0,157
2021-03-22,Chad,AFRO,10,4420,0,157
2021-03-23,Chad,AFRO,7,4427,0,157
2021-03-24,Chad,AFRO,13,4440,1,158
2021-03-25,Chad,AFRO,13,4453,0,158
2021-03-26,Chad,AFRO,12,4465,0,158
2021-03-27,Chad,AFRO,15,4480,0,158
2021-03-28,Chad,AFRO,21,4501,2,160
2021-03-29,Chad,AFRO,5,4506,1,161
2021-03-30,Chad,AFRO,4,4510,3,164
2021-03-31,Chad,AFRO,13,4523,0,164
2021-04-01,Chad,AFRO,10,4533,0,164
2021-04-02,Chad,AFRO,19,4552,0,164
2021-04-03,Chad,AFRO,21,4573,0,164
2021-04-04,Chad,AFRO,16,4589,0,164
2021-04-05,Chad,AFRO,6,4595,1,165
2021-04-06,Chad,AFRO,0,4595,1,166
2021-04-07,Chad,AFRO,8,4603,0,166
2021-04-08,Chad,AFRO,3,4606,0,166
2021-04-09,Chad,AFRO,10,4616,1,167
2021-04-10,Chad,AFRO,0,4616,0,167
2021-04-11,Chad,AFRO,0,4616,0,167
2021-04-12,Chad,AFRO,20,4636,0,167
2021-04-13,Chad,AFRO,5,4641,0,167
2021-04-14,Chad,AFRO,11,4652,0,167
2021-04-15,Chad,AFRO,10,4662,0,167
2021-04-16,Chad,AFRO,11,4673,1,168
2021-04-17,Chad,AFRO,0,4673,0,168
2021-04-18,Chad,AFRO,18,4691,0,168
2021-04-19,Chad,AFRO,15,4706,1,169
2021-04-20,Chad,AFRO,2,4708,0,169
2021-04-21,Chad,AFRO,15,4723,0,169
2021-04-22,Chad,AFRO,8,4731,0,169
2021-04-23,Chad,AFRO,4,4735,0,169
2021-04-24,Chad,AFRO,12,4747,0,169
2021-04-25,Chad,AFRO,5,4752,0,169
2021-04-26,Chad,AFRO,18,4770,0,169
2021-04-27,Chad,AFRO,2,4772,0,169
2021-04-28,Chad,AFRO,7,4779,1,170
2021-04-29,Chad,AFRO,10,4789,0,170
2021-04-30,Chad,AFRO,21,4810,0,170
2021-05-01,Chad,AFRO,7,4817,0,170
2021-05-02,Chad,AFRO,7,4824,0,170
2021-05-03,Chad,AFRO,4,4828,0,170
2021-05-04,Chad,AFRO,0,4828,0,170
2021-05-05,Chad,AFRO,0,4828,0,170
2021-05-06,Chad,AFRO,19,4847,0,170
2021-05-07,Chad,AFRO,7,4854,0,170
2021-05-08,Chad,AFRO,8,4862,0,170
2021-05-09,Chad,AFRO,12,4874,1,171
2021-05-10,Chad,AFRO,3,4877,0,171
2021-05-11,Chad,AFRO,5,4882,0,171
2021-05-12,Chad,AFRO,6,4888,1,172
2021-05-13,Chad,AFRO,3,4891,0,172
2021-05-14,Chad,AFRO,0,4891,0,172
2021-05-15,Chad,AFRO,0,4891,0,172
2021-05-16,Chad,AFRO,10,4901,1,173
2021-05-17,Chad,AFRO,3,4904,0,173
2021-05-18,Chad,AFRO,0,4904,0,173
2021-05-19,Chad,AFRO,1,4905,0,173
2021-05-20,Chad,AFRO,9,4914,0,173
2021-05-21,Chad,AFRO,4,4918,0,173
2021-05-22,Chad,AFRO,1,4919,0,173
2021-05-23,Chad,AFRO,4,4923,0,173
2021-05-24,Chad,AFRO,1,4924,0,173
2021-05-25,Chad,AFRO,0,4924,0,173
2021-05-26,Chad,AFRO,0,4924,0,173
2021-05-27,Chad,AFRO,0,4924,0,173
2021-05-28,Chad,AFRO,0,4924,0,173
2021-05-29,Chad,AFRO,2,4926,0,173
2021-05-30,Chad,AFRO,2,4928,0,173
2021-01-01,Chile,AMRO,3023,608973,109,16608
2021-01-02,Chile,AMRO,3591,612564,52,16660
2021-01-03,Chile,AMRO,3338,615902,64,16724
2021-01-04,Chile,AMRO,2289,618191,43,16767
2021-01-05,Chile,AMRO,2450,620641,0,16767
2021-01-06,Chile,AMRO,2460,623101,21,16788
2021-01-07,Chile,AMRO,2382,625483,28,16816
2021-01-08,Chile,AMRO,3693,629176,97,16913
2021-01-09,Chile,AMRO,4205,633381,61,16974
2021-01-10,Chile,AMRO,4361,637742,63,17037
2021-01-11,Chile,AMRO,4181,641923,59,17096
2021-01-12,Chile,AMRO,3969,645892,66,17162
2021-01-13,Chile,AMRO,3243,649135,20,17182
2021-01-14,Chile,AMRO,3390,652525,22,17204
2021-01-15,Chile,AMRO,4187,656712,90,17294
2021-01-16,Chile,AMRO,4468,661180,75,17369
2021-01-17,Chile,AMRO,4313,665493,66,17435
2021-01-18,Chile,AMRO,4339,669832,42,17477
2021-01-19,Chile,AMRO,3918,673750,70,17547
2021-01-20,Chile,AMRO,3401,677151,26,17573
2021-01-21,Chile,AMRO,3589,680740,21,17594
2021-01-22,Chile,AMRO,4367,685107,108,17702
2021-01-23,Chile,AMRO,4959,690066,84,17786
2021-01-24,Chile,AMRO,4581,694647,68,17854
2021-01-25,Chile,AMRO,4463,699110,79,17933
2021-01-26,Chile,AMRO,4068,703178,66,17999
2021-01-27,Chile,AMRO,3322,706500,24,18023
2021-01-28,Chile,AMRO,3388,709888,17,18040
2021-01-29,Chile,AMRO,4255,714143,134,18174
2021-01-30,Chile,AMRO,4606,718749,83,18257
2021-01-31,Chile,AMRO,4151,722900,82,18339
2021-02-01,Chile,AMRO,4209,727109,113,18452
2021-02-02,Chile,AMRO,3779,730888,85,18537
2021-02-03,Chile,AMRO,3147,734035,22,18559
2021-02-04,Chile,AMRO,2610,736645,17,18576
2021-02-05,Chile,AMRO,3592,740237,155,18731
2021-02-06,Chile,AMRO,3782,744019,77,18808
2021-02-07,Chile,AMRO,4063,748082,87,18895
2021-02-08,Chile,AMRO,3804,751886,79,18974
2021-02-09,Chile,AMRO,3464,755350,82,19056
2021-02-10,Chile,AMRO,2839,758189,28,19084
2021-02-11,Chile,AMRO,2387,760576,21,19105
2021-02-12,Chile,AMRO,3731,764307,157,19262
2021-02-13,Chile,AMRO,4164,768471,83,19345
2021-02-14,Chile,AMRO,3924,772395,98,19443
2021-02-15,Chile,AMRO,3814,776209,98,19541
2021-02-16,Chile,AMRO,3332,779541,83,19624
2021-02-17,Chile,AMRO,2498,782039,20,19644
2021-02-18,Chile,AMRO,2275,784314,15,19659
2021-02-19,Chile,AMRO,3828,788142,139,19798
2021-02-20,Chile,AMRO,3797,791939,99,19897
2021-02-21,Chile,AMRO,3906,795845,77,19974
2021-02-22,Chile,AMRO,3615,799460,68,20042
2021-02-23,Chile,AMRO,3549,803009,84,20126
2021-02-24,Chile,AMRO,2308,805317,25,20151
2021-02-25,Chile,AMRO,2555,807872,22,20173
2021-02-26,Chile,AMRO,4472,812344,137,20310
2021-02-27,Chile,AMRO,4585,816929,90,20400
2021-02-28,Chile,AMRO,4489,821418,76,20476
2021-03-01,Chile,AMRO,4207,825625,96,20572
2021-03-02,Chile,AMRO,4145,829770,88,20660
2021-03-03,Chile,AMRO,2742,832512,24,20684
2021-03-04,Chile,AMRO,3040,835552,20,20704
2021-03-05,Chile,AMRO,4567,840119,134,20838
2021-03-06,Chile,AMRO,5331,845450,90,20928
2021-03-07,Chile,AMRO,5033,850483,80,21008
2021-03-08,Chile,AMRO,5302,855785,69,21077
2021-03-09,Chile,AMRO,4748,860533,86,21163
2021-03-10,Chile,AMRO,3531,864064,19,21182
2021-03-11,Chile,AMRO,3885,867949,24,21206
2021-03-12,Chile,AMRO,5563,873512,156,21362
2021-03-13,Chile,AMRO,5973,879485,89,21451
2021-03-14,Chile,AMRO,5894,885379,123,21574
2021-03-15,Chile,AMRO,5731,891110,100,21674
2021-03-16,Chile,AMRO,5121,896231,98,21772
2021-03-17,Chile,AMRO,4551,900782,17,21789
2021-03-18,Chile,AMRO,4430,905212,27,21816
2021-03-19,Chile,AMRO,6257,911469,172,21988
2021-03-20,Chile,AMRO,6584,918053,99,22087
2021-03-21,Chile,AMRO,7036,925089,93,22180
2021-03-22,Chile,AMRO,6850,931939,99,22279
2021-03-23,Chile,AMRO,6155,938094,80,22359
2021-03-24,Chile,AMRO,4864,942958,25,22384
2021-03-25,Chile,AMRO,4825,947783,18,22402
2021-03-26,Chile,AMRO,6979,954762,122,22524
2021-03-27,Chile,AMRO,7565,962327,63,22587
2021-03-28,Chile,AMRO,7586,969913,66,22653
2021-03-29,Chile,AMRO,7330,977243,101,22754
2021-03-30,Chile,AMRO,7241,984484,316,23070
2021-03-31,Chile,AMRO,5008,989492,37,23107
2021-04-01,Chile,AMRO,6046,995538,28,23135
2021-04-02,Chile,AMRO,7868,1003406,193,23328
2021-04-03,Chile,AMRO,8079,1011485,93,23421
2021-04-04,Chile,AMRO,7993,1019478,0,23421
2021-04-05,Chile,AMRO,7307,1026785,223,23644
2021-04-06,Chile,AMRO,5827,1032612,33,23677
2021-04-07,Chile,AMRO,5168,1037780,57,23734
2021-04-08,Chile,AMRO,5242,1043022,62,23796
2021-04-09,Chile,AMRO,8248,1051270,183,23979
2021-04-10,Chile,AMRO,9151,1060421,129,24108
2021-04-11,Chile,AMRO,8101,1068522,105,24213
2021-04-12,Chile,AMRO,7977,1076499,133,24346
2021-04-13,Chile,AMRO,6421,1082920,137,24483
2021-04-14,Chile,AMRO,5790,1088710,35,24518
2021-04-15,Chile,AMRO,5557,1094267,30,24548
2021-04-16,Chile,AMRO,7431,1101698,218,24766
2021-04-17,Chile,AMRO,7613,1109311,157,24923
2021-04-18,Chile,AMRO,8037,1117348,132,25055
2021-04-19,Chile,AMRO,7370,1124718,122,25177
2021-04-20,Chile,AMRO,6622,1131340,100,25277
2021-04-21,Chile,AMRO,5095,1136435,40,25317
2021-04-22,Chile,AMRO,4968,1141403,36,25353
2021-04-23,Chile,AMRO,6917,1148320,179,25532
2021-04-24,Chile,AMRO,7582,1155902,109,25641
2021-04-25,Chile,AMRO,6909,1162811,101,25742
2021-04-26,Chile,AMRO,6725,1169536,114,25856
2021-04-27,Chile,AMRO,6078,1175614,119,25975
2021-04-28,Chile,AMRO,4158,1179772,45,26020
2021-04-29,Chile,AMRO,4499,1184271,53,26073
2021-04-30,Chile,AMRO,6720,1190991,174,26247
2021-05-01,Chile,AMRO,7254,1198245,106,26353
2021-05-02,Chile,AMRO,6510,1204755,104,26457
2021-05-03,Chile,AMRO,6165,1210920,104,26561
2021-05-04,Chile,AMRO,4895,1215815,98,26659
2021-05-05,Chile,AMRO,3249,1219064,37,26696
2021-05-06,Chile,AMRO,3885,1222949,30,26726
2021-05-07,Chile,AMRO,6299,1229248,169,26895
2021-05-08,Chile,AMRO,6530,1235778,109,27004
2021-05-09,Chile,AMRO,6198,1241976,97,27101
2021-05-10,Chile,AMRO,5493,1247469,117,27218
2021-05-11,Chile,AMRO,5339,1252808,100,27318
2021-05-12,Chile,AMRO,3738,1256546,38,27356
2021-05-13,Chile,AMRO,3902,1260448,28,27384
2021-05-14,Chile,AMRO,6153,1266601,136,27520
2021-05-15,Chile,AMRO,6915,1273516,127,27647
2021-05-16,Chile,AMRO,6736,1280252,87,27734
2021-05-17,Chile,AMRO,6296,1286548,98,27832
2021-05-18,Chile,AMRO,5548,1292096,102,27934
2021-05-19,Chile,AMRO,3766,1295862,31,27965
2021-05-20,Chile,AMRO,4767,1300629,32,27997
2021-05-21,Chile,AMRO,7682,1308311,172,28169
2021-05-22,Chile,AMRO,7602,1315913,121,28290
2021-05-23,Chile,AMRO,7500,1323413,96,28386
2021-05-24,Chile,AMRO,6505,1329918,132,28518
2021-05-25,Chile,AMRO,5343,1335261,30,28548
2021-05-26,Chile,AMRO,4160,1339421,37,28585
2021-05-27,Chile,AMRO,5197,1344618,39,28624
2021-05-28,Chile,AMRO,8105,1352723,185,28809
2021-05-29,Chile,AMRO,8658,1361381,119,28928
2021-05-30,Chile,AMRO,8375,1369756,119,29047
2021-01-01,China,WPRO,89,96762,1,4789
2021-01-02,China,WPRO,67,96829,1,4790
2021-01-03,China,WPRO,65,96894,1,4791
2021-01-04,China,WPRO,78,96972,0,4791
2021-01-05,China,WPRO,89,97061,3,4794
2021-01-06,China,WPRO,66,97127,0,4794
2021-01-07,China,WPRO,90,97217,1,4795
2021-01-08,China,WPRO,89,97306,0,4795
2021-01-09,China,WPRO,81,97387,1,4796
2021-01-10,China,WPRO,131,97518,2,4798
2021-01-11,China,WPRO,134,97652,1,4799
2021-01-12,China,WPRO,102,97754,1,4800
2021-01-13,China,WPRO,179,97933,1,4801
2021-01-14,China,WPRO,184,98117,2,4803
2021-01-15,China,WPRO,173,98290,0,4803
2021-01-16,China,WPRO,169,98459,0,4803
2021-01-17,China,WPRO,166,98625,1,4804
2021-01-18,China,WPRO,169,98794,0,4804
2021-01-19,China,WPRO,232,99026,1,4805
2021-01-20,China,WPRO,165,99191,2,4807
2021-01-21,China,WPRO,223,99414,1,4808
2021-01-22,China,WPRO,175,99589,1,4809
2021-01-23,China,WPRO,178,99767,1,4810
2021-01-24,China,WPRO,164,99931,0,4810
2021-01-25,China,WPRO,205,100136,1,4811
2021-01-26,China,WPRO,155,100291,3,4814
2021-01-27,China,WPRO,140,100431,2,4816
2021-01-28,China,WPRO,117,100548,2,4818
2021-01-29,China,WPRO,93,100641,2,4820
2021-01-30,China,WPRO,106,100747,1,4821
2021-01-31,China,WPRO,130,100877,2,4823
2021-02-01,China,WPRO,97,100974,2,4825
2021-02-02,China,WPRO,65,101039,1,4826
2021-02-03,China,WPRO,53,101092,2,4828
2021-02-04,China,WPRO,51,101143,1,4829
2021-02-05,China,WPRO,44,101187,2,4831
2021-02-06,China,WPRO,54,101241,0,4831
2021-02-07,China,WPRO,31,101272,0,4831
2021-02-08,China,WPRO,44,101316,0,4831
2021-02-09,China,WPRO,47,101363,0,4831
2021-02-10,China,WPRO,45,101408,2,4833
2021-02-11,China,WPRO,21,101429,1,4834
2021-02-12,China,WPRO,34,101463,2,4836
2021-02-13,China,WPRO,33,101496,1,4837
2021-02-14,China,WPRO,19,101515,1,4838
2021-02-15,China,WPRO,21,101536,0,4838
2021-02-16,China,WPRO,25,101561,0,4838
2021-02-17,China,WPRO,15,101576,2,4840
2021-02-18,China,WPRO,28,101604,2,4842
2021-02-19,China,WPRO,20,101624,0,4842
2021-02-20,China,WPRO,22,101646,0,4842
2021-02-21,China,WPRO,23,101669,0,4842
2021-02-22,China,WPRO,31,101700,0,4842
2021-02-23,China,WPRO,26,101726,0,4842
2021-02-24,China,WPRO,24,101750,0,4842
2021-02-25,China,WPRO,28,101778,1,4843
2021-02-26,China,WPRO,24,101802,0,4843
2021-02-27,China,WPRO,34,101836,0,4843
2021-02-28,China,WPRO,42,101878,0,4843
2021-03-01,China,WPRO,42,101920,1,4844
2021-03-02,China,WPRO,25,101945,1,4845
2021-03-03,China,WPRO,23,101968,0,4845
2021-03-04,China,WPRO,27,101995,0,4845
2021-03-05,China,WPRO,20,102015,1,4846
2021-03-06,China,WPRO,21,102036,0,4846
2021-03-07,China,WPRO,28,102064,2,4848
2021-03-08,China,WPRO,37,102101,0,4848
2021-03-09,China,WPRO,24,102125,0,4848
2021-03-10,China,WPRO,27,102152,0,4848
2021-03-11,China,WPRO,20,102172,1,4849
2021-03-12,China,WPRO,31,102203,0,4849
2021-03-13,China,WPRO,73,102276,0,4849
2021-03-14,China,WPRO,57,102333,0,4849
2021-03-15,China,WPRO,30,102363,0,4849
2021-03-16,China,WPRO,48,102411,0,4849
2021-03-17,China,WPRO,22,102433,0,4849
2021-03-18,China,WPRO,17,102450,0,4849
2021-03-19,China,WPRO,29,102479,0,4849
2021-03-20,China,WPRO,23,102502,0,4849
2021-03-21,China,WPRO,21,102523,0,4849
2021-03-22,China,WPRO,16,102539,0,4849
2021-03-23,China,WPRO,27,102566,0,4849
2021-03-24,China,WPRO,23,102589,1,4850
2021-03-25,China,WPRO,23,102612,0,4850
2021-03-26,China,WPRO,23,102635,0,4850
2021-03-27,China,WPRO,24,102659,1,4851
2021-03-28,China,WPRO,21,102680,0,4851
2021-03-29,China,WPRO,18,102698,0,4851
2021-03-30,China,WPRO,17,102715,0,4851
2021-03-31,China,WPRO,19,102734,0,4851
2021-04-01,China,WPRO,28,102762,0,4851
2021-04-02,China,WPRO,28,102790,0,4851
2021-04-03,China,WPRO,48,102838,0,4851
2021-04-04,China,WPRO,29,102867,0,4851
2021-04-05,China,WPRO,41,102908,0,4851
2021-04-06,China,WPRO,41,102949,0,4851
2021-04-07,China,WPRO,21,102970,0,4851
2021-04-08,China,WPRO,33,103003,0,4851
2021-04-09,China,WPRO,31,103034,0,4851
2021-04-10,China,WPRO,32,103066,2,4853
2021-04-11,China,WPRO,17,103083,0,4853
2021-04-12,China,WPRO,30,103113,1,4854
2021-04-13,China,WPRO,23,103136,0,4854
2021-04-14,China,WPRO,29,103165,1,4855
2021-04-15,China,WPRO,20,103185,1,4856
2021-04-16,China,WPRO,18,103203,0,4856
2021-04-17,China,WPRO,34,103237,0,4856
2021-04-18,China,WPRO,36,103273,0,4856
2021-04-19,China,WPRO,42,103315,0,4856
2021-04-20,China,WPRO,25,103340,0,4856
2021-04-21,China,WPRO,31,103371,0,4856
2021-04-22,China,WPRO,11,103382,0,4856
2021-04-23,China,WPRO,37,103419,0,4856
2021-04-24,China,WPRO,22,103441,0,4856
2021-04-25,China,WPRO,23,103464,0,4856
2021-04-26,China,WPRO,20,103484,1,4857
2021-04-27,China,WPRO,19,103503,0,4857
2021-04-28,China,WPRO,26,103529,0,4857
2021-04-29,China,WPRO,33,103562,0,4857
2021-04-30,China,WPRO,33,103595,0,4857
2021-05-01,China,WPRO,27,103622,0,4857
2021-05-02,China,WPRO,27,103649,1,4858
2021-05-03,China,WPRO,18,103667,0,4858
2021-05-04,China,WPRO,27,103694,0,4858
2021-05-05,China,WPRO,19,103713,0,4858
2021-05-06,China,WPRO,18,103731,0,4858
2021-05-07,China,WPRO,28,103759,0,4858
2021-05-08,China,WPRO,14,103773,0,4858
2021-05-09,China,WPRO,22,103795,0,4858
2021-05-10,China,WPRO,13,103808,0,4858
2021-05-11,China,WPRO,33,103841,0,4858
2021-05-12,China,WPRO,28,103869,0,4858
2021-05-13,China,WPRO,32,103901,0,4858
2021-05-14,China,WPRO,35,103936,0,4858
2021-05-15,China,WPRO,49,103985,0,4858
2021-05-16,China,WPRO,206,104191,0,4858
2021-05-17,China,WPRO,234,104425,0,4858
2021-05-18,China,WPRO,357,104782,0,4858
2021-05-19,China,WPRO,258,105040,2,4860
2021-05-20,China,WPRO,286,105326,0,4860
2021-05-21,China,WPRO,319,105645,1,4861
2021-05-22,China,WPRO,326,105971,0,4861
2021-05-23,China,WPRO,742,106713,2,4863
2021-05-24,China,WPRO,474,107187,6,4869
2021-05-25,China,WPRO,611,107798,6,4875
2021-05-26,China,WPRO,558,108356,6,4881
2021-05-27,China,WPRO,654,109010,11,4892
2021-05-28,China,WPRO,678,109688,13,4905
2021-05-29,China,WPRO,572,110260,19,4924
2021-05-30,China,WPRO,504,110764,21,4945
2021-01-01,Colombia,AMRO,11639,1626461,289,42909
2021-01-02,Colombia,AMRO,16314,1642775,304,43213
2021-01-03,Colombia,AMRO,12105,1654880,282,43495
2021-01-04,Colombia,AMRO,11528,1666408,270,43765
2021-01-05,Colombia,AMRO,9412,1675820,200,43965
2021-01-06,Colombia,AMRO,10311,1686131,222,44187
2021-01-07,Colombia,AMRO,16835,1702966,241,44428
2021-01-08,Colombia,AMRO,16805,1719771,295,44723
2021-01-09,Colombia,AMRO,17576,1737347,344,45067
2021-01-10,Colombia,AMRO,18221,1755568,364,45431
2021-01-11,Colombia,AMRO,15795,1771363,353,45784
2021-01-12,Colombia,AMRO,15537,1786900,330,46114
2021-01-13,Colombia,AMRO,15003,1801903,337,46451
2021-01-14,Colombia,AMRO,14179,1816082,331,46782
2021-01-15,Colombia,AMRO,15898,1831980,342,47124
2021-01-16,Colombia,AMRO,17121,1849101,367,47491
2021-01-17,Colombia,AMRO,21078,1870179,377,47868
2021-01-18,Colombia,AMRO,20855,1891034,388,48256
2021-01-19,Colombia,AMRO,17379,1908413,375,48631
2021-01-20,Colombia,AMRO,14719,1923132,373,49004
2021-01-21,Colombia,AMRO,15939,1939071,398,49402
2021-01-22,Colombia,AMRO,17908,1956979,390,49792
2021-01-23,Colombia,AMRO,15366,1972345,395,50187
2021-01-24,Colombia,AMRO,15073,1987418,399,50586
2021-01-25,Colombia,AMRO,15551,2002969,396,50982
2021-01-26,Colombia,AMRO,12516,2015485,392,51374
2021-01-27,Colombia,AMRO,12261,2027746,373,51747
2021-01-28,Colombia,AMRO,13606,2041352,381,52128
2021-01-29,Colombia,AMRO,13953,2055305,395,52523
2021-01-30,Colombia,AMRO,12270,2067575,390,52913
2021-01-31,Colombia,AMRO,10058,2077633,371,53284
2021-02-01,Colombia,AMRO,9173,2086806,366,53650
2021-02-02,Colombia,AMRO,8078,2094884,333,53983
2021-02-03,Colombia,AMRO,9622,2104506,289,54272
2021-02-04,Colombia,AMRO,10091,2114597,304,54576
2021-02-05,Colombia,AMRO,11025,2125622,301,54877
2021-02-06,Colombia,AMRO,9790,2135412,254,55131
2021-02-07,Colombia,AMRO,7248,2142660,272,55403
2021-02-08,Colombia,AMRO,8547,2151207,290,55693
2021-02-09,Colombia,AMRO,6009,2157216,300,55993
2021-02-10,Colombia,AMRO,4246,2161462,297,56290
2021-02-11,Colombia,AMRO,5442,2166904,217,56507
2021-02-12,Colombia,AMRO,6443,2173347,226,56733
2021-02-13,Colombia,AMRO,6294,2179641,250,56983
2021-02-14,Colombia,AMRO,5528,2185169,213,57196
2021-02-15,Colombia,AMRO,4947,2190116,229,57425
2021-02-16,Colombia,AMRO,4923,2195039,180,57605
2021-02-17,Colombia,AMRO,3510,2198549,181,57786
2021-02-18,Colombia,AMRO,4049,2202598,163,57949
2021-02-19,Colombia,AMRO,5103,2207701,185,58134
2021-02-20,Colombia,AMRO,4824,2212525,200,58334
2021-02-21,Colombia,AMRO,4476,2217001,177,58511
2021-02-22,Colombia,AMRO,5017,2222018,174,58685
2021-02-23,Colombia,AMRO,4244,2226262,149,58834
2021-02-24,Colombia,AMRO,3401,2229663,140,58974
2021-02-25,Colombia,AMRO,3926,2233589,144,59118
2021-02-26,Colombia,AMRO,3953,2237542,142,59260
2021-02-27,Colombia,AMRO,3683,2241225,136,59396
2021-02-28,Colombia,AMRO,3567,2244792,122,59518
2021-03-01,Colombia,AMRO,3343,2248135,142,59660
2021-03-02,Colombia,AMRO,3555,2251690,106,59766
2021-03-03,Colombia,AMRO,3570,2255260,100,59866
2021-03-04,Colombia,AMRO,4339,2259599,106,59972
2021-03-05,Colombia,AMRO,3047,2262646,110,60082
2021-03-06,Colombia,AMRO,3565,2266211,107,60189
2021-03-07,Colombia,AMRO,3371,2269582,111,60300
2021-03-08,Colombia,AMRO,3663,2273245,112,60412
2021-03-09,Colombia,AMRO,3411,2276656,91,60503
2021-03-10,Colombia,AMRO,2205,2278861,95,60598
2021-03-11,Colombia,AMRO,3511,2282372,78,60676
2021-03-12,Colombia,AMRO,3588,2285960,97,60773
2021-03-13,Colombia,AMRO,4579,2290539,85,60858
2021-03-14,Colombia,AMRO,4078,2294617,92,60950
2021-03-15,Colombia,AMRO,4465,2299082,96,61046
2021-03-16,Colombia,AMRO,4062,2303144,97,61143
2021-03-17,Colombia,AMRO,2740,2305884,100,61243
2021-03-18,Colombia,AMRO,3716,2309600,125,61368
2021-03-19,Colombia,AMRO,4554,2314154,130,61498
2021-03-20,Colombia,AMRO,5139,2319293,138,61636
2021-03-21,Colombia,AMRO,5133,2324426,135,61771
2021-03-22,Colombia,AMRO,6761,2331187,136,61907
2021-03-23,Colombia,AMRO,5963,2337150,121,62028
2021-03-24,Colombia,AMRO,5128,2342278,120,62148
2021-03-25,Colombia,AMRO,4946,2347224,126,62274
2021-03-26,Colombia,AMRO,5986,2353210,120,62394
2021-03-27,Colombia,AMRO,6732,2359942,125,62519
2021-03-28,Colombia,AMRO,7395,2367337,126,62645
2021-03-29,Colombia,AMRO,8254,2375591,145,62790
2021-03-30,Colombia,AMRO,7139,2382730,165,62955
2021-03-31,Colombia,AMRO,7049,2389779,124,63079
2021-04-01,Colombia,AMRO,7952,2397731,176,63255
2021-04-02,Colombia,AMRO,8646,2406377,167,63422
2021-04-03,Colombia,AMRO,11449,2417826,192,63614
2021-04-04,Colombia,AMRO,10222,2428048,163,63777
2021-04-05,Colombia,AMRO,9149,2437197,155,63932
2021-04-06,Colombia,AMRO,9022,2446219,162,64094
2021-04-07,Colombia,AMRO,10190,2456409,199,64293
2021-04-08,Colombia,AMRO,11827,2468236,231,64524
2021-04-09,Colombia,AMRO,11381,2479617,243,64767
2021-04-10,Colombia,AMRO,12464,2492081,247,65014
2021-04-11,Colombia,AMRO,12125,2504206,269,65283
2021-04-12,Colombia,AMRO,14509,2518715,325,65608
2021-04-13,Colombia,AMRO,17483,2536198,281,65889
2021-04-14,Colombia,AMRO,16739,2552937,267,66156
2021-04-15,Colombia,AMRO,16377,2569314,326,66482
2021-04-16,Colombia,AMRO,16487,2585801,337,66819
2021-04-17,Colombia,AMRO,16918,2602719,380,67199
2021-04-18,Colombia,AMRO,16703,2619422,365,67564
2021-04-19,Colombia,AMRO,16654,2636076,367,67931
2021-04-20,Colombia,AMRO,16871,2652947,397,68328
2021-04-21,Colombia,AMRO,14189,2667136,420,68748
2021-04-22,Colombia,AMRO,16965,2684101,429,69177
2021-04-23,Colombia,AMRO,17212,2701313,419,69596
2021-04-24,Colombia,AMRO,19306,2720619,430,70026
2021-04-25,Colombia,AMRO,19925,2740544,420,70446
2021-04-26,Colombia,AMRO,16730,2757274,440,70886
2021-04-27,Colombia,AMRO,17190,2774464,465,71351
2021-04-28,Colombia,AMRO,12839,2787303,448,71799
2021-04-29,Colombia,AMRO,17578,2804881,436,72235
2021-04-30,Colombia,AMRO,19745,2824626,490,72725
2021-05-01,Colombia,AMRO,17308,2841934,505,73230
2021-05-02,Colombia,AMRO,17790,2859724,490,73720
2021-05-03,Colombia,AMRO,18022,2877746,495,74215
2021-05-04,Colombia,AMRO,15909,2893655,485,74700
2021-05-05,Colombia,AMRO,11599,2905254,464,75164
2021-05-06,Colombia,AMRO,14551,2919805,463,75627
2021-05-07,Colombia,AMRO,14806,2934611,388,76015
2021-05-08,Colombia,AMRO,16490,2951101,399,76414
2021-05-09,Colombia,AMRO,17525,2968626,453,76867
2021-05-10,Colombia,AMRO,16910,2985536,492,77359
2021-05-11,Colombia,AMRO,17222,3002758,495,77854
2021-05-12,Colombia,AMRO,12543,3015301,488,78342
2021-05-13,Colombia,AMRO,16425,3031726,429,78771
2021-05-14,Colombia,AMRO,16993,3048719,490,79261
2021-05-15,Colombia,AMRO,19160,3067879,499,79760
2021-05-16,Colombia,AMRO,16581,3084460,490,80250
2021-05-17,Colombia,AMRO,18873,3103333,530,80780
2021-05-18,Colombia,AMRO,15093,3118426,520,81300
2021-05-19,Colombia,AMRO,12984,3131410,509,81809
2021-05-20,Colombia,AMRO,13137,3144547,482,82291
2021-05-21,Colombia,AMRO,16579,3161126,452,82743
2021-05-22,Colombia,AMRO,16086,3177212,490,83233
2021-05-23,Colombia,AMRO,14838,3192050,486,83719
2021-05-24,Colombia,AMRO,18737,3210787,509,84228
2021-05-25,Colombia,AMRO,21669,3232456,496,84724
2021-05-26,Colombia,AMRO,16977,3249433,483,85207
2021-05-27,Colombia,AMRO,21181,3270614,459,85666
2021-05-28,Colombia,AMRO,23487,3294101,514,86180
2021-05-29,Colombia,AMRO,25092,3319193,513,86693
2021-05-30,Colombia,AMRO,23374,3342567,514,87207
2021-01-01,Comoros,AFRO,0,765,0,9
2021-01-02,Comoros,AFRO,0,765,0,9
2021-01-03,Comoros,AFRO,99,864,4,13
2021-01-04,Comoros,AFRO,0,864,0,13
2021-01-05,Comoros,AFRO,0,864,0,13
2021-01-06,Comoros,AFRO,0,864,0,13
2021-01-07,Comoros,AFRO,0,864,0,13
2021-01-08,Comoros,AFRO,0,864,0,13
2021-01-09,Comoros,AFRO,0,864,0,13
2021-01-10,Comoros,AFRO,286,1150,5,18
2021-01-11,Comoros,AFRO,34,1184,7,25
2021-01-12,Comoros,AFRO,0,1184,0,25
2021-01-13,Comoros,AFRO,104,1288,5,30
2021-01-14,Comoros,AFRO,53,1341,3,33
2021-01-15,Comoros,AFRO,62,1403,5,38
2021-01-16,Comoros,AFRO,66,1469,0,38
2021-01-17,Comoros,AFRO,108,1577,3,41
2021-01-18,Comoros,AFRO,15,1592,4,45
2021-01-19,Comoros,AFRO,177,1769,4,49
2021-01-20,Comoros,AFRO,95,1864,2,51
2021-01-21,Comoros,AFRO,69,1933,3,54
2021-01-22,Comoros,AFRO,149,2082,8,62
2021-01-23,Comoros,AFRO,78,2160,1,63
2021-01-24,Comoros,AFRO,100,2260,7,70
2021-01-25,Comoros,AFRO,8,2268,1,71
2021-01-26,Comoros,AFRO,82,2350,5,76
2021-01-27,Comoros,AFRO,75,2425,1,77
2021-01-28,Comoros,AFRO,67,2492,4,81
2021-01-29,Comoros,AFRO,106,2598,4,85
2021-01-30,Comoros,AFRO,48,2646,4,89
2021-01-31,Comoros,AFRO,72,2718,1,90
2021-02-01,Comoros,AFRO,8,2726,3,93
2021-02-02,Comoros,AFRO,85,2811,5,98
2021-02-03,Comoros,AFRO,37,2848,2,100
2021-02-04,Comoros,AFRO,44,2892,4,104
2021-02-05,Comoros,AFRO,83,2975,1,105
2021-02-06,Comoros,AFRO,26,3001,0,105
2021-02-07,Comoros,AFRO,85,3086,3,108
2021-02-08,Comoros,AFRO,2,3088,4,112
2021-02-09,Comoros,AFRO,65,3153,3,115
2021-02-10,Comoros,AFRO,26,3179,3,118
2021-02-11,Comoros,AFRO,30,3209,2,120
2021-02-12,Comoros,AFRO,67,3276,2,122
2021-02-13,Comoros,AFRO,14,3290,3,125
2021-02-14,Comoros,AFRO,42,3332,3,128
2021-02-15,Comoros,AFRO,2,3334,0,128
2021-02-16,Comoros,AFRO,24,3358,3,131
2021-02-17,Comoros,AFRO,35,3393,2,133
2021-02-18,Comoros,AFRO,20,3413,2,135
2021-02-19,Comoros,AFRO,45,3458,3,138
2021-02-20,Comoros,AFRO,15,3473,4,142
2021-02-21,Comoros,AFRO,17,3490,1,143
2021-02-22,Comoros,AFRO,12,3502,0,143
2021-02-23,Comoros,AFRO,16,3518,1,144
2021-02-24,Comoros,AFRO,4,3522,0,144
2021-02-25,Comoros,AFRO,17,3539,0,144
2021-02-26,Comoros,AFRO,13,3552,0,144
2021-02-27,Comoros,AFRO,6,3558,0,144
2021-02-28,Comoros,AFRO,13,3571,0,144
2021-03-01,Comoros,AFRO,0,3571,0,144
2021-03-02,Comoros,AFRO,7,3578,0,144
2021-03-03,Comoros,AFRO,0,3578,0,144
2021-03-04,Comoros,AFRO,2,3580,0,144
2021-03-05,Comoros,AFRO,7,3587,1,145
2021-03-06,Comoros,AFRO,0,3587,0,145
2021-03-07,Comoros,AFRO,4,3591,0,145
2021-03-08,Comoros,AFRO,5,3596,1,146
2021-03-09,Comoros,AFRO,5,3601,0,146
2021-03-10,Comoros,AFRO,10,3611,0,146
2021-03-11,Comoros,AFRO,0,3611,0,146
2021-03-12,Comoros,AFRO,3,3614,0,146
2021-03-13,Comoros,AFRO,1,3615,0,146
2021-03-14,Comoros,AFRO,8,3623,0,146
2021-03-15,Comoros,AFRO,0,3623,0,146
2021-03-16,Comoros,AFRO,3,3626,0,146
2021-03-17,Comoros,AFRO,0,3626,0,146
2021-03-18,Comoros,AFRO,26,3652,0,146
2021-03-19,Comoros,AFRO,5,3657,0,146
2021-03-20,Comoros,AFRO,0,3657,0,146
2021-03-21,Comoros,AFRO,8,3665,0,146
2021-03-22,Comoros,AFRO,1,3666,0,146
2021-03-23,Comoros,AFRO,0,3666,0,146
2021-03-24,Comoros,AFRO,15,3681,0,146
2021-03-25,Comoros,AFRO,0,3681,0,146
2021-03-26,Comoros,AFRO,0,3681,0,146
2021-03-27,Comoros,AFRO,8,3689,0,146
2021-03-28,Comoros,AFRO,1,3690,0,146
2021-03-29,Comoros,AFRO,0,3690,0,146
2021-03-30,Comoros,AFRO,0,3690,0,146
2021-03-31,Comoros,AFRO,6,3696,0,146
2021-04-01,Comoros,AFRO,2,3698,0,146
2021-04-02,Comoros,AFRO,6,3704,0,146
2021-04-03,Comoros,AFRO,8,3712,0,146
2021-04-04,Comoros,AFRO,0,3712,0,146
2021-04-05,Comoros,AFRO,7,3719,0,146
2021-04-06,Comoros,AFRO,6,3725,0,146
2021-04-07,Comoros,AFRO,13,3738,0,146
2021-04-08,Comoros,AFRO,20,3758,0,146
2021-04-09,Comoros,AFRO,3,3761,0,146
2021-04-10,Comoros,AFRO,19,3780,0,146
2021-04-11,Comoros,AFRO,9,3789,0,146
2021-04-12,Comoros,AFRO,0,3789,0,146
2021-04-13,Comoros,AFRO,7,3796,0,146
2021-04-14,Comoros,AFRO,0,3796,0,146
2021-04-15,Comoros,AFRO,7,3803,0,146
2021-04-16,Comoros,AFRO,6,3809,0,146
2021-04-17,Comoros,AFRO,0,3809,0,146
2021-04-18,Comoros,AFRO,6,3815,0,146
2021-04-19,Comoros,AFRO,0,3815,0,146
2021-04-20,Comoros,AFRO,4,3819,0,146
2021-04-21,Comoros,AFRO,3,3822,0,146
2021-04-22,Comoros,AFRO,0,3822,0,146
2021-04-23,Comoros,AFRO,2,3824,0,146
2021-04-24,Comoros,AFRO,2,3826,0,146
2021-04-25,Comoros,AFRO,3,3829,0,146
2021-04-26,Comoros,AFRO,0,3829,0,146
2021-04-27,Comoros,AFRO,2,3831,0,146
2021-04-28,Comoros,AFRO,2,3833,0,146
2021-04-29,Comoros,AFRO,70,3903,0,146
2021-04-30,Comoros,AFRO,1,3904,0,146
2021-05-01,Comoros,AFRO,4,3908,0,146
2021-05-02,Comoros,AFRO,0,3908,0,146
2021-05-03,Comoros,AFRO,2,3910,0,146
2021-05-04,Comoros,AFRO,5,3915,0,146
2021-05-05,Comoros,AFRO,1,3916,0,146
2021-05-06,Comoros,AFRO,1,3917,0,146
2021-05-07,Comoros,AFRO,5,3922,0,146
2021-05-08,Comoros,AFRO,0,3922,0,146
2021-05-09,Comoros,AFRO,0,3922,0,146
2021-05-10,Comoros,AFRO,2,3924,0,146
2021-05-11,Comoros,AFRO,6,3930,0,146
2021-05-12,Comoros,AFRO,0,3930,0,146
2021-05-13,Comoros,AFRO,0,3930,0,146
2021-05-14,Comoros,AFRO,0,3930,0,146
2021-05-15,Comoros,AFRO,0,3930,0,146
2021-05-16,Comoros,AFRO,0,3930,0,146
2021-05-17,Comoros,AFRO,3,3933,0,146
2021-05-18,Comoros,AFRO,0,3933,0,146
2021-05-19,Comoros,AFRO,1,3934,0,146
2021-05-20,Comoros,AFRO,0,3934,0,146
2021-05-21,Comoros,AFRO,4,3938,0,146
2021-05-22,Comoros,AFRO,2,3940,0,146
2021-05-23,Comoros,AFRO,0,3940,0,146
2021-05-24,Comoros,AFRO,2,3942,0,146
2021-05-25,Comoros,AFRO,0,3942,0,146
2021-05-26,Comoros,AFRO,3,3945,0,146
2021-05-27,Comoros,AFRO,4,3949,0,146
2021-05-28,Comoros,AFRO,0,3949,0,146
2021-05-29,Comoros,AFRO,0,3949,0,146
2021-05-30,Comoros,AFRO,0,3949,0,146
2021-01-01,Congo,AFRO,0,6200,0,100
2021-01-02,Congo,AFRO,0,6200,0,100
2021-01-03,Congo,AFRO,0,6200,0,100
2021-01-04,Congo,AFRO,0,6200,0,100
2021-01-05,Congo,AFRO,0,6200,0,100
2021-01-06,Congo,AFRO,0,6200,0,100
2021-01-07,Congo,AFRO,960,7160,0,100
2021-01-08,Congo,AFRO,0,7160,0,100
2021-01-09,Congo,AFRO,0,7160,0,100
2021-01-10,Congo,AFRO,0,7160,0,100
2021-01-11,Congo,AFRO,0,7160,0,100
2021-01-12,Congo,AFRO,0,7160,12,112
2021-01-13,Congo,AFRO,0,7160,0,112
2021-01-14,Congo,AFRO,0,7160,0,112
2021-01-15,Congo,AFRO,549,7709,2,114
2021-01-16,Congo,AFRO,0,7709,0,114
2021-01-17,Congo,AFRO,0,7709,0,114
2021-01-18,Congo,AFRO,0,7709,0,114
2021-01-19,Congo,AFRO,0,7709,0,114
2021-01-20,Congo,AFRO,0,7709,0,114
2021-01-21,Congo,AFRO,85,7794,3,117
2021-01-22,Congo,AFRO,0,7794,0,117
2021-01-23,Congo,AFRO,0,7794,0,117
2021-01-24,Congo,AFRO,0,7794,0,117
2021-01-25,Congo,AFRO,93,7887,0,117
2021-01-26,Congo,AFRO,0,7887,0,117
2021-01-27,Congo,AFRO,0,7887,0,117
2021-01-28,Congo,AFRO,0,7887,0,117
2021-01-29,Congo,AFRO,0,7887,0,117
2021-01-30,Congo,AFRO,0,7887,0,117
2021-01-31,Congo,AFRO,0,7887,0,117
2021-02-01,Congo,AFRO,0,7887,0,117
2021-02-02,Congo,AFRO,0,7887,0,117
2021-02-03,Congo,AFRO,0,7887,0,117
2021-02-04,Congo,AFRO,173,8060,5,122
2021-02-05,Congo,AFRO,0,8060,0,122
2021-02-06,Congo,AFRO,0,8060,0,122
2021-02-07,Congo,AFRO,0,8060,0,122
2021-02-08,Congo,AFRO,0,8060,0,122
2021-02-09,Congo,AFRO,0,8060,0,122
2021-02-10,Congo,AFRO,294,8354,0,122
2021-02-11,Congo,AFRO,0,8354,0,122
2021-02-12,Congo,AFRO,65,8419,1,123
2021-02-13,Congo,AFRO,0,8419,0,123
2021-02-14,Congo,AFRO,0,8419,0,123
2021-02-15,Congo,AFRO,0,8419,0,123
2021-02-16,Congo,AFRO,0,8419,0,123
2021-02-17,Congo,AFRO,0,8419,0,123
2021-02-18,Congo,AFRO,0,8419,0,123
2021-02-19,Congo,AFRO,0,8419,0,123
2021-02-20,Congo,AFRO,0,8419,0,123
2021-02-21,Congo,AFRO,206,8625,4,127
2021-02-22,Congo,AFRO,0,8625,0,127
2021-02-23,Congo,AFRO,0,8625,0,127
2021-02-24,Congo,AFRO,195,8820,1,128
2021-02-25,Congo,AFRO,0,8820,0,128
2021-02-26,Congo,AFRO,0,8820,0,128
2021-02-27,Congo,AFRO,0,8820,0,128
2021-02-28,Congo,AFRO,0,8820,0,128
2021-03-01,Congo,AFRO,0,8820,0,128
2021-03-02,Congo,AFRO,0,8820,0,128
2021-03-03,Congo,AFRO,0,8820,0,128
2021-03-04,Congo,AFRO,359,9179,3,131
2021-03-05,Congo,AFRO,0,9179,0,131
2021-03-06,Congo,AFRO,0,9179,0,131
2021-03-07,Congo,AFRO,0,9179,0,131
2021-03-08,Congo,AFRO,0,9179,0,131
2021-03-09,Congo,AFRO,0,9179,0,131
2021-03-10,Congo,AFRO,150,9329,0,131
2021-03-11,Congo,AFRO,0,9329,0,131
2021-03-12,Congo,AFRO,0,9329,0,131
2021-03-13,Congo,AFRO,0,9329,0,131
2021-03-14,Congo,AFRO,0,9329,0,131
2021-03-15,Congo,AFRO,0,9329,0,131
2021-03-16,Congo,AFRO,0,9329,0,131
2021-03-17,Congo,AFRO,0,9329,0,131
2021-03-18,Congo,AFRO,235,9564,3,134
2021-03-19,Congo,AFRO,0,9564,0,134
2021-03-20,Congo,AFRO,0,9564,0,134
2021-03-21,Congo,AFRO,0,9564,0,134
2021-03-22,Congo,AFRO,0,9564,0,134
2021-03-23,Congo,AFRO,0,9564,0,134
2021-03-24,Congo,AFRO,117,9681,1,135
2021-03-25,Congo,AFRO,0,9681,0,135
2021-03-26,Congo,AFRO,0,9681,0,135
2021-03-27,Congo,AFRO,0,9681,0,135
2021-03-28,Congo,AFRO,0,9681,0,135
2021-03-29,Congo,AFRO,0,9681,0,135
2021-03-30,Congo,AFRO,0,9681,0,135
2021-03-31,Congo,AFRO,0,9681,0,135
2021-04-01,Congo,AFRO,0,9681,0,135
2021-04-02,Congo,AFRO,0,9681,0,135
2021-04-03,Congo,AFRO,0,9681,0,135
2021-04-04,Congo,AFRO,0,9681,0,135
2021-04-05,Congo,AFRO,0,9681,0,135
2021-04-06,Congo,AFRO,403,10084,2,137
2021-04-07,Congo,AFRO,0,10084,0,137
2021-04-08,Congo,AFRO,0,10084,0,137
2021-04-09,Congo,AFRO,0,10084,0,137
2021-04-10,Congo,AFRO,0,10084,0,137
2021-04-11,Congo,AFRO,0,10084,0,137
2021-04-12,Congo,AFRO,0,10084,0,137
2021-04-13,Congo,AFRO,0,10084,0,137
2021-04-14,Congo,AFRO,0,10084,0,137
2021-04-15,Congo,AFRO,0,10084,0,137
2021-04-16,Congo,AFRO,0,10084,0,137
2021-04-17,Congo,AFRO,0,10084,0,137
2021-04-18,Congo,AFRO,0,10084,0,137
2021-04-19,Congo,AFRO,0,10084,0,137
2021-04-20,Congo,AFRO,0,10084,0,137
2021-04-21,Congo,AFRO,0,10084,0,137
2021-04-22,Congo,AFRO,0,10084,0,137
2021-04-23,Congo,AFRO,0,10084,0,137
2021-04-24,Congo,AFRO,594,10678,7,144
2021-04-25,Congo,AFRO,0,10678,0,144
2021-04-26,Congo,AFRO,0,10678,0,144
2021-04-27,Congo,AFRO,0,10678,0,144
2021-04-28,Congo,AFRO,0,10678,0,144
2021-04-29,Congo,AFRO,0,10678,0,144
2021-04-30,Congo,AFRO,0,10678,0,144
2021-05-01,Congo,AFRO,0,10678,0,144
2021-05-02,Congo,AFRO,0,10678,0,144
2021-05-03,Congo,AFRO,338,11016,3,147
2021-05-04,Congo,AFRO,0,11016,0,147
2021-05-05,Congo,AFRO,0,11016,0,147
2021-05-06,Congo,AFRO,0,11016,0,147
2021-05-07,Congo,AFRO,131,11147,1,148
2021-05-08,Congo,AFRO,0,11147,0,148
2021-05-09,Congo,AFRO,0,11147,0,148
2021-05-10,Congo,AFRO,196,11343,0,148
2021-05-11,Congo,AFRO,0,11343,0,148
2021-05-12,Congo,AFRO,0,11343,0,148
2021-05-13,Congo,AFRO,0,11343,0,148
2021-05-14,Congo,AFRO,0,11343,0,148
2021-05-15,Congo,AFRO,0,11343,0,148
2021-05-16,Congo,AFRO,0,11343,0,148
2021-05-17,Congo,AFRO,0,11343,0,148
2021-05-18,Congo,AFRO,0,11343,0,148
2021-05-19,Congo,AFRO,133,11476,2,150
2021-05-20,Congo,AFRO,0,11476,0,150
2021-05-21,Congo,AFRO,0,11476,0,150
2021-05-22,Congo,AFRO,0,11476,0,150
2021-05-23,Congo,AFRO,0,11476,0,150
2021-05-24,Congo,AFRO,0,11476,0,150
2021-05-25,Congo,AFRO,182,11658,3,153
2021-05-26,Congo,AFRO,0,11658,0,153
2021-05-27,Congo,AFRO,0,11658,0,153
2021-05-28,Congo,AFRO,0,11658,0,153
2021-05-29,Congo,AFRO,0,11658,0,153
2021-05-30,Congo,AFRO,0,11658,0,153
2021-01-01,Cook Islands,WPRO,0,0,0,0
2021-01-02,Cook Islands,WPRO,0,0,0,0
2021-01-03,Cook Islands,WPRO,0,0,0,0
2021-01-04,Cook Islands,WPRO,0,0,0,0
2021-01-05,Cook Islands,WPRO,0,0,0,0
2021-01-06,Cook Islands,WPRO,0,0,0,0
2021-01-07,Cook Islands,WPRO,0,0,0,0
2021-01-08,Cook Islands,WPRO,0,0,0,0
2021-01-09,Cook Islands,WPRO,0,0,0,0
2021-01-10,Cook Islands,WPRO,0,0,0,0
2021-01-11,Cook Islands,WPRO,0,0,0,0
2021-01-12,Cook Islands,WPRO,0,0,0,0
2021-01-13,Cook Islands,WPRO,0,0,0,0
2021-01-14,Cook Islands,WPRO,0,0,0,0
2021-01-15,Cook Islands,WPRO,0,0,0,0
2021-01-16,Cook Islands,WPRO,0,0,0,0
2021-01-17,Cook Islands,WPRO,0,0,0,0
2021-01-18,Cook Islands,WPRO,0,0,0,0
2021-01-19,Cook Islands,WPRO,0,0,0,0
2021-01-20,Cook Islands,WPRO,0,0,0,0
2021-01-21,Cook Islands,WPRO,0,0,0,0
2021-01-22,Cook Islands,WPRO,0,0,0,0
2021-01-23,Cook Islands,WPRO,0,0,0,0
2021-01-24,Cook Islands,WPRO,0,0,0,0
2021-01-25,Cook Islands,WPRO,0,0,0,0
2021-01-26,Cook Islands,WPRO,0,0,0,0
2021-01-27,Cook Islands,WPRO,0,0,0,0
2021-01-28,Cook Islands,WPRO,0,0,0,0
2021-01-29,Cook Islands,WPRO,0,0,0,0
2021-01-30,Cook Islands,WPRO,0,0,0,0
2021-01-31,Cook Islands,WPRO,0,0,0,0
2021-02-01,Cook Islands,WPRO,0,0,0,0
2021-02-02,Cook Islands,WPRO,0,0,0,0
2021-02-03,Cook Islands,WPRO,0,0,0,0
2021-02-04,Cook Islands,WPRO,0,0,0,0
2021-02-05,Cook Islands,WPRO,0,0,0,0
2021-02-06,Cook Islands,WPRO,0,0,0,0
2021-02-07,Cook Islands,WPRO,0,0,0,0
2021-02-08,Cook Islands,WPRO,0,0,0,0
2021-02-09,Cook Islands,WPRO,0,0,0,0
2021-02-10,Cook Islands,WPRO,0,0,0,0
2021-02-11,Cook Islands,WPRO,0,0,0,0
2021-02-12,Cook Islands,WPRO,0,0,0,0
2021-02-13,Cook Islands,WPRO,0,0,0,0
2021-02-14,Cook Islands,WPRO,0,0,0,0
2021-02-15,Cook Islands,WPRO,0,0,0,0
2021-02-16,Cook Islands,WPRO,0,0,0,0
2021-02-17,Cook Islands,WPRO,0,0,0,0
2021-02-18,Cook Islands,WPRO,0,0,0,0
2021-02-19,Cook Islands,WPRO,0,0,0,0
2021-02-20,Cook Islands,WPRO,0,0,0,0
2021-02-21,Cook Islands,WPRO,0,0,0,0
2021-02-22,Cook Islands,WPRO,0,0,0,0
2021-02-23,Cook Islands,WPRO,0,0,0,0
2021-02-24,Cook Islands,WPRO,0,0,0,0
2021-02-25,Cook Islands,WPRO,0,0,0,0
2021-02-26,Cook Islands,WPRO,0,0,0,0
2021-02-27,Cook Islands,WPRO,0,0,0,0
2021-02-28,Cook Islands,WPRO,0,0,0,0
2021-03-01,Cook Islands,WPRO,0,0,0,0
2021-03-02,Cook Islands,WPRO,0,0,0,0
2021-03-03,Cook Islands,WPRO,0,0,0,0
2021-03-04,Cook Islands,WPRO,0,0,0,0
2021-03-05,Cook Islands,WPRO,0,0,0,0
2021-03-06,Cook Islands,WPRO,0,0,0,0
2021-03-07,Cook Islands,WPRO,0,0,0,0
2021-03-08,Cook Islands,WPRO,0,0,0,0
2021-03-09,Cook Islands,WPRO,0,0,0,0
2021-03-10,Cook Islands,WPRO,0,0,0,0
2021-03-11,Cook Islands,WPRO,0,0,0,0
2021-03-12,Cook Islands,WPRO,0,0,0,0
2021-03-13,Cook Islands,WPRO,0,0,0,0
2021-03-14,Cook Islands,WPRO,0,0,0,0
2021-03-15,Cook Islands,WPRO,0,0,0,0
2021-03-16,Cook Islands,WPRO,0,0,0,0
2021-03-17,Cook Islands,WPRO,0,0,0,0
2021-03-18,Cook Islands,WPRO,0,0,0,0
2021-03-19,Cook Islands,WPRO,0,0,0,0
2021-03-20,Cook Islands,WPRO,0,0,0,0
2021-03-21,Cook Islands,WPRO,0,0,0,0
2021-03-22,Cook Islands,WPRO,0,0,0,0
2021-03-23,Cook Islands,WPRO,0,0,0,0
2021-03-24,Cook Islands,WPRO,0,0,0,0
2021-03-25,Cook Islands,WPRO,0,0,0,0
2021-03-26,Cook Islands,WPRO,0,0,0,0
2021-03-27,Cook Islands,WPRO,0,0,0,0
2021-03-28,Cook Islands,WPRO,0,0,0,0
2021-03-29,Cook Islands,WPRO,0,0,0,0
2021-03-30,Cook Islands,WPRO,0,0,0,0
2021-03-31,Cook Islands,WPRO,0,0,0,0
2021-04-01,Cook Islands,WPRO,0,0,0,0
2021-04-02,Cook Islands,WPRO,0,0,0,0
2021-04-03,Cook Islands,WPRO,0,0,0,0
2021-04-04,Cook Islands,WPRO,0,0,0,0
2021-04-05,Cook Islands,WPRO,0,0,0,0
2021-04-06,Cook Islands,WPRO,0,0,0,0
2021-04-07,Cook Islands,WPRO,0,0,0,0
2021-04-08,Cook Islands,WPRO,0,0,0,0
2021-04-09,Cook Islands,WPRO,0,0,0,0
2021-04-10,Cook Islands,WPRO,0,0,0,0
2021-04-11,Cook Islands,WPRO,0,0,0,0
2021-04-12,Cook Islands,WPRO,0,0,0,0
2021-04-13,Cook Islands,WPRO,0,0,0,0
2021-04-14,Cook Islands,WPRO,0,0,0,0
2021-04-15,Cook Islands,WPRO,0,0,0,0
2021-04-16,Cook Islands,WPRO,0,0,0,0
2021-04-17,Cook Islands,WPRO,0,0,0,0
2021-04-18,Cook Islands,WPRO,0,0,0,0
2021-04-19,Cook Islands,WPRO,0,0,0,0
2021-04-20,Cook Islands,WPRO,0,0,0,0
2021-04-21,Cook Islands,WPRO,0,0,0,0
2021-04-22,Cook Islands,WPRO,0,0,0,0
2021-04-23,Cook Islands,WPRO,0,0,0,0
2021-04-24,Cook Islands,WPRO,0,0,0,0
2021-04-25,Cook Islands,WPRO,0,0,0,0
2021-04-26,Cook Islands,WPRO,0,0,0,0
2021-04-27,Cook Islands,WPRO,0,0,0,0
2021-04-28,Cook Islands,WPRO,0,0,0,0
2021-04-29,Cook Islands,WPRO,0,0,0,0
2021-04-30,Cook Islands,WPRO,0,0,0,0
2021-05-01,Cook Islands,WPRO,0,0,0,0
2021-05-02,Cook Islands,WPRO,0,0,0,0
2021-05-03,Cook Islands,WPRO,0,0,0,0
2021-05-04,Cook Islands,WPRO,0,0,0,0
2021-05-05,Cook Islands,WPRO,0,0,0,0
2021-05-06,Cook Islands,WPRO,0,0,0,0
2021-05-07,Cook Islands,WPRO,0,0,0,0
2021-05-08,Cook Islands,WPRO,0,0,0,0
2021-05-09,Cook Islands,WPRO,0,0,0,0
2021-05-10,Cook Islands,WPRO,0,0,0,0
2021-05-11,Cook Islands,WPRO,0,0,0,0
2021-05-12,Cook Islands,WPRO,0,0,0,0
2021-05-13,Cook Islands,WPRO,0,0,0,0
2021-05-14,Cook Islands,WPRO,0,0,0,0
2021-05-15,Cook Islands,WPRO,0,0,0,0
2021-05-16,Cook Islands,WPRO,0,0,0,0
2021-05-17,Cook Islands,WPRO,0,0,0,0
2021-05-18,Cook Islands,WPRO,0,0,0,0
2021-05-19,Cook Islands,WPRO,0,0,0,0
2021-05-20,Cook Islands,WPRO,0,0,0,0
2021-05-21,Cook Islands,WPRO,0,0,0,0
2021-05-22,Cook Islands,WPRO,0,0,0,0
2021-05-23,Cook Islands,WPRO,0,0,0,0
2021-05-24,Cook Islands,WPRO,0,0,0,0
2021-05-25,Cook Islands,WPRO,0,0,0,0
2021-05-26,Cook Islands,WPRO,0,0,0,0
2021-05-27,Cook Islands,WPRO,0,0,0,0
2021-05-28,Cook Islands,WPRO,0,0,0,0
2021-05-29,Cook Islands,WPRO,0,0,0,0
2021-05-30,Cook Islands,WPRO,0,0,0,0
2021-01-01,Costa Rica,AMRO,1315,168114,15,2171
2021-01-02,Costa Rica,AMRO,1207,169321,14,2185
2021-01-03,Costa Rica,AMRO,1270,170591,8,2193
2021-01-04,Costa Rica,AMRO,539,171130,12,2205
2021-01-05,Costa Rica,AMRO,589,171719,13,2218
2021-01-06,Costa Rica,AMRO,717,172436,11,2229
2021-01-07,Costa Rica,AMRO,1155,173591,19,2248
2021-01-08,Costa Rica,AMRO,1447,175038,19,2267
2021-01-09,Costa Rica,AMRO,1369,176407,19,2286
2021-01-10,Costa Rica,AMRO,1207,177614,19,2305
2021-01-11,Costa Rica,AMRO,1035,178649,17,2322
2021-01-12,Costa Rica,AMRO,756,179405,16,2338
2021-01-13,Costa Rica,AMRO,656,180061,15,2353
2021-01-14,Costa Rica,AMRO,1032,181093,14,2367
2021-01-15,Costa Rica,AMRO,1063,182156,17,2384
2021-01-16,Costa Rica,AMRO,1086,183242,17,2401
2021-01-17,Costa Rica,AMRO,945,184187,15,2416
2021-01-18,Costa Rica,AMRO,958,185145,27,2443
2021-01-19,Costa Rica,AMRO,508,185653,6,2449
2021-01-20,Costa Rica,AMRO,363,186016,9,2458
2021-01-21,Costa Rica,AMRO,861,186877,19,2477
2021-01-22,Costa Rica,AMRO,835,187712,15,2492
2021-01-23,Costa Rica,AMRO,765,188477,14,2506
2021-01-24,Costa Rica,AMRO,831,189308,12,2518
2021-01-25,Costa Rica,AMRO,651,189959,14,2532
2021-01-26,Costa Rica,AMRO,431,190390,11,2543
2021-01-27,Costa Rica,AMRO,355,190745,15,2558
2021-01-28,Costa Rica,AMRO,600,191345,9,2567
2021-01-29,Costa Rica,AMRO,721,192066,17,2584
2021-01-30,Costa Rica,AMRO,571,192637,15,2599
2021-01-31,Costa Rica,AMRO,639,193276,5,2604
2021-02-01,Costa Rica,AMRO,568,193844,8,2612
2021-02-02,Costa Rica,AMRO,436,194280,15,2627
2021-02-03,Costa Rica,AMRO,289,194569,7,2634
2021-02-04,Costa Rica,AMRO,440,195009,7,2641
2021-02-05,Costa Rica,AMRO,528,195537,9,2650
2021-02-06,Costa Rica,AMRO,455,195992,12,2662
2021-02-07,Costa Rica,AMRO,446,196438,10,2672
2021-02-08,Costa Rica,AMRO,506,196944,8,2680
2021-02-09,Costa Rica,AMRO,281,197225,7,2687
2021-02-10,Costa Rica,AMRO,210,197435,5,2692
2021-02-11,Costa Rica,AMRO,417,197852,6,2698
2021-02-12,Costa Rica,AMRO,486,198338,3,2701
2021-02-13,Costa Rica,AMRO,418,198756,9,2710
2021-02-14,Costa Rica,AMRO,431,199187,4,2714
2021-02-15,Costa Rica,AMRO,390,199577,9,2723
2021-02-16,Costa Rica,AMRO,265,199842,0,2723
2021-02-17,Costa Rica,AMRO,182,200024,7,2730
2021-02-18,Costa Rica,AMRO,430,200454,7,2737
2021-02-19,Costa Rica,AMRO,434,200888,8,2745
2021-02-20,Costa Rica,AMRO,353,201241,11,2756
2021-02-21,Costa Rica,AMRO,437,201678,7,2763
2021-02-22,Costa Rica,AMRO,549,202227,8,2771
2021-02-23,Costa Rica,AMRO,239,202466,6,2777
2021-02-24,Costa Rica,AMRO,208,202674,5,2782
2021-02-25,Costa Rica,AMRO,423,203097,3,2785
2021-02-26,Costa Rica,AMRO,399,203496,8,2793
2021-02-27,Costa Rica,AMRO,418,203914,3,2796
2021-02-28,Costa Rica,AMRO,427,204341,4,2800
2021-03-01,Costa Rica,AMRO,365,204706,3,2803
2021-03-02,Costa Rica,AMRO,200,204906,3,2806
2021-03-03,Costa Rica,AMRO,180,205086,6,2812
2021-03-04,Costa Rica,AMRO,428,205514,8,2820
2021-03-05,Costa Rica,AMRO,376,205890,4,2824
2021-03-06,Costa Rica,AMRO,403,206293,5,2829
2021-03-07,Costa Rica,AMRO,347,206640,4,2833
2021-03-08,Costa Rica,AMRO,416,207056,2,2835
2021-03-09,Costa Rica,AMRO,216,207272,3,2838
2021-03-10,Costa Rica,AMRO,188,207460,3,2841
2021-03-11,Costa Rica,AMRO,372,207832,7,2848
2021-03-12,Costa Rica,AMRO,412,208244,4,2852
2021-03-13,Costa Rica,AMRO,473,208717,7,2859
2021-03-14,Costa Rica,AMRO,376,209093,3,2862
2021-03-15,Costa Rica,AMRO,480,209573,5,2867
2021-03-16,Costa Rica,AMRO,267,209840,8,2875
2021-03-17,Costa Rica,AMRO,176,210016,6,2881
2021-03-18,Costa Rica,AMRO,431,210447,5,2886
2021-03-19,Costa Rica,AMRO,501,210948,5,2891
2021-03-20,Costa Rica,AMRO,485,211433,3,2894
2021-03-21,Costa Rica,AMRO,470,211903,2,2896
2021-03-22,Costa Rica,AMRO,487,212390,1,2897
2021-03-23,Costa Rica,AMRO,280,212670,3,2900
2021-03-24,Costa Rica,AMRO,255,212925,4,2904
2021-03-25,Costa Rica,AMRO,513,213438,4,2908
2021-03-26,Costa Rica,AMRO,561,213999,6,2914
2021-03-27,Costa Rica,AMRO,609,214608,9,2923
2021-03-28,Costa Rica,AMRO,570,215178,8,2931
2021-03-29,Costa Rica,AMRO,528,215706,5,2936
2021-03-30,Costa Rica,AMRO,304,216010,6,2942
2021-03-31,Costa Rica,AMRO,258,216268,7,2949
2021-04-01,Costa Rica,AMRO,496,216764,8,2957
2021-04-02,Costa Rica,AMRO,582,217346,8,2965
2021-04-03,Costa Rica,AMRO,1103,218449,5,2970
2021-04-04,Costa Rica,AMRO,0,218449,4,2974
2021-04-05,Costa Rica,AMRO,0,218449,7,2981
2021-04-06,Costa Rica,AMRO,359,218808,2,2983
2021-04-07,Costa Rica,AMRO,354,219162,9,2992
2021-04-08,Costa Rica,AMRO,684,219846,8,3000
2021-04-09,Costa Rica,AMRO,0,219846,0,3000
2021-04-10,Costa Rica,AMRO,0,219846,0,3000
2021-04-11,Costa Rica,AMRO,2698,222544,18,3018
2021-04-12,Costa Rica,AMRO,891,223435,6,3024
2021-04-13,Costa Rica,AMRO,482,223917,6,3030
2021-04-14,Costa Rica,AMRO,469,224386,6,3036
2021-04-15,Costa Rica,AMRO,957,225343,8,3044
2021-04-16,Costa Rica,AMRO,1069,226412,10,3054
2021-04-17,Costa Rica,AMRO,1121,227533,11,3065
2021-04-18,Costa Rica,AMRO,1044,228577,6,3071
2021-04-19,Costa Rica,AMRO,1060,229637,13,3084
2021-04-20,Costa Rica,AMRO,664,230301,7,3091
2021-04-21,Costa Rica,AMRO,536,230837,8,3099
2021-04-22,Costa Rica,AMRO,1130,231967,5,3104
2021-04-23,Costa Rica,AMRO,1531,233498,11,3115
2021-04-24,Costa Rica,AMRO,1776,235274,10,3125
2021-04-25,Costa Rica,AMRO,1656,236930,11,3136
2021-04-26,Costa Rica,AMRO,1830,238760,7,3143
2021-04-27,Costa Rica,AMRO,1277,240037,15,3158
2021-04-28,Costa Rica,AMRO,1203,241240,10,3168
2021-04-29,Costa Rica,AMRO,1927,243167,18,3186
2021-04-30,Costa Rica,AMRO,2434,245601,16,3202
2021-05-01,Costa Rica,AMRO,2781,248382,15,3217
2021-05-02,Costa Rica,AMRO,2609,250991,14,3231
2021-05-03,Costa Rica,AMRO,1991,252982,23,3254
2021-05-04,Costa Rica,AMRO,1839,254821,12,3266
2021-05-05,Costa Rica,AMRO,1855,256676,24,3290
2021-05-06,Costa Rica,AMRO,1304,257980,20,3310
2021-05-07,Costa Rica,AMRO,2555,260535,16,3326
2021-05-08,Costa Rica,AMRO,2559,263094,15,3341
2021-05-09,Costa Rica,AMRO,2392,265486,24,3365
2021-05-10,Costa Rica,AMRO,2029,267515,21,3386
2021-05-11,Costa Rica,AMRO,2463,269978,23,3409
2021-05-12,Costa Rica,AMRO,1500,271478,21,3430
2021-05-13,Costa Rica,AMRO,2236,273714,26,3456
2021-05-14,Costa Rica,AMRO,3173,276887,26,3482
2021-05-15,Costa Rica,AMRO,3039,279926,32,3514
2021-05-16,Costa Rica,AMRO,2815,282741,33,3547
2021-05-17,Costa Rica,AMRO,2795,285536,24,3571
2021-05-18,Costa Rica,AMRO,1768,287304,22,3593
2021-05-19,Costa Rica,AMRO,1322,288626,32,3625
2021-05-20,Costa Rica,AMRO,2294,290920,48,3673
2021-05-21,Costa Rica,AMRO,2900,293820,23,3696
2021-05-22,Costa Rica,AMRO,2812,296632,40,3736
2021-05-23,Costa Rica,AMRO,2587,299219,29,3765
2021-05-24,Costa Rica,AMRO,2445,301664,32,3797
2021-05-25,Costa Rica,AMRO,1726,303390,23,3820
2021-05-26,Costa Rica,AMRO,1139,304529,29,3849
2021-05-27,Costa Rica,AMRO,2370,306899,28,3877
2021-05-28,Costa Rica,AMRO,2587,309486,31,3908
2021-05-29,Costa Rica,AMRO,2436,311922,21,3929
2021-05-30,Costa Rica,AMRO,2180,314102,33,3962
2021-01-01,Côte d’Ivoire,AFRO,0,22250,0,137
2021-01-02,Côte d’Ivoire,AFRO,0,22250,0,137
2021-01-03,Côte d’Ivoire,AFRO,0,22250,0,137
2021-01-04,Côte d’Ivoire,AFRO,0,22250,0,137
2021-01-05,Côte d’Ivoire,AFRO,398,22648,1,138
2021-01-06,Côte d’Ivoire,AFRO,152,22800,0,138
2021-01-07,Côte d’Ivoire,AFRO,55,22855,0,138
2021-01-08,Côte d’Ivoire,AFRO,0,22855,0,138
2021-01-09,Côte d’Ivoire,AFRO,318,23173,0,138
2021-01-10,Côte d’Ivoire,AFRO,81,23254,0,138
2021-01-11,Côte d’Ivoire,AFRO,0,23254,0,138
2021-01-12,Côte d’Ivoire,AFRO,228,23482,1,139
2021-01-13,Côte d’Ivoire,AFRO,412,23894,0,139
2021-01-14,Côte d’Ivoire,AFRO,292,24186,1,140
2021-01-15,Côte d’Ivoire,AFRO,183,24369,0,140
2021-01-16,Côte d’Ivoire,AFRO,487,24856,1,141
2021-01-17,Côte d’Ivoire,AFRO,0,24856,0,141
2021-01-18,Côte d’Ivoire,AFRO,385,25241,0,141
2021-01-19,Côte d’Ivoire,AFRO,64,25305,1,142
2021-01-20,Côte d’Ivoire,AFRO,78,25383,0,142
2021-01-21,Côte d’Ivoire,AFRO,214,25597,0,142
2021-01-22,Côte d’Ivoire,AFRO,154,25751,0,142
2021-01-23,Côte d’Ivoire,AFRO,564,26315,1,143
2021-01-24,Côte d’Ivoire,AFRO,297,26612,2,145
2021-01-25,Côte d’Ivoire,AFRO,238,26850,1,146
2021-01-26,Côte d’Ivoire,AFRO,0,26850,0,146
2021-01-27,Côte d’Ivoire,AFRO,387,27237,1,147
2021-01-28,Côte d’Ivoire,AFRO,219,27456,4,151
2021-01-29,Côte d’Ivoire,AFRO,239,27695,0,151
2021-01-30,Côte d’Ivoire,AFRO,240,27935,1,152
2021-01-31,Côte d’Ivoire,AFRO,243,28178,0,152
2021-02-01,Côte d’Ivoire,AFRO,221,28399,2,154
2021-02-02,Côte d’Ivoire,AFRO,76,28475,2,156
2021-02-03,Côte d’Ivoire,AFRO,132,28607,2,158
2021-02-04,Côte d’Ivoire,AFRO,132,28739,0,158
2021-02-05,Côte d’Ivoire,AFRO,363,29102,0,158
2021-02-06,Côte d’Ivoire,AFRO,193,29295,2,160
2021-02-07,Côte d’Ivoire,AFRO,272,29567,2,162
2021-02-08,Côte d’Ivoire,AFRO,258,29825,0,162
2021-02-09,Côte d’Ivoire,AFRO,142,29967,3,165
2021-02-10,Côte d’Ivoire,AFRO,107,30074,0,165
2021-02-11,Côte d’Ivoire,AFRO,166,30240,4,169
2021-02-12,Côte d’Ivoire,AFRO,286,30526,2,171
2021-02-13,Côte d’Ivoire,AFRO,191,30717,2,173
2021-02-14,Côte d’Ivoire,AFRO,167,30884,0,173
2021-02-15,Côte d’Ivoire,AFRO,256,31140,1,174
2021-02-16,Côte d’Ivoire,AFRO,95,31235,1,175
2021-02-17,Côte d’Ivoire,AFRO,130,31365,4,179
2021-02-18,Côte d’Ivoire,AFRO,132,31497,1,180
2021-02-19,Côte d’Ivoire,AFRO,115,31612,3,183
2021-02-20,Côte d’Ivoire,AFRO,213,31825,2,185
2021-02-21,Côte d’Ivoire,AFRO,89,31914,0,185
2021-02-22,Côte d’Ivoire,AFRO,112,32026,1,186
2021-02-23,Côte d’Ivoire,AFRO,13,32039,2,188
2021-02-24,Côte d’Ivoire,AFRO,85,32124,0,188
2021-02-25,Côte d’Ivoire,AFRO,171,32295,0,188
2021-02-26,Côte d’Ivoire,AFRO,0,32295,0,188
2021-02-27,Côte d’Ivoire,AFRO,133,32428,2,190
2021-02-28,Côte d’Ivoire,AFRO,203,32631,2,192
2021-03-01,Côte d’Ivoire,AFRO,123,32754,0,192
2021-03-02,Côte d’Ivoire,AFRO,37,32791,1,193
2021-03-03,Côte d’Ivoire,AFRO,0,32791,0,193
2021-03-04,Côte d’Ivoire,AFRO,494,33285,1,194
2021-03-05,Côte d’Ivoire,AFRO,0,33285,0,194
2021-03-06,Côte d’Ivoire,AFRO,0,33285,0,194
2021-03-07,Côte d’Ivoire,AFRO,1650,34935,6,200
2021-03-08,Côte d’Ivoire,AFRO,252,35187,2,202
2021-03-09,Côte d’Ivoire,AFRO,144,35331,2,204
2021-03-10,Côte d’Ivoire,AFRO,0,35331,0,204
2021-03-11,Côte d’Ivoire,AFRO,697,36028,2,206
2021-03-12,Côte d’Ivoire,AFRO,483,36511,3,209
2021-03-13,Côte d’Ivoire,AFRO,313,36824,2,211
2021-03-14,Côte d’Ivoire,AFRO,480,37304,0,211
2021-03-15,Côte d’Ivoire,AFRO,349,37653,0,211
2021-03-16,Côte d’Ivoire,AFRO,255,37908,2,213
2021-03-17,Côte d’Ivoire,AFRO,212,38120,1,214
2021-03-18,Côte d’Ivoire,AFRO,162,38282,0,214
2021-03-19,Côte d’Ivoire,AFRO,641,38923,1,215
2021-03-20,Côte d’Ivoire,AFRO,511,39434,1,216
2021-03-21,Côte d’Ivoire,AFRO,479,39913,1,217
2021-03-22,Côte d’Ivoire,AFRO,397,40310,3,220
2021-03-23,Côte d’Ivoire,AFRO,291,40601,2,222
2021-03-24,Côte d’Ivoire,AFRO,267,40868,0,222
2021-03-25,Côte d’Ivoire,AFRO,439,41307,2,224
2021-03-26,Côte d’Ivoire,AFRO,757,42064,5,229
2021-03-27,Côte d’Ivoire,AFRO,404,42468,0,229
2021-03-28,Côte d’Ivoire,AFRO,0,42468,0,229
2021-03-29,Côte d’Ivoire,AFRO,712,43180,8,237
2021-03-30,Côte d’Ivoire,AFRO,242,43422,2,239
2021-03-31,Côte d’Ivoire,AFRO,120,43542,3,242
2021-04-01,Côte d’Ivoire,AFRO,347,43889,2,244
2021-04-02,Côte d’Ivoire,AFRO,437,44326,3,247
2021-04-03,Côte d’Ivoire,AFRO,0,44326,0,247
2021-04-04,Côte d’Ivoire,AFRO,0,44326,0,247
2021-04-05,Côte d’Ivoire,AFRO,423,44749,8,255
2021-04-06,Côte d’Ivoire,AFRO,92,44841,1,256
2021-04-07,Côte d’Ivoire,AFRO,13,44854,0,256
2021-04-08,Côte d’Ivoire,AFRO,26,44880,1,257
2021-04-09,Côte d’Ivoire,AFRO,95,44975,1,258
2021-04-10,Côte d’Ivoire,AFRO,114,45089,2,260
2021-04-11,Côte d’Ivoire,AFRO,56,45145,1,261
2021-04-12,Côte d’Ivoire,AFRO,61,45206,2,263
2021-04-13,Côte d’Ivoire,AFRO,21,45227,5,268
2021-04-14,Côte d’Ivoire,AFRO,38,45265,1,269
2021-04-15,Côte d’Ivoire,AFRO,0,45265,0,269
2021-04-16,Côte d’Ivoire,AFRO,0,45265,0,269
2021-04-17,Côte d’Ivoire,AFRO,0,45265,0,269
2021-04-18,Côte d’Ivoire,AFRO,254,45519,5,274
2021-04-19,Côte d’Ivoire,AFRO,41,45560,0,274
2021-04-20,Côte d’Ivoire,AFRO,0,45560,0,274
2021-04-21,Côte d’Ivoire,AFRO,54,45614,1,275
2021-04-22,Côte d’Ivoire,AFRO,83,45697,2,277
2021-04-23,Côte d’Ivoire,AFRO,0,45697,0,277
2021-04-24,Côte d’Ivoire,AFRO,68,45765,2,279
2021-04-25,Côte d’Ivoire,AFRO,55,45820,2,281
2021-04-26,Côte d’Ivoire,AFRO,0,45820,0,281
2021-04-27,Côte d’Ivoire,AFRO,43,45863,2,283
2021-04-28,Côte d’Ivoire,AFRO,22,45885,2,285
2021-04-29,Côte d’Ivoire,AFRO,0,45885,0,285
2021-04-30,Côte d’Ivoire,AFRO,113,45998,1,286
2021-05-01,Côte d’Ivoire,AFRO,0,45998,0,286
2021-05-02,Côte d’Ivoire,AFRO,116,46114,0,286
2021-05-03,Côte d’Ivoire,AFRO,36,46150,1,287
2021-05-04,Côte d’Ivoire,AFRO,4,46154,0,287
2021-05-05,Côte d’Ivoire,AFRO,19,46173,4,291
2021-05-06,Côte d’Ivoire,AFRO,58,46231,0,291
2021-05-07,Côte d’Ivoire,AFRO,0,46231,0,291
2021-05-08,Côte d’Ivoire,AFRO,113,46344,0,291
2021-05-09,Côte d’Ivoire,AFRO,0,46344,0,291
2021-05-10,Côte d’Ivoire,AFRO,98,46442,0,291
2021-05-11,Côte d’Ivoire,AFRO,1,46443,0,291
2021-05-12,Côte d’Ivoire,AFRO,41,46484,1,292
2021-05-13,Côte d’Ivoire,AFRO,32,46516,0,292
2021-05-14,Côte d’Ivoire,AFRO,4,46520,2,294
2021-05-15,Côte d’Ivoire,AFRO,15,46535,1,295
2021-05-16,Côte d’Ivoire,AFRO,84,46619,2,297
2021-05-17,Côte d’Ivoire,AFRO,37,46656,1,298
2021-05-18,Côte d’Ivoire,AFRO,5,46661,0,298
2021-05-19,Côte d’Ivoire,AFRO,47,46708,0,298
2021-05-20,Côte d’Ivoire,AFRO,69,46777,0,298
2021-05-21,Côte d’Ivoire,AFRO,57,46834,0,298
2021-05-22,Côte d’Ivoire,AFRO,40,46874,0,298
2021-05-23,Côte d’Ivoire,AFRO,68,46942,0,298
2021-05-24,Côte d’Ivoire,AFRO,0,46942,0,298
2021-05-25,Côte d’Ivoire,AFRO,91,47033,0,298
2021-05-26,Côte d’Ivoire,AFRO,3,47036,0,298
2021-05-27,Côte d’Ivoire,AFRO,49,47085,3,301
2021-05-28,Côte d’Ivoire,AFRO,61,47146,0,301
2021-05-29,Côte d’Ivoire,AFRO,49,47195,0,301
2021-05-30,Côte d’Ivoire,AFRO,0,47195,0,301
2021-01-01,Croatia,EURO,1170,212007,41,3961
2021-01-02,Croatia,EURO,255,212262,55,4016
2021-01-03,Croatia,EURO,696,212958,56,4072
2021-01-04,Croatia,EURO,361,213319,54,4126
2021-01-05,Croatia,EURO,1071,214390,53,4179
2021-01-06,Croatia,EURO,1896,216286,44,4223
2021-01-07,Croatia,EURO,562,216848,43,4266
2021-01-08,Croatia,EURO,1098,217946,38,4304
2021-01-09,Croatia,EURO,1401,219347,38,4342
2021-01-10,Croatia,EURO,646,219993,26,4368
2021-01-11,Croatia,EURO,230,220223,35,4403
2021-01-12,Croatia,EURO,759,220982,43,4446
2021-01-13,Croatia,EURO,1135,222117,26,4472
2021-01-14,Croatia,EURO,980,223097,45,4517
2021-01-15,Croatia,EURO,715,223812,33,4550
2021-01-16,Croatia,EURO,763,224575,38,4588
2021-01-17,Croatia,EURO,379,224954,28,4616
2021-01-18,Croatia,EURO,174,225128,39,4655
2021-01-19,Croatia,EURO,520,225648,29,4684
2021-01-20,Croatia,EURO,902,226550,27,4711
2021-01-21,Croatia,EURO,776,227326,27,4738
2021-01-22,Croatia,EURO,643,227969,32,4770
2021-01-23,Croatia,EURO,599,228568,29,4799
2021-01-24,Croatia,EURO,352,228920,28,4827
2021-01-25,Croatia,EURO,134,229054,32,4859
2021-01-26,Croatia,EURO,448,229502,23,4882
2021-01-27,Croatia,EURO,857,230359,31,4913
2021-01-28,Croatia,EURO,619,230978,30,4943
2021-01-29,Croatia,EURO,561,231539,29,4972
2021-01-30,Croatia,EURO,551,232090,26,4998
2021-01-31,Croatia,EURO,336,232426,29,5027
2021-02-01,Croatia,EURO,94,232520,27,5054
2021-02-02,Croatia,EURO,387,232907,17,5071
2021-02-03,Croatia,EURO,730,233637,17,5088
2021-02-04,Croatia,EURO,516,234153,18,5106
2021-02-05,Croatia,EURO,549,234702,16,5122
2021-02-06,Croatia,EURO,424,235126,22,5144
2021-02-07,Croatia,EURO,276,235402,25,5169
2021-02-08,Croatia,EURO,71,235473,29,5198
2021-02-09,Croatia,EURO,283,235756,26,5224
2021-02-10,Croatia,EURO,577,236333,14,5238
2021-02-11,Croatia,EURO,376,236709,25,5263
2021-02-12,Croatia,EURO,371,237080,19,5282
2021-02-13,Croatia,EURO,379,237459,17,5299
2021-02-14,Croatia,EURO,198,237657,19,5318
2021-02-15,Croatia,EURO,68,237725,21,5339
2021-02-16,Croatia,EURO,274,237999,18,5357
2021-02-17,Croatia,EURO,502,238501,18,5375
2021-02-18,Croatia,EURO,365,238866,24,5399
2021-02-19,Croatia,EURO,388,239254,8,5407
2021-02-20,Croatia,EURO,431,239685,13,5420
2021-02-21,Croatia,EURO,260,239945,9,5429
2021-02-22,Croatia,EURO,72,240017,20,5449
2021-02-23,Croatia,EURO,343,240360,13,5462
2021-02-24,Croatia,EURO,688,241048,15,5477
2021-02-25,Croatia,EURO,544,241592,12,5489
2021-02-26,Croatia,EURO,505,242097,14,5503
2021-02-27,Croatia,EURO,520,242617,8,5511
2021-02-28,Croatia,EURO,356,242973,15,5526
2021-03-01,Croatia,EURO,91,243064,11,5537
2021-03-02,Croatia,EURO,394,243458,11,5548
2021-03-03,Croatia,EURO,747,244205,7,5555
2021-03-04,Croatia,EURO,667,244872,9,5564
2021-03-05,Croatia,EURO,590,245462,6,5570
2021-03-06,Croatia,EURO,658,246120,15,5585
2021-03-07,Croatia,EURO,394,246514,5,5590
2021-03-08,Croatia,EURO,94,246608,19,5609
2021-03-09,Croatia,EURO,491,247099,12,5621
2021-03-10,Croatia,EURO,962,248061,4,5625
2021-03-11,Croatia,EURO,777,248838,10,5635
2021-03-12,Croatia,EURO,823,249661,12,5647
2021-03-13,Croatia,EURO,823,250484,23,5670
2021-03-14,Croatia,EURO,561,251045,7,5677
2021-03-15,Croatia,EURO,129,251174,8,5685
2021-03-16,Croatia,EURO,691,251865,12,5697
2021-03-17,Croatia,EURO,1445,253310,12,5709
2021-03-18,Croatia,EURO,1197,254507,17,5726
2021-03-19,Croatia,EURO,1112,255619,17,5743
2021-03-20,Croatia,EURO,1186,256805,10,5753
2021-03-21,Croatia,EURO,834,257639,20,5773
2021-03-22,Croatia,EURO,150,257789,13,5786
2021-03-23,Croatia,EURO,956,258745,22,5808
2021-03-24,Croatia,EURO,1891,260636,20,5828
2021-03-25,Croatia,EURO,1673,262309,10,5838
2021-03-26,Croatia,EURO,1802,264111,16,5854
2021-03-27,Croatia,EURO,1790,265901,18,5872
2021-03-28,Croatia,EURO,1321,267222,21,5893
2021-03-29,Croatia,EURO,300,267522,18,5911
2021-03-30,Croatia,EURO,1487,269009,17,5928
2021-03-31,Croatia,EURO,2623,271632,19,5947
2021-04-01,Croatia,EURO,2422,274054,20,5967
2021-04-02,Croatia,EURO,2362,276416,29,5996
2021-04-03,Croatia,EURO,2234,278650,29,6025
2021-04-04,Croatia,EURO,1376,280026,33,6058
2021-04-05,Croatia,EURO,138,280164,25,6083
2021-04-06,Croatia,EURO,735,280899,30,6113
2021-04-07,Croatia,EURO,1649,282548,36,6149
2021-04-08,Croatia,EURO,3217,285765,36,6185
2021-04-09,Croatia,EURO,2599,288364,50,6235
2021-04-10,Croatia,EURO,2535,290899,34,6269
2021-04-11,Croatia,EURO,1617,292516,39,6308
2021-04-12,Croatia,EURO,422,292938,25,6333
2021-04-13,Croatia,EURO,1936,294874,25,6358
2021-04-14,Croatia,EURO,3099,297973,41,6399
2021-04-15,Croatia,EURO,2927,300900,43,6442
2021-04-16,Croatia,EURO,2698,303598,44,6486
2021-04-17,Croatia,EURO,2627,306225,37,6523
2021-04-18,Croatia,EURO,1565,307790,39,6562
2021-04-19,Croatia,EURO,410,308200,39,6601
2021-04-20,Croatia,EURO,2106,310306,42,6643
2021-04-21,Croatia,EURO,3117,313423,49,6692
2021-04-22,Croatia,EURO,2885,316308,46,6738
2021-04-23,Croatia,EURO,2529,318837,46,6784
2021-04-24,Croatia,EURO,2535,321372,31,6815
2021-04-25,Croatia,EURO,1254,322626,39,6854
2021-04-26,Croatia,EURO,410,323036,51,6905
2021-04-27,Croatia,EURO,1797,324833,52,6957
2021-04-28,Croatia,EURO,2904,327737,44,7001
2021-04-29,Croatia,EURO,2439,330176,39,7040
2021-04-30,Croatia,EURO,2007,332183,41,7081
2021-05-01,Croatia,EURO,2046,334229,49,7130
2021-05-02,Croatia,EURO,944,335173,52,7182
2021-05-03,Croatia,EURO,349,335522,36,7218
2021-05-04,Croatia,EURO,1396,336918,46,7264
2021-05-05,Croatia,EURO,2494,339412,51,7315
2021-05-06,Croatia,EURO,1640,341052,40,7355
2021-05-07,Croatia,EURO,1435,342487,33,7388
2021-05-08,Croatia,EURO,1342,343829,36,7424
2021-05-09,Croatia,EURO,665,344494,45,7469
2021-05-10,Croatia,EURO,253,344747,34,7503
2021-05-11,Croatia,EURO,876,345623,46,7549
2021-05-12,Croatia,EURO,1471,347094,40,7589
2021-05-13,Croatia,EURO,1064,348158,34,7623
2021-05-14,Croatia,EURO,926,349084,41,7664
2021-05-15,Croatia,EURO,826,349910,23,7687
2021-05-16,Croatia,EURO,480,350390,21,7708
2021-05-17,Croatia,EURO,116,350506,30,7738
2021-05-18,Croatia,EURO,491,350997,27,7765
2021-05-19,Croatia,EURO,1000,351997,27,7792
2021-05-20,Croatia,EURO,695,352692,36,7828
2021-05-21,Croatia,EURO,525,353217,28,7856
2021-05-22,Croatia,EURO,518,353735,27,7883
2021-05-23,Croatia,EURO,251,353986,20,7903
2021-05-24,Croatia,EURO,0,353986,0,7903
2021-05-25,Croatia,EURO,397,354383,47,7950
2021-05-26,Croatia,EURO,538,354921,21,7971
2021-05-27,Croatia,EURO,375,355296,10,7981
2021-05-28,Croatia,EURO,321,355617,11,7992
2021-05-29,Croatia,EURO,338,355955,10,8002
2021-05-30,Croatia,EURO,186,356141,12,8014
2021-01-01,Cuba,AMRO,176,11863,1,146
2021-01-02,Cuba,AMRO,193,12056,0,146
2021-01-03,Cuba,AMRO,169,12225,0,146
2021-01-04,Cuba,AMRO,199,12424,1,147
2021-01-05,Cuba,AMRO,316,12740,0,147
2021-01-06,Cuba,AMRO,224,12964,0,147
2021-01-07,Cuba,AMRO,201,13165,1,148
2021-01-08,Cuba,AMRO,314,13479,0,148
2021-01-09,Cuba,AMRO,344,13823,0,148
2021-01-10,Cuba,AMRO,365,14188,0,148
2021-01-11,Cuba,AMRO,388,14576,3,151
2021-01-12,Cuba,AMRO,431,15007,2,153
2021-01-13,Cuba,AMRO,487,15494,2,155
2021-01-14,Cuba,AMRO,550,16044,3,158
2021-01-15,Cuba,AMRO,505,16549,2,160
2021-01-16,Cuba,AMRO,547,17096,2,162
2021-01-17,Cuba,AMRO,405,17501,4,166
2021-01-18,Cuba,AMRO,0,17501,0,166
2021-01-19,Cuba,AMRO,942,18443,7,173
2021-01-20,Cuba,AMRO,330,18773,2,175
2021-01-21,Cuba,AMRO,349,19122,5,180
2021-01-22,Cuba,AMRO,408,19530,4,184
2021-01-23,Cuba,AMRO,530,20060,4,188
2021-01-24,Cuba,AMRO,567,20627,3,191
2021-01-25,Cuba,AMRO,634,21261,3,194
2021-01-26,Cuba,AMRO,567,21828,3,197
2021-01-27,Cuba,AMRO,786,22614,3,200
2021-01-28,Cuba,AMRO,825,23439,4,204
2021-01-29,Cuba,AMRO,666,24105,4,208
2021-01-30,Cuba,AMRO,659,24764,2,210
2021-01-31,Cuba,AMRO,910,25674,3,213
2021-02-01,Cuba,AMRO,1012,26686,1,214
2021-02-02,Cuba,AMRO,906,27592,2,216
2021-02-03,Cuba,AMRO,1044,28636,2,218
2021-02-04,Cuba,AMRO,893,29529,2,220
2021-02-05,Cuba,AMRO,816,30345,5,225
2021-02-06,Cuba,AMRO,845,31190,4,229
2021-02-07,Cuba,AMRO,821,32011,4,233
2021-02-08,Cuba,AMRO,820,32831,5,238
2021-02-09,Cuba,AMRO,653,33484,2,240
2021-02-10,Cuba,AMRO,580,34064,4,244
2021-02-11,Cuba,AMRO,858,34922,5,249
2021-02-12,Cuba,AMRO,850,35772,4,253
2021-02-13,Cuba,AMRO,823,36595,4,257
2021-02-14,Cuba,AMRO,888,37483,4,261
2021-02-15,Cuba,AMRO,806,38289,5,266
2021-02-16,Cuba,AMRO,715,39004,3,269
2021-02-17,Cuba,AMRO,937,39941,5,274
2021-02-18,Cuba,AMRO,824,40765,3,277
2021-02-19,Cuba,AMRO,923,41688,5,282
2021-02-20,Cuba,AMRO,859,42547,5,287
2021-02-21,Cuba,AMRO,937,43484,4,291
2021-02-22,Cuba,AMRO,1039,44523,5,296
2021-02-23,Cuba,AMRO,838,45361,4,300
2021-02-24,Cuba,AMRO,836,46197,4,304
2021-02-25,Cuba,AMRO,699,46896,4,308
2021-02-26,Cuba,AMRO,670,47566,4,312
2021-02-27,Cuba,AMRO,875,48441,2,314
2021-02-28,Cuba,AMRO,720,49161,4,318
2021-03-01,Cuba,AMRO,618,49779,4,322
2021-03-02,Cuba,AMRO,811,50590,2,324
2021-03-03,Cuba,AMRO,997,51587,4,328
2021-03-04,Cuba,AMRO,914,52501,5,333
2021-03-05,Cuba,AMRO,807,53308,3,336
2021-03-06,Cuba,AMRO,777,54085,5,341
2021-03-07,Cuba,AMRO,750,54835,3,344
2021-03-08,Cuba,AMRO,858,55693,4,348
2021-03-09,Cuba,AMRO,873,56566,2,350
2021-03-10,Cuba,AMRO,1041,57607,2,352
2021-03-11,Cuba,AMRO,772,58379,5,357
2021-03-12,Cuba,AMRO,778,59157,4,361
2021-03-13,Cuba,AMRO,762,59919,4,365
2021-03-14,Cuba,AMRO,639,60558,1,366
2021-03-15,Cuba,AMRO,914,61472,4,370
2021-03-16,Cuba,AMRO,734,62206,3,373
2021-03-17,Cuba,AMRO,792,62998,3,376
2021-03-18,Cuba,AMRO,727,63725,4,380
2021-03-19,Cuba,AMRO,689,64414,4,384
2021-03-20,Cuba,AMRO,735,65149,3,387
2021-03-21,Cuba,AMRO,813,65962,5,392
2021-03-22,Cuba,AMRO,796,66758,2,394
2021-03-23,Cuba,AMRO,718,67476,3,397
2021-03-24,Cuba,AMRO,774,68250,4,401
2021-03-25,Cuba,AMRO,736,68986,4,405
2021-03-26,Cuba,AMRO,816,69802,3,408
2021-03-27,Cuba,AMRO,832,70634,5,413
2021-03-28,Cuba,AMRO,950,71584,1,414
2021-03-29,Cuba,AMRO,919,72503,1,415
2021-03-30,Cuba,AMRO,701,73204,2,417
2021-03-31,Cuba,AMRO,1008,74212,4,421
2021-04-01,Cuba,AMRO,1051,75263,3,424
2021-04-02,Cuba,AMRO,1013,76276,1,425
2021-04-03,Cuba,AMRO,1077,77353,4,429
2021-04-04,Cuba,AMRO,1029,78382,2,431
2021-04-05,Cuba,AMRO,1162,79544,5,436
2021-04-06,Cuba,AMRO,1066,80610,0,436
2021-04-07,Cuba,AMRO,1030,81640,4,440
2021-04-08,Cuba,AMRO,961,82601,2,442
2021-04-09,Cuba,AMRO,914,83515,1,443
2021-04-10,Cuba,AMRO,1017,84532,5,448
2021-04-11,Cuba,AMRO,1040,85572,5,453
2021-04-12,Cuba,AMRO,959,86531,6,459
2021-04-13,Cuba,AMRO,854,87385,8,467
2021-04-14,Cuba,AMRO,1060,88445,9,476
2021-04-15,Cuba,AMRO,959,89404,11,487
2021-04-16,Cuba,AMRO,1004,90408,4,491
2021-04-17,Cuba,AMRO,1040,91448,9,500
2021-04-18,Cuba,AMRO,1026,92474,12,512
2021-04-19,Cuba,AMRO,1037,93511,13,525
2021-04-20,Cuba,AMRO,1060,94571,6,531
2021-04-21,Cuba,AMRO,1183,95754,7,538
2021-04-22,Cuba,AMRO,1006,96760,9,547
2021-04-23,Cuba,AMRO,1207,97967,12,559
2021-04-24,Cuba,AMRO,1241,99208,10,569
2021-04-25,Cuba,AMRO,1110,100318,12,581
2021-04-26,Cuba,AMRO,1185,101503,10,591
2021-04-27,Cuba,AMRO,938,102441,6,597
2021-04-28,Cuba,AMRO,1083,103524,7,604
2021-04-29,Cuba,AMRO,988,104512,10,614
2021-04-30,Cuba,AMRO,1149,105661,18,632
2021-05-01,Cuba,AMRO,1046,106707,12,644
2021-05-02,Cuba,AMRO,915,107622,10,654
2021-05-03,Cuba,AMRO,1071,108693,10,664
2021-05-04,Cuba,AMRO,932,109625,11,675
2021-05-05,Cuba,AMRO,1019,110644,11,686
2021-05-06,Cuba,AMRO,1010,111654,8,694
2021-05-07,Cuba,AMRO,1060,112714,7,701
2021-05-08,Cuba,AMRO,1162,113876,12,713
2021-05-09,Cuba,AMRO,1036,114912,9,722
2021-05-10,Cuba,AMRO,1069,115981,10,732
2021-05-11,Cuba,AMRO,1116,117097,9,741
2021-05-12,Cuba,AMRO,1071,118168,14,755
2021-05-13,Cuba,AMRO,1207,119375,13,768
2021-05-14,Cuba,AMRO,1186,120561,10,778
2021-05-15,Cuba,AMRO,1277,121838,7,785
2021-05-16,Cuba,AMRO,1383,123221,11,796
2021-05-17,Cuba,AMRO,1233,124454,8,804
2021-05-18,Cuba,AMRO,1057,125511,10,814
2021-05-19,Cuba,AMRO,1244,126755,12,826
2021-05-20,Cuba,AMRO,1339,128094,8,834
2021-05-21,Cuba,AMRO,1252,129346,6,840
2021-05-22,Cuba,AMRO,1197,130543,9,849
2021-05-23,Cuba,AMRO,1289,131832,14,863
2021-05-24,Cuba,AMRO,1221,133053,14,877
2021-05-25,Cuba,AMRO,1155,134208,13,890
2021-05-26,Cuba,AMRO,1291,135499,11,901
2021-05-27,Cuba,AMRO,1129,136628,11,912
2021-05-28,Cuba,AMRO,1102,137730,9,921
2021-05-29,Cuba,AMRO,1169,138899,12,933
2021-05-30,Cuba,AMRO,1188,140087,10,943
2021-01-01,Curaçao,AMRO,51,4230,0,14
2021-01-02,Curaçao,AMRO,0,4230,0,14
2021-01-03,Curaçao,AMRO,0,4230,0,14
2021-01-04,Curaçao,AMRO,0,4230,0,14
2021-01-05,Curaçao,AMRO,87,4317,2,16
2021-01-06,Curaçao,AMRO,6,4323,0,16
2021-01-07,Curaçao,AMRO,19,4342,0,16
2021-01-08,Curaçao,AMRO,36,4378,1,17
2021-01-09,Curaçao,AMRO,27,4405,1,18
2021-01-10,Curaçao,AMRO,0,4405,0,18
2021-01-11,Curaçao,AMRO,0,4405,0,18
2021-01-12,Curaçao,AMRO,53,4458,1,19
2021-01-13,Curaçao,AMRO,6,4464,0,19
2021-01-14,Curaçao,AMRO,5,4469,0,19
2021-01-15,Curaçao,AMRO,19,4488,0,19
2021-01-16,Curaçao,AMRO,10,4498,0,19
2021-01-17,Curaçao,AMRO,0,4498,0,19
2021-01-18,Curaçao,AMRO,0,4498,0,19
2021-01-19,Curaçao,AMRO,22,4520,0,19
2021-01-20,Curaçao,AMRO,3,4523,0,19
2021-01-21,Curaçao,AMRO,4,4527,1,20
2021-01-22,Curaçao,AMRO,8,4535,0,20
2021-01-23,Curaçao,AMRO,2,4537,0,20
2021-01-24,Curaçao,AMRO,0,4537,0,20
2021-01-25,Curaçao,AMRO,0,4537,0,20
2021-01-26,Curaçao,AMRO,11,4548,0,20
2021-01-27,Curaçao,AMRO,0,4548,0,20
2021-01-28,Curaçao,AMRO,10,4558,0,20
2021-01-29,Curaçao,AMRO,9,4567,0,20
2021-01-30,Curaçao,AMRO,7,4574,0,20
2021-01-31,Curaçao,AMRO,0,4574,0,20
2021-02-01,Curaçao,AMRO,0,4574,0,20
2021-02-02,Curaçao,AMRO,11,4585,1,21
2021-02-03,Curaçao,AMRO,0,4585,0,21
2021-02-04,Curaçao,AMRO,6,4591,0,21
2021-02-05,Curaçao,AMRO,4,4595,0,21
2021-02-06,Curaçao,AMRO,2,4597,0,21
2021-02-07,Curaçao,AMRO,0,4597,0,21
2021-02-08,Curaçao,AMRO,0,4597,0,21
2021-02-09,Curaçao,AMRO,16,4613,0,21
2021-02-10,Curaçao,AMRO,0,4613,0,21
2021-02-11,Curaçao,AMRO,7,4620,1,22
2021-02-12,Curaçao,AMRO,8,4628,0,22
2021-02-13,Curaçao,AMRO,5,4633,0,22
2021-02-14,Curaçao,AMRO,0,4633,0,22
2021-02-15,Curaçao,AMRO,0,4633,0,22
2021-02-16,Curaçao,AMRO,17,4650,0,22
2021-02-17,Curaçao,AMRO,2,4652,0,22
2021-02-18,Curaçao,AMRO,3,4655,0,22
2021-02-19,Curaçao,AMRO,3,4658,0,22
2021-02-20,Curaçao,AMRO,8,4666,0,22
2021-02-21,Curaçao,AMRO,0,4666,0,22
2021-02-22,Curaçao,AMRO,0,4666,0,22
2021-02-23,Curaçao,AMRO,21,4687,0,22
2021-02-24,Curaçao,AMRO,7,4694,0,22
2021-02-25,Curaçao,AMRO,2,4696,0,22
2021-02-26,Curaçao,AMRO,9,4705,0,22
2021-02-27,Curaçao,AMRO,3,4708,0,22
2021-02-28,Curaçao,AMRO,0,4708,0,22
2021-03-01,Curaçao,AMRO,0,4708,0,22
2021-03-02,Curaçao,AMRO,22,4730,0,22
2021-03-03,Curaçao,AMRO,1,4731,0,22
2021-03-04,Curaçao,AMRO,5,4736,0,22
2021-03-05,Curaçao,AMRO,4,4740,0,22
2021-03-06,Curaçao,AMRO,11,4751,0,22
2021-03-07,Curaçao,AMRO,0,4751,0,22
2021-03-08,Curaçao,AMRO,0,4751,0,22
2021-03-09,Curaçao,AMRO,56,4807,0,22
2021-03-10,Curaçao,AMRO,6,4813,0,22
2021-03-11,Curaçao,AMRO,17,4830,0,22
2021-03-12,Curaçao,AMRO,32,4862,0,22
2021-03-13,Curaçao,AMRO,53,4915,0,22
2021-03-14,Curaçao,AMRO,0,4915,0,22
2021-03-15,Curaçao,AMRO,0,4915,0,22
2021-03-16,Curaçao,AMRO,195,5110,0,22
2021-03-17,Curaçao,AMRO,28,5138,0,22
2021-03-18,Curaçao,AMRO,100,5238,0,22
2021-03-19,Curaçao,AMRO,142,5380,0,22
2021-03-20,Curaçao,AMRO,140,5520,1,23
2021-03-21,Curaçao,AMRO,0,5520,0,23
2021-03-22,Curaçao,AMRO,0,5520,0,23
2021-03-23,Curaçao,AMRO,477,5997,1,24
2021-03-24,Curaçao,AMRO,44,6041,0,24
2021-03-25,Curaçao,AMRO,133,6174,0,24
2021-03-26,Curaçao,AMRO,250,6424,3,27
2021-03-27,Curaçao,AMRO,224,6648,0,27
2021-03-28,Curaçao,AMRO,0,6648,0,27
2021-03-29,Curaçao,AMRO,0,6648,0,27
2021-03-30,Curaçao,AMRO,910,7558,3,30
2021-03-31,Curaçao,AMRO,182,7740,3,33
2021-04-01,Curaçao,AMRO,158,7898,0,33
2021-04-02,Curaçao,AMRO,506,8404,2,35
2021-04-03,Curaçao,AMRO,430,8834,3,38
2021-04-04,Curaçao,AMRO,0,8834,0,38
2021-04-05,Curaçao,AMRO,0,8834,0,38
2021-04-06,Curaçao,AMRO,0,8834,0,38
2021-04-07,Curaçao,AMRO,1232,10066,14,52
2021-04-08,Curaçao,AMRO,119,10185,4,56
2021-04-09,Curaçao,AMRO,207,10392,2,58
2021-04-10,Curaçao,AMRO,240,10632,2,60
2021-04-11,Curaçao,AMRO,0,10632,0,60
2021-04-12,Curaçao,AMRO,0,10632,0,60
2021-04-13,Curaçao,AMRO,723,11355,6,66
2021-04-14,Curaçao,AMRO,30,11385,2,68
2021-04-15,Curaçao,AMRO,45,11430,6,74
2021-04-16,Curaçao,AMRO,151,11581,4,78
2021-04-17,Curaçao,AMRO,93,11674,2,80
2021-04-18,Curaçao,AMRO,0,11674,0,80
2021-04-19,Curaçao,AMRO,0,11674,0,80
2021-04-20,Curaçao,AMRO,208,11882,9,89
2021-04-21,Curaçao,AMRO,21,11903,1,90
2021-04-22,Curaçao,AMRO,31,11934,4,94
2021-04-23,Curaçao,AMRO,49,11983,1,95
2021-04-24,Curaçao,AMRO,39,12022,4,99
2021-04-25,Curaçao,AMRO,0,12022,0,99
2021-04-26,Curaçao,AMRO,0,12022,0,99
2021-04-27,Curaçao,AMRO,97,12119,5,104
2021-04-28,Curaçao,AMRO,10,12129,1,105
2021-04-29,Curaçao,AMRO,17,12146,2,107
2021-04-30,Curaçao,AMRO,17,12163,1,108
2021-05-01,Curaçao,AMRO,18,12181,0,108
2021-05-02,Curaçao,AMRO,0,12181,0,108
2021-05-03,Curaçao,AMRO,0,12181,0,108
2021-05-04,Curaçao,AMRO,29,12210,3,111
2021-05-05,Curaçao,AMRO,3,12213,0,111
2021-05-06,Curaçao,AMRO,0,12213,0,111
2021-05-07,Curaçao,AMRO,5,12218,2,113
2021-05-08,Curaçao,AMRO,4,12222,0,113
2021-05-09,Curaçao,AMRO,0,12222,0,113
2021-05-10,Curaçao,AMRO,0,12222,0,113
2021-05-11,Curaçao,AMRO,13,12235,1,114
2021-05-12,Curaçao,AMRO,1,12236,2,116
2021-05-13,Curaçao,AMRO,0,12236,1,117
2021-05-14,Curaçao,AMRO,0,12236,0,117
2021-05-15,Curaçao,AMRO,8,12244,1,118
2021-05-16,Curaçao,AMRO,0,12244,0,118
2021-05-17,Curaçao,AMRO,0,12244,0,118
2021-05-18,Curaçao,AMRO,10,12254,2,120
2021-05-19,Curaçao,AMRO,2,12256,0,120
2021-05-20,Curaçao,AMRO,1,12257,0,120
2021-05-21,Curaçao,AMRO,5,12262,1,121
2021-05-22,Curaçao,AMRO,4,12266,1,122
2021-05-23,Curaçao,AMRO,0,12266,0,122
2021-05-24,Curaçao,AMRO,0,12266,0,122
2021-05-25,Curaçao,AMRO,5,12271,0,122
2021-05-26,Curaçao,AMRO,0,12271,0,122
2021-05-27,Curaçao,AMRO,0,12271,0,122
2021-05-28,Curaçao,AMRO,0,12271,0,122
2021-05-29,Curaçao,AMRO,0,12271,0,122
2021-05-30,Curaçao,AMRO,0,12271,0,122
2021-01-01,Cyprus,EURO,632,22651,6,125
2021-01-02,Cyprus,EURO,167,22818,2,127
2021-01-03,Cyprus,EURO,627,23445,2,129
2021-01-04,Cyprus,EURO,529,23974,2,131
2021-01-05,Cyprus,EURO,665,24639,2,133
2021-01-06,Cyprus,EURO,569,25208,1,134
2021-01-07,Cyprus,EURO,573,25781,4,138
2021-01-08,Cyprus,EURO,427,26208,2,140
2021-01-09,Cyprus,EURO,466,26674,1,141
2021-01-10,Cyprus,EURO,337,27011,6,147
2021-01-11,Cyprus,EURO,339,27350,1,148
2021-01-12,Cyprus,EURO,288,27638,5,153
2021-01-13,Cyprus,EURO,259,27897,4,157
2021-01-14,Cyprus,EURO,227,28124,6,163
2021-01-15,Cyprus,EURO,241,28365,3,166
2021-01-16,Cyprus,EURO,244,28609,0,166
2021-01-17,Cyprus,EURO,202,28811,1,167
2021-01-18,Cyprus,EURO,157,28968,3,170
2021-01-19,Cyprus,EURO,162,29130,5,175
2021-01-20,Cyprus,EURO,164,29294,1,176
2021-01-21,Cyprus,EURO,178,29472,0,176
2021-01-22,Cyprus,EURO,164,29636,2,178
2021-01-23,Cyprus,EURO,122,29758,1,179
2021-01-24,Cyprus,EURO,129,29887,4,183
2021-01-25,Cyprus,EURO,130,30017,3,186
2021-01-26,Cyprus,EURO,126,30143,2,188
2021-01-27,Cyprus,EURO,109,30252,2,190
2021-01-28,Cyprus,EURO,128,30380,3,193
2021-01-29,Cyprus,EURO,158,30538,4,197
2021-01-30,Cyprus,EURO,119,30657,0,197
2021-01-31,Cyprus,EURO,113,30770,0,197
2021-02-01,Cyprus,EURO,106,30876,2,199
2021-02-02,Cyprus,EURO,120,30996,3,202
2021-02-03,Cyprus,EURO,128,31124,0,202
2021-02-04,Cyprus,EURO,139,31263,1,203
2021-02-05,Cyprus,EURO,116,31379,5,208
2021-02-06,Cyprus,EURO,133,31512,2,210
2021-02-07,Cyprus,EURO,132,31644,1,211
2021-02-08,Cyprus,EURO,115,31759,1,212
2021-02-09,Cyprus,EURO,105,31864,2,214
2021-02-10,Cyprus,EURO,95,31959,0,214
2021-02-11,Cyprus,EURO,113,32072,3,217
2021-02-12,Cyprus,EURO,103,32175,1,218
2021-02-13,Cyprus,EURO,113,32288,1,219
2021-02-14,Cyprus,EURO,102,32390,1,220
2021-02-15,Cyprus,EURO,123,32513,1,221
2021-02-16,Cyprus,EURO,113,32626,1,222
2021-02-17,Cyprus,EURO,81,32707,3,225
2021-02-18,Cyprus,EURO,121,32828,2,227
2021-02-19,Cyprus,EURO,107,32935,1,228
2021-02-20,Cyprus,EURO,111,33046,1,229
2021-02-21,Cyprus,EURO,107,33153,0,229
2021-02-22,Cyprus,EURO,107,33260,0,229
2021-02-23,Cyprus,EURO,131,33391,1,230
2021-02-24,Cyprus,EURO,176,33567,0,230
2021-02-25,Cyprus,EURO,143,33710,1,231
2021-02-26,Cyprus,EURO,199,33909,0,231
2021-02-27,Cyprus,EURO,272,34181,0,231
2021-02-28,Cyprus,EURO,243,34424,0,231
2021-03-01,Cyprus,EURO,283,34707,0,231
2021-03-02,Cyprus,EURO,302,35009,0,231
2021-03-03,Cyprus,EURO,288,35297,1,232
2021-03-04,Cyprus,EURO,323,35620,0,232
2021-03-05,Cyprus,EURO,384,36004,0,232
2021-03-06,Cyprus,EURO,273,36277,0,232
2021-03-07,Cyprus,EURO,298,36575,0,232
2021-03-08,Cyprus,EURO,303,36878,1,233
2021-03-09,Cyprus,EURO,352,37230,0,233
2021-03-10,Cyprus,EURO,420,37650,0,233
2021-03-11,Cyprus,EURO,415,38065,2,235
2021-03-12,Cyprus,EURO,431,38496,1,236
2021-03-13,Cyprus,EURO,383,38879,2,238
2021-03-14,Cyprus,EURO,398,39277,0,238
2021-03-15,Cyprus,EURO,374,39651,2,240
2021-03-16,Cyprus,EURO,218,39869,0,240
2021-03-17,Cyprus,EURO,475,40344,1,241
2021-03-18,Cyprus,EURO,382,40726,0,241
2021-03-19,Cyprus,EURO,385,41111,0,241
2021-03-20,Cyprus,EURO,364,41475,0,241
2021-03-21,Cyprus,EURO,407,41882,1,242
2021-03-22,Cyprus,EURO,336,42218,1,243
2021-03-23,Cyprus,EURO,410,42628,2,245
2021-03-24,Cyprus,EURO,365,42993,1,246
2021-03-25,Cyprus,EURO,293,43286,2,248
2021-03-26,Cyprus,EURO,324,43610,0,248
2021-03-27,Cyprus,EURO,361,43971,0,248
2021-03-28,Cyprus,EURO,334,44305,2,250
2021-03-29,Cyprus,EURO,326,44631,2,252
2021-03-30,Cyprus,EURO,360,44991,2,254
2021-03-31,Cyprus,EURO,439,45430,2,256
2021-04-01,Cyprus,EURO,434,45864,0,256
2021-04-02,Cyprus,EURO,309,46173,4,260
2021-04-03,Cyprus,EURO,705,46878,1,261
2021-04-04,Cyprus,EURO,404,47282,0,261
2021-04-05,Cyprus,EURO,431,47713,0,261
2021-04-06,Cyprus,EURO,565,48278,1,262
2021-04-07,Cyprus,EURO,559,48837,2,264
2021-04-08,Cyprus,EURO,529,49366,2,266
2021-04-09,Cyprus,EURO,622,49988,2,268
2021-04-10,Cyprus,EURO,601,50589,0,268
2021-04-11,Cyprus,EURO,446,51035,4,272
2021-04-12,Cyprus,EURO,470,51505,0,272
2021-04-13,Cyprus,EURO,528,52033,1,273
2021-04-14,Cyprus,EURO,619,52652,1,274
2021-04-15,Cyprus,EURO,602,53254,3,277
2021-04-16,Cyprus,EURO,690,53944,6,283
2021-04-17,Cyprus,EURO,677,54621,1,284
2021-04-18,Cyprus,EURO,786,55407,4,288
2021-04-19,Cyprus,EURO,852,56259,3,291
2021-04-20,Cyprus,EURO,822,57081,3,294
2021-04-21,Cyprus,EURO,941,58022,1,295
2021-04-22,Cyprus,EURO,843,58865,0,295
2021-04-23,Cyprus,EURO,927,59792,1,296
2021-04-24,Cyprus,EURO,889,60681,1,297
2021-04-25,Cyprus,EURO,895,61576,1,298
2021-04-26,Cyprus,EURO,773,62349,0,298
2021-04-27,Cyprus,EURO,611,62960,3,301
2021-04-28,Cyprus,EURO,760,63720,2,303
2021-04-29,Cyprus,EURO,845,64565,3,306
2021-04-30,Cyprus,EURO,668,65233,2,308
2021-05-01,Cyprus,EURO,676,65909,4,312
2021-05-02,Cyprus,EURO,463,66372,1,313
2021-05-03,Cyprus,EURO,58,66430,1,314
2021-05-04,Cyprus,EURO,481,66911,7,321
2021-05-05,Cyprus,EURO,509,67420,5,326
2021-05-06,Cyprus,EURO,562,67982,1,327
2021-05-07,Cyprus,EURO,460,68442,1,328
2021-05-08,Cyprus,EURO,324,68766,4,332
2021-05-09,Cyprus,EURO,397,69163,2,334
2021-05-10,Cyprus,EURO,269,69432,2,336
2021-05-11,Cyprus,EURO,276,69708,1,337
2021-05-12,Cyprus,EURO,390,70098,2,339
2021-05-13,Cyprus,EURO,260,70358,2,341
2021-05-14,Cyprus,EURO,213,70571,1,342
2021-05-15,Cyprus,EURO,171,70742,4,346
2021-05-16,Cyprus,EURO,157,70899,0,346
2021-05-17,Cyprus,EURO,165,71064,0,346
2021-05-18,Cyprus,EURO,167,71231,1,347
2021-05-19,Cyprus,EURO,167,71398,1,348
2021-05-20,Cyprus,EURO,135,71533,0,348
2021-05-21,Cyprus,EURO,77,71610,2,350
2021-05-22,Cyprus,EURO,135,71745,2,352
2021-05-23,Cyprus,EURO,91,71836,1,353
2021-05-24,Cyprus,EURO,75,71911,1,354
2021-05-25,Cyprus,EURO,100,72011,2,356
2021-05-26,Cyprus,EURO,79,72090,1,357
2021-05-27,Cyprus,EURO,69,72159,0,357
2021-05-28,Cyprus,EURO,75,72234,0,357
2021-05-29,Cyprus,EURO,73,72307,3,360
2021-05-30,Cyprus,EURO,56,72363,0,360
2021-01-01,Czechia,EURO,13314,732303,129,11991
2021-01-02,Czechia,EURO,3446,735749,152,12143
2021-01-03,Czechia,EURO,4987,740736,152,12295
2021-01-04,Czechia,EURO,6269,747005,141,12436
2021-01-05,Czechia,EURO,12963,759968,152,12588
2021-01-06,Czechia,EURO,17409,777377,181,12769
2021-01-07,Czechia,EURO,17775,795152,161,12930
2021-01-08,Czechia,EURO,14885,810037,186,13116
2021-01-09,Czechia,EURO,13103,823140,197,13313
2021-01-10,Czechia,EURO,8444,831584,163,13476
2021-01-11,Czechia,EURO,4314,835898,184,13660
2021-01-12,Czechia,EURO,9386,845284,163,13823
2021-01-13,Czechia,EURO,10813,856097,177,14000
2021-01-14,Czechia,EURO,10927,867024,164,14164
2021-01-15,Czechia,EURO,8107,875131,179,14343
2021-01-16,Czechia,EURO,9304,884435,164,14507
2021-01-17,Czechia,EURO,5243,889678,156,14663
2021-01-18,Czechia,EURO,2644,892322,156,14819
2021-01-19,Czechia,EURO,7677,899999,160,14979
2021-01-20,Czechia,EURO,9616,909615,157,15136
2021-01-21,Czechia,EURO,8225,917840,147,15283
2021-01-22,Czechia,EURO,7539,925379,151,15434
2021-01-23,Czechia,EURO,8472,933851,136,15570
2021-01-24,Czechia,EURO,4241,938092,143,15713
2021-01-25,Czechia,EURO,2400,940492,144,15857
2021-01-26,Czechia,EURO,6978,947470,139,15996
2021-01-27,Czechia,EURO,9197,956667,143,16139
2021-01-28,Czechia,EURO,8506,965173,160,16299
2021-01-29,Czechia,EURO,8012,973185,135,16434
2021-01-30,Czechia,EURO,8057,981242,152,16586
2021-01-31,Czechia,EURO,4058,985300,125,16711
2021-02-01,Czechia,EURO,2576,987876,120,16831
2021-02-02,Czechia,EURO,7233,995109,133,16964
2021-02-03,Czechia,EURO,9155,1004264,135,17099
2021-02-04,Czechia,EURO,9668,1013932,137,17236
2021-02-05,Czechia,EURO,8111,1022043,128,17364
2021-02-06,Czechia,EURO,8631,1030674,127,17491
2021-02-07,Czechia,EURO,4823,1035497,128,17619
2021-02-08,Czechia,EURO,2452,1037949,131,17750
2021-02-09,Czechia,EURO,7781,1045730,138,17888
2021-02-10,Czechia,EURO,10285,1056015,133,18021
2021-02-11,Czechia,EURO,9550,1065565,133,18154
2021-02-12,Czechia,EURO,9023,1074588,129,18283
2021-02-13,Czechia,EURO,8832,1083420,144,18427
2021-02-14,Czechia,EURO,5144,1088564,116,18543
2021-02-15,Czechia,EURO,2881,1091445,149,18692
2021-02-16,Czechia,EURO,8908,1100353,130,18822
2021-02-17,Czechia,EURO,12613,1112966,149,18971
2021-02-18,Czechia,EURO,10948,1123914,132,19103
2021-02-19,Czechia,EURO,11708,1135622,173,19276
2021-02-20,Czechia,EURO,11292,1146914,182,19458
2021-02-21,Czechia,EURO,6777,1153691,176,19634
2021-02-22,Czechia,EURO,4071,1157762,148,19782
2021-02-23,Czechia,EURO,11424,1169186,166,19948
2021-02-24,Czechia,EURO,15851,1185037,148,20096
2021-02-25,Czechia,EURO,13809,1198846,143,20239
2021-02-26,Czechia,EURO,14599,1213445,182,20421
2021-02-27,Czechia,EURO,14796,1228241,192,20613
2021-02-28,Czechia,EURO,7863,1236104,193,20806
2021-03-01,Czechia,EURO,4594,1240698,183,20989
2021-03-02,Czechia,EURO,12343,1253041,204,21193
2021-03-03,Czechia,EURO,16801,1269842,191,21384
2021-03-04,Czechia,EURO,15248,1285090,201,21585
2021-03-05,Czechia,EURO,14654,1299744,217,21802
2021-03-06,Czechia,EURO,13171,1312915,184,21986
2021-03-07,Czechia,EURO,9131,1322046,208,22194
2021-03-08,Czechia,EURO,3984,1326030,202,22396
2021-03-09,Czechia,EURO,10663,1336693,236,22632
2021-03-10,Czechia,EURO,15363,1352056,229,22861
2021-03-11,Czechia,EURO,14546,1366602,228,23089
2021-03-12,Czechia,EURO,11248,1377850,229,23318
2021-03-13,Czechia,EURO,14977,1392827,211,23529
2021-03-14,Czechia,EURO,7031,1399858,178,23707
2021-03-15,Czechia,EURO,3335,1403193,229,23936
2021-03-16,Czechia,EURO,10635,1413828,237,24173
2021-03-17,Czechia,EURO,14031,1427859,218,24391
2021-03-18,Czechia,EURO,12032,1439891,198,24589
2021-03-19,Czechia,EURO,10668,1450559,213,24802
2021-03-20,Czechia,EURO,9718,1460277,173,24975
2021-03-21,Czechia,EURO,5488,1465765,184,25159
2021-03-22,Czechia,EURO,2391,1468156,191,25350
2021-03-23,Czechia,EURO,8245,1476401,210,25560
2021-03-24,Czechia,EURO,10971,1487372,193,25753
2021-03-25,Czechia,EURO,8854,1496226,183,25936
2021-03-26,Czechia,EURO,7932,1504158,160,26096
2021-03-27,Czechia,EURO,7718,1511876,155,26251
2021-03-28,Czechia,EURO,3972,1515848,181,26432
2021-03-29,Czechia,EURO,1744,1517592,117,26549
2021-03-30,Czechia,EURO,6938,1524530,180,26729
2021-03-31,Czechia,EURO,8640,1533170,170,26899
2021-04-01,Czechia,EURO,7270,1540440,153,27052
2021-04-02,Czechia,EURO,6249,1546689,152,27204
2021-04-03,Czechia,EURO,3836,1550525,104,27308
2021-04-04,Czechia,EURO,2160,1552685,125,27433
2021-04-05,Czechia,EURO,1928,1554613,146,27579
2021-04-06,Czechia,EURO,1419,1556032,124,27703
2021-04-07,Czechia,EURO,5587,1561619,114,27817
2021-04-08,Czechia,EURO,7055,1568674,121,27938
2021-04-09,Czechia,EURO,5284,1573958,121,28059
2021-04-10,Czechia,EURO,4825,1578783,106,28165
2021-04-11,Czechia,EURO,2207,1580990,109,28274
2021-04-12,Czechia,EURO,985,1581975,93,28367
2021-04-13,Czechia,EURO,3867,1585842,84,28451
2021-04-14,Czechia,EURO,5068,1590910,91,28542
2021-04-15,Czechia,EURO,3719,1594629,90,28632
2021-04-16,Czechia,EURO,3264,1597893,86,28718
2021-04-17,Czechia,EURO,3218,1601111,65,28783
2021-04-18,Czechia,EURO,1541,1602652,73,28856
2021-04-19,Czechia,EURO,834,1603486,78,28934
2021-04-20,Czechia,EURO,3342,1606828,72,29006
2021-04-21,Czechia,EURO,3817,1610645,63,29069
2021-04-22,Czechia,EURO,2951,1613596,64,29133
2021-04-23,Czechia,EURO,2629,1616225,56,29189
2021-04-24,Czechia,EURO,2602,1618827,53,29242
2021-04-25,Czechia,EURO,1309,1620136,56,29298
2021-04-26,Czechia,EURO,825,1620961,53,29351
2021-04-27,Czechia,EURO,2582,1623543,58,29409
2021-04-28,Czechia,EURO,3241,1626784,50,29459
2021-04-29,Czechia,EURO,2488,1629272,67,29526
2021-04-30,Czechia,EURO,2230,1631502,42,29568
2021-05-01,Czechia,EURO,2167,1633669,49,29617
2021-05-02,Czechia,EURO,1171,1634840,33,29650
2021-05-03,Czechia,EURO,509,1635349,34,29684
2021-05-04,Czechia,EURO,2220,1637569,37,29721
2021-05-05,Czechia,EURO,2416,1639985,44,29765
2021-05-06,Czechia,EURO,1873,1641858,37,29802
2021-05-07,Czechia,EURO,1572,1643430,43,29845
2021-05-08,Czechia,EURO,1638,1645068,28,29873
2021-05-09,Czechia,EURO,727,1645795,31,29904
2021-05-10,Czechia,EURO,384,1646179,34,29938
2021-05-11,Czechia,EURO,1545,1647724,32,29970
2021-05-12,Czechia,EURO,1691,1649415,33,30003
2021-05-13,Czechia,EURO,1264,1650679,33,30036
2021-05-14,Czechia,EURO,1223,1651902,21,30057
2021-05-15,Czechia,EURO,1051,1652953,18,30075
2021-05-16,Czechia,EURO,597,1653550,16,30091
2021-05-17,Czechia,EURO,257,1653807,13,30104
2021-05-18,Czechia,EURO,1130,1654937,22,30126
2021-05-19,Czechia,EURO,1200,1656137,14,30140
2021-05-20,Czechia,EURO,778,1656915,16,30156
2021-05-21,Czechia,EURO,677,1657592,17,30173
2021-05-22,Czechia,EURO,671,1658263,12,30185
2021-05-23,Czechia,EURO,336,1658599,11,30196
2021-05-24,Czechia,EURO,197,1658796,12,30208
2021-05-25,Czechia,EURO,697,1659493,7,30215
2021-05-26,Czechia,EURO,661,1660154,8,30223
2021-05-27,Czechia,EURO,538,1660692,10,30233
2021-05-28,Czechia,EURO,506,1661198,15,30248
2021-05-29,Czechia,EURO,454,1661652,7,30255
2021-05-30,Czechia,EURO,222,1661874,6,30261
2021-01-01,Democratic People's Republic of Korea,SEARO,0,0,0,0
2021-01-02,Democratic People's Republic of Korea,SEARO,0,0,0,0
2021-01-03,Democratic People's Republic of Korea,SEARO,0,0,0,0
2021-01-04,Democratic People's Republic of Korea,SEARO,0,0,0,0
2021-01-05,Democratic People's Republic of Korea,SEARO,0,0,0,0
2021-01-06,Democratic People's Republic of Korea,SEARO,0,0,0,0
2021-01-07,Democratic People's Republic of Korea,SEARO,0,0,0,0
2021-01-08,Democratic People's Republic of Korea,SEARO,0,0,0,0
2021-01-09,Democratic People's Republic of Korea,SEARO,0,0,0,0
2021-01-10,Democratic People's Republic of Korea,SEARO,0,0,0,0
2021-01-11,Democratic People's Republic of Korea,SEARO,0,0,0,0
2021-01-12,Democratic People's Republic of Korea,SEARO,0,0,0,0
2021-01-13,Democratic People's Republic of Korea,SEARO,0,0,0,0
2021-01-14,Democratic People's Republic of Korea,SEARO,0,0,0,0
2021-01-15,Democratic People's Republic of Korea,SEARO,0,0,0,0
2021-01-16,Democratic People's Republic of Korea,SEARO,0,0,0,0
2021-01-17,Democratic People's Republic of Korea,SEARO,0,0,0,0
2021-01-18,Democratic People's Republic of Korea,SEARO,0,0,0,0
2021-01-19,Democratic People's Republic of Korea,SEARO,0,0,0,0
2021-01-20,Democratic People's Republic of Korea,SEARO,0,0,0,0
2021-01-21,Democratic People's Republic of Korea,SEARO,0,0,0,0
2021-01-22,Democratic People's Republic of Korea,SEARO,0,0,0,0
2021-01-23,Democratic People's Republic of Korea,SEARO,0,0,0,0
2021-01-24,Democratic People's Republic of Korea,SEARO,0,0,0,0
2021-01-25,Democratic People's Republic of Korea,SEARO,0,0,0,0
2021-01-26,Democratic People's Republic of Korea,SEARO,0,0,0,0
2021-01-27,Democratic People's Republic of Korea,SEARO,0,0,0,0
2021-01-28,Democratic People's Republic of Korea,SEARO,0,0,0,0
2021-01-29,Democratic People's Republic of Korea,SEARO,0,0,0,0
2021-01-30,Democratic People's Republic of Korea,SEARO,0,0,0,0
2021-01-31,Democratic People's Republic of Korea,SEARO,0,0,0,0
2021-02-01,Democratic People's Republic of Korea,SEARO,0,0,0,0
2021-02-02,Democratic People's Republic of Korea,SEARO,0,0,0,0
2021-02-03,Democratic People's Republic of Korea,SEARO,0,0,0,0
2021-02-04,Democratic People's Republic of Korea,SEARO,0,0,0,0
2021-02-05,Democratic People's Republic of Korea,SEARO,0,0,0,0
2021-02-06,Democratic People's Republic of Korea,SEARO,0,0,0,0
2021-02-07,Democratic People's Republic of Korea,SEARO,0,0,0,0
2021-02-08,Democratic People's Republic of Korea,SEARO,0,0,0,0
2021-02-09,Democratic People's Republic of Korea,SEARO,0,0,0,0
2021-02-10,Democratic People's Republic of Korea,SEARO,0,0,0,0
2021-02-11,Democratic People's Republic of Korea,SEARO,0,0,0,0
2021-02-12,Democratic People's Republic of Korea,SEARO,0,0,0,0
2021-02-13,Democratic People's Republic of Korea,SEARO,0,0,0,0
2021-02-14,Democratic People's Republic of Korea,SEARO,0,0,0,0
2021-02-15,Democratic People's Republic of Korea,SEARO,0,0,0,0
2021-02-16,Democratic People's Republic of Korea,SEARO,0,0,0,0
2021-02-17,Democratic People's Republic of Korea,SEARO,0,0,0,0
2021-02-18,Democratic People's Republic of Korea,SEARO,0,0,0,0
2021-02-19,Democratic People's Republic of Korea,SEARO,0,0,0,0
2021-02-20,Democratic People's Republic of Korea,SEARO,0,0,0,0
2021-02-21,Democratic People's Republic of Korea,SEARO,0,0,0,0
2021-02-22,Democratic People's Republic of Korea,SEARO,0,0,0,0
2021-02-23,Democratic People's Republic of Korea,SEARO,0,0,0,0
2021-02-24,Democratic People's Republic of Korea,SEARO,0,0,0,0
2021-02-25,Democratic People's Republic of Korea,SEARO,0,0,0,0
2021-02-26,Democratic People's Republic of Korea,SEARO,0,0,0,0
2021-02-27,Democratic People's Republic of Korea,SEARO,0,0,0,0
2021-02-28,Democratic People's Republic of Korea,SEARO,0,0,0,0
2021-03-01,Democratic People's Republic of Korea,SEARO,0,0,0,0
2021-03-02,Democratic People's Republic of Korea,SEARO,0,0,0,0
2021-03-03,Democratic People's Republic of Korea,SEARO,0,0,0,0
2021-03-04,Democratic People's Republic of Korea,SEARO,0,0,0,0
2021-03-05,Democratic People's Republic of Korea,SEARO,0,0,0,0
2021-03-06,Democratic People's Republic of Korea,SEARO,0,0,0,0
2021-03-07,Democratic People's Republic of Korea,SEARO,0,0,0,0
2021-03-08,Democratic People's Republic of Korea,SEARO,0,0,0,0
2021-03-09,Democratic People's Republic of Korea,SEARO,0,0,0,0
2021-03-10,Democratic People's Republic of Korea,SEARO,0,0,0,0
2021-03-11,Democratic People's Republic of Korea,SEARO,0,0,0,0
2021-03-12,Democratic People's Republic of Korea,SEARO,0,0,0,0
2021-03-13,Democratic People's Republic of Korea,SEARO,0,0,0,0
2021-03-14,Democratic People's Republic of Korea,SEARO,0,0,0,0
2021-03-15,Democratic People's Republic of Korea,SEARO,0,0,0,0
2021-03-16,Democratic People's Republic of Korea,SEARO,0,0,0,0
2021-03-17,Democratic People's Republic of Korea,SEARO,0,0,0,0
2021-03-18,Democratic People's Republic of Korea,SEARO,0,0,0,0
2021-03-19,Democratic People's Republic of Korea,SEARO,0,0,0,0
2021-03-20,Democratic People's Republic of Korea,SEARO,0,0,0,0
2021-03-21,Democratic People's Republic of Korea,SEARO,0,0,0,0
2021-03-22,Democratic People's Republic of Korea,SEARO,0,0,0,0
2021-03-23,Democratic People's Republic of Korea,SEARO,0,0,0,0
2021-03-24,Democratic People's Republic of Korea,SEARO,0,0,0,0
2021-03-25,Democratic People's Republic of Korea,SEARO,0,0,0,0
2021-03-26,Democratic People's Republic of Korea,SEARO,0,0,0,0
2021-03-27,Democratic People's Republic of Korea,SEARO,0,0,0,0
2021-03-28,Democratic People's Republic of Korea,SEARO,0,0,0,0
2021-03-29,Democratic People's Republic of Korea,SEARO,0,0,0,0
2021-03-30,Democratic People's Republic of Korea,SEARO,0,0,0,0
2021-03-31,Democratic People's Republic of Korea,SEARO,0,0,0,0
2021-04-01,Democratic People's Republic of Korea,SEARO,0,0,0,0
2021-04-02,Democratic People's Republic of Korea,SEARO,0,0,0,0
2021-04-03,Democratic People's Republic of Korea,SEARO,0,0,0,0
2021-04-04,Democratic People's Republic of Korea,SEARO,0,0,0,0
2021-04-05,Democratic People's Republic of Korea,SEARO,0,0,0,0
2021-04-06,Democratic People's Republic of Korea,SEARO,0,0,0,0
2021-04-07,Democratic People's Republic of Korea,SEARO,0,0,0,0
2021-04-08,Democratic People's Republic of Korea,SEARO,0,0,0,0
2021-04-09,Democratic People's Republic of Korea,SEARO,0,0,0,0
2021-04-10,Democratic People's Republic of Korea,SEARO,0,0,0,0
2021-04-11,Democratic People's Republic of Korea,SEARO,0,0,0,0
2021-04-12,Democratic People's Republic of Korea,SEARO,0,0,0,0
2021-04-13,Democratic People's Republic of Korea,SEARO,0,0,0,0
2021-04-14,Democratic People's Republic of Korea,SEARO,0,0,0,0
2021-04-15,Democratic People's Republic of Korea,SEARO,0,0,0,0
2021-04-16,Democratic People's Republic of Korea,SEARO,0,0,0,0
2021-04-17,Democratic People's Republic of Korea,SEARO,0,0,0,0
2021-04-18,Democratic People's Republic of Korea,SEARO,0,0,0,0
2021-04-19,Democratic People's Republic of Korea,SEARO,0,0,0,0
2021-04-20,Democratic People's Republic of Korea,SEARO,0,0,0,0
2021-04-21,Democratic People's Republic of Korea,SEARO,0,0,0,0
2021-04-22,Democratic People's Republic of Korea,SEARO,0,0,0,0
2021-04-23,Democratic People's Republic of Korea,SEARO,0,0,0,0
2021-04-24,Democratic People's Republic of Korea,SEARO,0,0,0,0
2021-04-25,Democratic People's Republic of Korea,SEARO,0,0,0,0
2021-04-26,Democratic People's Republic of Korea,SEARO,0,0,0,0
2021-04-27,Democratic People's Republic of Korea,SEARO,0,0,0,0
2021-04-28,Democratic People's Republic of Korea,SEARO,0,0,0,0
2021-04-29,Democratic People's Republic of Korea,SEARO,0,0,0,0
2021-04-30,Democratic People's Republic of Korea,SEARO,0,0,0,0
2021-05-01,Democratic People's Republic of Korea,SEARO,0,0,0,0
2021-05-02,Democratic People's Republic of Korea,SEARO,0,0,0,0
2021-05-03,Democratic People's Republic of Korea,SEARO,0,0,0,0
2021-05-04,Democratic People's Republic of Korea,SEARO,0,0,0,0
2021-05-05,Democratic People's Republic of Korea,SEARO,0,0,0,0
2021-05-06,Democratic People's Republic of Korea,SEARO,0,0,0,0
2021-05-07,Democratic People's Republic of Korea,SEARO,0,0,0,0
2021-05-08,Democratic People's Republic of Korea,SEARO,0,0,0,0
2021-05-09,Democratic People's Republic of Korea,SEARO,0,0,0,0
2021-05-10,Democratic People's Republic of Korea,SEARO,0,0,0,0
2021-05-11,Democratic People's Republic of Korea,SEARO,0,0,0,0
2021-05-12,Democratic People's Republic of Korea,SEARO,0,0,0,0
2021-05-13,Democratic People's Republic of Korea,SEARO,0,0,0,0
2021-05-14,Democratic People's Republic of Korea,SEARO,0,0,0,0
2021-05-15,Democratic People's Republic of Korea,SEARO,0,0,0,0
2021-05-16,Democratic People's Republic of Korea,SEARO,0,0,0,0
2021-05-17,Democratic People's Republic of Korea,SEARO,0,0,0,0
2021-05-18,Democratic People's Republic of Korea,SEARO,0,0,0,0
2021-05-19,Democratic People's Republic of Korea,SEARO,0,0,0,0
2021-05-20,Democratic People's Republic of Korea,SEARO,0,0,0,0
2021-05-21,Democratic People's Republic of Korea,SEARO,0,0,0,0
2021-05-22,Democratic People's Republic of Korea,SEARO,0,0,0,0
2021-05-23,Democratic People's Republic of Korea,SEARO,0,0,0,0
2021-05-24,Democratic People's Republic of Korea,SEARO,0,0,0,0
2021-05-25,Democratic People's Republic of Korea,SEARO,0,0,0,0
2021-05-26,Democratic People's Republic of Korea,SEARO,0,0,0,0
2021-05-27,Democratic People's Republic of Korea,SEARO,0,0,0,0
2021-05-28,Democratic People's Republic of Korea,SEARO,0,0,0,0
2021-05-29,Democratic People's Republic of Korea,SEARO,0,0,0,0
2021-05-30,Democratic People's Republic of Korea,SEARO,0,0,0,0
2021-01-01,Democratic Republic of the Congo,AFRO,194,17374,7,591
2021-01-02,Democratic Republic of the Congo,AFRO,0,17374,0,591
2021-01-03,Democratic Republic of the Congo,AFRO,474,17848,0,591
2021-01-04,Democratic Republic of the Congo,AFRO,149,17997,5,596
2021-01-05,Democratic Republic of the Congo,AFRO,0,17997,0,596
2021-01-06,Democratic Republic of the Congo,AFRO,155,18152,5,601
2021-01-07,Democratic Republic of the Congo,AFRO,0,18152,0,601
2021-01-08,Democratic Republic of the Congo,AFRO,333,18485,9,610
2021-01-09,Democratic Republic of the Congo,AFRO,251,18736,0,610
2021-01-10,Democratic Republic of the Congo,AFRO,231,18967,0,610
2021-01-11,Democratic Republic of the Congo,AFRO,190,19157,0,610
2021-01-12,Democratic Republic of the Congo,AFRO,277,19434,0,610
2021-01-13,Democratic Republic of the Congo,AFRO,0,19434,0,610
2021-01-14,Democratic Republic of the Congo,AFRO,61,19495,0,610
2021-01-15,Democratic Republic of the Congo,AFRO,211,19706,15,625
2021-01-16,Democratic Republic of the Congo,AFRO,919,20625,2,627
2021-01-17,Democratic Republic of the Congo,AFRO,0,20625,2,629
2021-01-18,Democratic Republic of the Congo,AFRO,67,20692,1,630
2021-01-19,Democratic Republic of the Congo,AFRO,215,20907,0,630
2021-01-20,Democratic Republic of the Congo,AFRO,232,21139,10,640
2021-01-21,Democratic Republic of the Congo,AFRO,162,21301,0,640
2021-01-22,Democratic Republic of the Congo,AFRO,96,21397,3,643
2021-01-23,Democratic Republic of the Congo,AFRO,198,21595,3,646
2021-01-24,Democratic Republic of the Congo,AFRO,273,21868,14,660
2021-01-25,Democratic Republic of the Congo,AFRO,0,21868,0,660
2021-01-26,Democratic Republic of the Congo,AFRO,179,22047,1,661
2021-01-27,Democratic Republic of the Congo,AFRO,0,22047,0,661
2021-01-28,Democratic Republic of the Congo,AFRO,130,22177,0,661
2021-01-29,Democratic Republic of the Congo,AFRO,144,22321,4,665
2021-01-30,Democratic Republic of the Congo,AFRO,133,22454,0,665
2021-01-31,Democratic Republic of the Congo,AFRO,149,22603,6,671
2021-02-01,Democratic Republic of the Congo,AFRO,167,22770,0,671
2021-02-02,Democratic Republic of the Congo,AFRO,71,22841,2,673
2021-02-03,Democratic Republic of the Congo,AFRO,201,23042,1,674
2021-02-04,Democratic Republic of the Congo,AFRO,139,23181,0,674
2021-02-05,Democratic Republic of the Congo,AFRO,30,23211,3,677
2021-02-06,Democratic Republic of the Congo,AFRO,159,23370,0,677
2021-02-07,Democratic Republic of the Congo,AFRO,114,23484,2,679
2021-02-08,Democratic Republic of the Congo,AFRO,114,23598,2,681
2021-02-09,Democratic Republic of the Congo,AFRO,72,23670,0,681
2021-02-10,Democratic Republic of the Congo,AFRO,100,23770,2,683
2021-02-11,Democratic Republic of the Congo,AFRO,119,23889,2,685
2021-02-12,Democratic Republic of the Congo,AFRO,136,24025,0,685
2021-02-13,Democratic Republic of the Congo,AFRO,126,24151,5,690
2021-02-14,Democratic Republic of the Congo,AFRO,88,24239,2,692
2021-02-15,Democratic Republic of the Congo,AFRO,55,24294,0,692
2021-02-16,Democratic Republic of the Congo,AFRO,91,24385,0,692
2021-02-17,Democratic Republic of the Congo,AFRO,37,24422,2,694
2021-02-18,Democratic Republic of the Congo,AFRO,179,24601,0,694
2021-02-19,Democratic Republic of the Congo,AFRO,192,24793,0,694
2021-02-20,Democratic Republic of the Congo,AFRO,170,24963,0,694
2021-02-21,Democratic Republic of the Congo,AFRO,116,25079,6,700
2021-02-22,Democratic Republic of the Congo,AFRO,0,25079,0,700
2021-02-23,Democratic Republic of the Congo,AFRO,0,25079,0,700
2021-02-24,Democratic Republic of the Congo,AFRO,65,25144,0,700
2021-02-25,Democratic Republic of the Congo,AFRO,0,25144,0,700
2021-02-26,Democratic Republic of the Congo,AFRO,0,25144,0,700
2021-02-27,Democratic Republic of the Congo,AFRO,0,25144,0,700
2021-02-28,Democratic Republic of the Congo,AFRO,647,25791,7,707
2021-03-01,Democratic Republic of the Congo,AFRO,121,25912,0,707
2021-03-02,Democratic Republic of the Congo,AFRO,49,25961,0,707
2021-03-03,Democratic Republic of the Congo,AFRO,0,25961,0,707
2021-03-04,Democratic Republic of the Congo,AFRO,285,26246,4,711
2021-03-05,Democratic Republic of the Congo,AFRO,0,26246,0,711
2021-03-06,Democratic Republic of the Congo,AFRO,93,26339,0,711
2021-03-07,Democratic Republic of the Congo,AFRO,129,26468,1,712
2021-03-08,Democratic Republic of the Congo,AFRO,72,26540,0,712
2021-03-09,Democratic Republic of the Congo,AFRO,86,26626,0,712
2021-03-10,Democratic Republic of the Congo,AFRO,0,26626,0,712
2021-03-11,Democratic Republic of the Congo,AFRO,111,26737,0,712
2021-03-12,Democratic Republic of the Congo,AFRO,0,26737,0,712
2021-03-13,Democratic Republic of the Congo,AFRO,108,26845,0,712
2021-03-14,Democratic Republic of the Congo,AFRO,92,26937,5,717
2021-03-15,Democratic Republic of the Congo,AFRO,76,27013,0,717
2021-03-16,Democratic Republic of the Congo,AFRO,63,27076,0,717
2021-03-17,Democratic Republic of the Congo,AFRO,23,27099,5,722
2021-03-18,Democratic Republic of the Congo,AFRO,152,27251,0,722
2021-03-19,Democratic Republic of the Congo,AFRO,38,27289,4,726
2021-03-20,Democratic Republic of the Congo,AFRO,66,27355,0,726
2021-03-21,Democratic Republic of the Congo,AFRO,112,27467,0,726
2021-03-22,Democratic Republic of the Congo,AFRO,85,27552,0,726
2021-03-23,Democratic Republic of the Congo,AFRO,19,27571,0,726
2021-03-24,Democratic Republic of the Congo,AFRO,8,27579,0,726
2021-03-25,Democratic Republic of the Congo,AFRO,80,27659,0,726
2021-03-26,Democratic Republic of the Congo,AFRO,69,27728,0,726
2021-03-27,Democratic Republic of the Congo,AFRO,65,27793,0,726
2021-03-28,Democratic Republic of the Congo,AFRO,93,27886,8,734
2021-03-29,Democratic Republic of the Congo,AFRO,43,27929,5,739
2021-03-30,Democratic Republic of the Congo,AFRO,82,28011,0,739
2021-03-31,Democratic Republic of the Congo,AFRO,130,28141,4,743
2021-04-01,Democratic Republic of the Congo,AFRO,0,28141,0,743
2021-04-02,Democratic Republic of the Congo,AFRO,57,28198,2,745
2021-04-03,Democratic Republic of the Congo,AFRO,19,28217,0,745
2021-04-04,Democratic Republic of the Congo,AFRO,75,28292,0,745
2021-04-05,Democratic Republic of the Congo,AFRO,33,28325,0,745
2021-04-06,Democratic Republic of the Congo,AFRO,30,28355,0,745
2021-04-07,Democratic Republic of the Congo,AFRO,22,28377,0,745
2021-04-08,Democratic Republic of the Congo,AFRO,33,28410,0,745
2021-04-09,Democratic Republic of the Congo,AFRO,64,28474,0,745
2021-04-10,Democratic Republic of the Congo,AFRO,37,28511,0,745
2021-04-11,Democratic Republic of the Congo,AFRO,31,28542,0,745
2021-04-12,Democratic Republic of the Congo,AFRO,0,28542,0,745
2021-04-13,Democratic Republic of the Congo,AFRO,0,28542,0,745
2021-04-14,Democratic Republic of the Congo,AFRO,123,28665,0,745
2021-04-15,Democratic Republic of the Congo,AFRO,49,28714,0,745
2021-04-16,Democratic Republic of the Congo,AFRO,55,28769,0,745
2021-04-17,Democratic Republic of the Congo,AFRO,90,28859,0,745
2021-04-18,Democratic Republic of the Congo,AFRO,35,28894,0,745
2021-04-19,Democratic Republic of the Congo,AFRO,62,28956,0,745
2021-04-20,Democratic Republic of the Congo,AFRO,0,28956,0,745
2021-04-21,Democratic Republic of the Congo,AFRO,128,29084,3,748
2021-04-22,Democratic Republic of the Congo,AFRO,149,29233,0,748
2021-04-23,Democratic Republic of the Congo,AFRO,117,29350,4,752
2021-04-24,Democratic Republic of the Congo,AFRO,55,29405,0,752
2021-04-25,Democratic Republic of the Congo,AFRO,93,29498,4,756
2021-04-26,Democratic Republic of the Congo,AFRO,78,29576,0,756
2021-04-27,Democratic Republic of the Congo,AFRO,35,29611,0,756
2021-04-28,Democratic Republic of the Congo,AFRO,90,29701,4,760
2021-04-29,Democratic Republic of the Congo,AFRO,67,29768,3,763
2021-04-30,Democratic Republic of the Congo,AFRO,44,29812,0,763
2021-05-01,Democratic Republic of the Congo,AFRO,41,29853,3,766
2021-05-02,Democratic Republic of the Congo,AFRO,51,29904,2,768
2021-05-03,Democratic Republic of the Congo,AFRO,61,29965,0,768
2021-05-04,Democratic Republic of the Congo,AFRO,40,30005,0,768
2021-05-05,Democratic Republic of the Congo,AFRO,66,30071,2,770
2021-05-06,Democratic Republic of the Congo,AFRO,59,30130,0,770
2021-05-07,Democratic Republic of the Congo,AFRO,71,30201,0,770
2021-05-08,Democratic Republic of the Congo,AFRO,39,30240,2,772
2021-05-09,Democratic Republic of the Congo,AFRO,45,30285,0,772
2021-05-10,Democratic Republic of the Congo,AFRO,38,30323,0,772
2021-05-11,Democratic Republic of the Congo,AFRO,27,30350,0,772
2021-05-12,Democratic Republic of the Congo,AFRO,39,30389,3,775
2021-05-13,Democratic Republic of the Congo,AFRO,40,30429,0,775
2021-05-14,Democratic Republic of the Congo,AFRO,49,30478,0,775
2021-05-15,Democratic Republic of the Congo,AFRO,33,30511,0,775
2021-05-16,Democratic Republic of the Congo,AFRO,35,30546,1,776
2021-05-17,Democratic Republic of the Congo,AFRO,16,30562,0,776
2021-05-18,Democratic Republic of the Congo,AFRO,47,30609,0,776
2021-05-19,Democratic Republic of the Congo,AFRO,11,30620,0,776
2021-05-20,Democratic Republic of the Congo,AFRO,88,30708,0,776
2021-05-21,Democratic Republic of the Congo,AFRO,49,30757,3,779
2021-05-22,Democratic Republic of the Congo,AFRO,68,30825,0,779
2021-05-23,Democratic Republic of the Congo,AFRO,38,30863,0,779
2021-05-24,Democratic Republic of the Congo,AFRO,0,30863,0,779
2021-05-25,Democratic Republic of the Congo,AFRO,0,30863,0,779
2021-05-26,Democratic Republic of the Congo,AFRO,309,31172,1,780
2021-05-27,Democratic Republic of the Congo,AFRO,76,31248,0,780
2021-05-28,Democratic Republic of the Congo,AFRO,31,31279,1,781
2021-05-29,Democratic Republic of the Congo,AFRO,107,31386,1,782
2021-05-30,Democratic Republic of the Congo,AFRO,30,31416,0,782
2021-01-01,Denmark,EURO,1222,165633,42,1298
2021-01-02,Denmark,EURO,1183,166816,24,1322
2021-01-03,Denmark,EURO,2028,168844,23,1345
2021-01-04,Denmark,EURO,1654,170498,29,1374
2021-01-05,Denmark,EURO,2460,172958,15,1389
2021-01-06,Denmark,EURO,1913,174871,31,1420
2021-01-07,Denmark,EURO,1646,176517,30,1450
2021-01-08,Denmark,EURO,1576,178093,37,1487
2021-01-09,Denmark,EURO,1423,179516,30,1517
2021-01-10,Denmark,EURO,1190,180706,25,1542
2021-01-11,Denmark,EURO,987,181693,28,1570
2021-01-12,Denmark,EURO,1337,183030,27,1597
2021-01-13,Denmark,EURO,1247,184277,26,1623
2021-01-14,Denmark,EURO,1103,185380,37,1660
2021-01-15,Denmark,EURO,998,186378,43,1703
2021-01-16,Denmark,EURO,846,187224,17,1720
2021-01-17,Denmark,EURO,718,187942,27,1747
2021-01-18,Denmark,EURO,668,188610,28,1775
2021-01-19,Denmark,EURO,913,189523,30,1805
2021-01-20,Denmark,EURO,908,190431,32,1837
2021-01-21,Denmark,EURO,771,191202,35,1872
2021-01-22,Denmark,EURO,857,192059,37,1909
2021-01-23,Denmark,EURO,709,192768,32,1941
2021-01-24,Denmark,EURO,600,193368,28,1969
2021-01-25,Denmark,EURO,507,193875,14,1983
2021-01-26,Denmark,EURO,715,194590,27,2010
2021-01-27,Denmark,EURO,676,195266,20,2030
2021-01-28,Denmark,EURO,545,195811,20,2050
2021-01-29,Denmark,EURO,501,196312,21,2071
2021-01-30,Denmark,EURO,399,196711,13,2084
2021-01-31,Denmark,EURO,353,197064,22,2106
2021-02-01,Denmark,EURO,378,197442,19,2125
2021-02-02,Denmark,EURO,495,197937,20,2145
2021-02-03,Denmark,EURO,482,198419,15,2160
2021-02-04,Denmark,EURO,425,198844,10,2170
2021-02-05,Denmark,EURO,439,199283,14,2184
2021-02-06,Denmark,EURO,403,199686,17,2201
2021-02-07,Denmark,EURO,425,200111,14,2215
2021-02-08,Denmark,EURO,384,200495,1,2216
2021-02-09,Denmark,EURO,435,200930,0,2216
2021-02-10,Denmark,EURO,455,201385,28,2244
2021-02-11,Denmark,EURO,445,201830,11,2255
2021-02-12,Denmark,EURO,366,202196,14,2269
2021-02-13,Denmark,EURO,313,202509,11,2280
2021-02-14,Denmark,EURO,331,202840,4,2284
2021-02-15,Denmark,EURO,338,203178,8,2292
2021-02-16,Denmark,EURO,397,203575,9,2301
2021-02-17,Denmark,EURO,513,204088,7,2308
2021-02-18,Denmark,EURO,497,204585,8,2316
2021-02-19,Denmark,EURO,548,205133,3,2319
2021-02-20,Denmark,EURO,457,205590,8,2327
2021-02-21,Denmark,EURO,430,206020,6,2333
2021-02-22,Denmark,EURO,469,206489,5,2338
2021-02-23,Denmark,EURO,608,207097,5,2343
2021-02-24,Denmark,EURO,612,207709,0,2343
2021-02-25,Denmark,EURO,539,208248,2,2345
2021-02-26,Denmark,EURO,538,208786,6,2351
2021-02-27,Denmark,EURO,500,209286,2,2353
2021-02-28,Denmark,EURO,425,209711,5,2358
2021-03-01,Denmark,EURO,471,210182,3,2361
2021-03-02,Denmark,EURO,587,210769,4,2365
2021-03-03,Denmark,EURO,591,211360,2,2367
2021-03-04,Denmark,EURO,539,211899,3,2370
2021-03-05,Denmark,EURO,479,212378,4,2374
2021-03-06,Denmark,EURO,464,212842,3,2377
2021-03-07,Denmark,EURO,447,213289,0,2377
2021-03-08,Denmark,EURO,454,213743,2,2379
2021-03-09,Denmark,EURO,594,214337,2,2381
2021-03-10,Denmark,EURO,635,214972,0,2381
2021-03-11,Denmark,EURO,1163,216135,1,2382
2021-03-12,Denmark,EURO,578,216713,2,2384
2021-03-13,Denmark,EURO,480,217193,3,2387
2021-03-14,Denmark,EURO,461,217654,3,2390
2021-03-15,Denmark,EURO,486,218140,1,2391
2021-03-16,Denmark,EURO,634,218774,2,2393
2021-03-17,Denmark,EURO,740,219514,2,2395
2021-03-18,Denmark,EURO,659,220173,1,2396
2021-03-19,Denmark,EURO,644,220817,1,2397
2021-03-20,Denmark,EURO,638,221455,0,2397
2021-03-21,Denmark,EURO,577,222032,2,2399
2021-03-22,Denmark,EURO,562,222594,1,2400
2021-03-23,Denmark,EURO,775,223369,2,2402
2021-03-24,Denmark,EURO,798,224167,1,2403
2021-03-25,Denmark,EURO,863,225030,2,2405
2021-03-26,Denmark,EURO,814,225844,4,2409
2021-03-27,Denmark,EURO,789,226633,2,2411
2021-03-28,Denmark,EURO,416,227049,2,2413
2021-03-29,Denmark,EURO,964,228013,1,2414
2021-03-30,Denmark,EURO,679,228692,1,2415
2021-03-31,Denmark,EURO,1210,229902,2,2417
2021-04-01,Denmark,EURO,701,230603,2,2419
2021-04-02,Denmark,EURO,662,231265,4,2423
2021-04-03,Denmark,EURO,708,231973,1,2424
2021-04-04,Denmark,EURO,745,232718,4,2428
2021-04-05,Denmark,EURO,600,233318,1,2429
2021-04-06,Denmark,EURO,479,233797,1,2430
2021-04-07,Denmark,EURO,520,234317,2,2432
2021-04-08,Denmark,EURO,614,234931,3,2435
2021-04-09,Denmark,EURO,717,235648,1,2436
2021-04-10,Denmark,EURO,698,236346,0,2436
2021-04-11,Denmark,EURO,755,237101,3,2439
2021-04-12,Denmark,EURO,691,237792,2,2441
2021-04-13,Denmark,EURO,514,238306,2,2443
2021-04-14,Denmark,EURO,563,238869,3,2446
2021-04-15,Denmark,EURO,663,239532,1,2447
2021-04-16,Denmark,EURO,798,240330,2,2449
2021-04-17,Denmark,EURO,677,241007,3,2452
2021-04-18,Denmark,EURO,724,241731,0,2452
2021-04-19,Denmark,EURO,902,242633,3,2455
2021-04-20,Denmark,EURO,741,243374,4,2459
2021-04-21,Denmark,EURO,691,244065,4,2463
2021-04-22,Denmark,EURO,803,244868,2,2465
2021-04-23,Denmark,EURO,893,245761,2,2467
2021-04-24,Denmark,EURO,702,246463,5,2472
2021-04-25,Denmark,EURO,547,247010,2,2474
2021-04-26,Denmark,EURO,612,247622,1,2475
2021-04-27,Denmark,EURO,704,248326,2,2477
2021-04-28,Denmark,EURO,624,248950,2,2479
2021-04-29,Denmark,EURO,835,249785,2,2481
2021-04-30,Denmark,EURO,769,250554,2,2483
2021-05-01,Denmark,EURO,874,251428,2,2485
2021-05-02,Denmark,EURO,617,252045,4,2489
2021-05-03,Denmark,EURO,867,252912,1,2490
2021-05-04,Denmark,EURO,761,253673,0,2490
2021-05-05,Denmark,EURO,809,254482,1,2491
2021-05-06,Denmark,EURO,988,255470,1,2492
2021-05-07,Denmark,EURO,1012,256482,1,2493
2021-05-08,Denmark,EURO,1023,257505,2,2495
2021-05-09,Denmark,EURO,677,258182,2,2497
2021-05-10,Denmark,EURO,874,259056,0,2497
2021-05-11,Denmark,EURO,932,259988,0,2497
2021-05-12,Denmark,EURO,925,260913,2,2499
2021-05-13,Denmark,EURO,1246,262159,0,2499
2021-05-14,Denmark,EURO,1355,263514,0,2499
2021-05-15,Denmark,EURO,951,264465,0,2499
2021-05-16,Denmark,EURO,1074,265539,3,2502
2021-05-17,Denmark,EURO,964,266503,0,2502
2021-05-18,Denmark,EURO,836,267339,1,2503
2021-05-19,Denmark,EURO,916,268255,0,2503
2021-05-20,Denmark,EURO,1088,269343,2,2505
2021-05-21,Denmark,EURO,1214,270557,1,2506
2021-05-22,Denmark,EURO,1351,271908,0,2506
2021-05-23,Denmark,EURO,751,272659,1,2507
2021-05-24,Denmark,EURO,835,273494,1,2508
2021-05-25,Denmark,EURO,919,274413,1,2509
2021-05-26,Denmark,EURO,794,275207,1,2510
2021-05-27,Denmark,EURO,1073,276280,1,2511
2021-05-28,Denmark,EURO,1119,277399,0,2511
2021-05-29,Denmark,EURO,997,278396,1,2512
2021-05-30,Denmark,EURO,1038,279434,4,2516
2021-01-01,Djibouti,EMRO,7,5831,0,61
2021-01-02,Djibouti,EMRO,9,5840,0,61
2021-01-03,Djibouti,EMRO,1,5841,0,61
2021-01-04,Djibouti,EMRO,1,5842,0,61
2021-01-05,Djibouti,EMRO,4,5846,0,61
2021-01-06,Djibouti,EMRO,8,5854,0,61
2021-01-07,Djibouti,EMRO,1,5855,0,61
2021-01-08,Djibouti,EMRO,2,5857,0,61
2021-01-09,Djibouti,EMRO,8,5865,0,61
2021-01-10,Djibouti,EMRO,1,5866,0,61
2021-01-11,Djibouti,EMRO,5,5871,0,61
2021-01-12,Djibouti,EMRO,6,5877,0,61
2021-01-13,Djibouti,EMRO,2,5879,0,61
2021-01-14,Djibouti,EMRO,12,5891,0,61
2021-01-15,Djibouti,EMRO,9,5900,0,61
2021-01-16,Djibouti,EMRO,3,5903,0,61
2021-01-17,Djibouti,EMRO,0,5903,0,61
2021-01-18,Djibouti,EMRO,2,5905,0,61
2021-01-19,Djibouti,EMRO,1,5906,0,61
2021-01-20,Djibouti,EMRO,4,5910,0,61
2021-01-21,Djibouti,EMRO,3,5913,0,61
2021-01-22,Djibouti,EMRO,3,5916,0,61
2021-01-23,Djibouti,EMRO,1,5917,0,61
2021-01-24,Djibouti,EMRO,1,5918,0,61
2021-01-25,Djibouti,EMRO,1,5919,0,61
2021-01-26,Djibouti,EMRO,1,5920,0,61
2021-01-27,Djibouti,EMRO,3,5923,1,62
2021-01-28,Djibouti,EMRO,3,5926,0,62
2021-01-29,Djibouti,EMRO,3,5929,0,62
2021-01-30,Djibouti,EMRO,1,5930,0,62
2021-01-31,Djibouti,EMRO,1,5931,0,62
2021-02-01,Djibouti,EMRO,1,5932,1,63
2021-02-02,Djibouti,EMRO,1,5933,0,63
2021-02-03,Djibouti,EMRO,2,5935,0,63
2021-02-04,Djibouti,EMRO,1,5936,0,63
2021-02-05,Djibouti,EMRO,0,5936,0,63
2021-02-06,Djibouti,EMRO,5,5941,0,63
2021-02-07,Djibouti,EMRO,0,5941,0,63
2021-02-08,Djibouti,EMRO,6,5947,0,63
2021-02-09,Djibouti,EMRO,3,5950,0,63
2021-02-10,Djibouti,EMRO,9,5959,0,63
2021-02-11,Djibouti,EMRO,3,5962,0,63
2021-02-12,Djibouti,EMRO,4,5966,0,63
2021-02-13,Djibouti,EMRO,1,5967,0,63
2021-02-14,Djibouti,EMRO,1,5968,0,63
2021-02-15,Djibouti,EMRO,3,5971,0,63
2021-02-16,Djibouti,EMRO,9,5980,0,63
2021-02-17,Djibouti,EMRO,1,5981,0,63
2021-02-18,Djibouti,EMRO,25,6006,0,63
2021-02-19,Djibouti,EMRO,2,6008,0,63
2021-02-20,Djibouti,EMRO,14,6022,0,63
2021-02-21,Djibouti,EMRO,0,6022,0,63
2021-02-22,Djibouti,EMRO,2,6024,0,63
2021-02-23,Djibouti,EMRO,2,6026,0,63
2021-02-24,Djibouti,EMRO,26,6052,0,63
2021-02-25,Djibouti,EMRO,0,6052,0,63
2021-02-26,Djibouti,EMRO,8,6060,0,63
2021-02-27,Djibouti,EMRO,2,6062,0,63
2021-02-28,Djibouti,EMRO,3,6065,0,63
2021-03-01,Djibouti,EMRO,1,6066,0,63
2021-03-02,Djibouti,EMRO,21,6087,0,63
2021-03-03,Djibouti,EMRO,2,6089,0,63
2021-03-04,Djibouti,EMRO,13,6102,0,63
2021-03-05,Djibouti,EMRO,8,6110,0,63
2021-03-06,Djibouti,EMRO,20,6130,0,63
2021-03-07,Djibouti,EMRO,4,6134,0,63
2021-03-08,Djibouti,EMRO,12,6146,0,63
2021-03-09,Djibouti,EMRO,11,6157,0,63
2021-03-10,Djibouti,EMRO,24,6181,0,63
2021-03-11,Djibouti,EMRO,46,6227,0,63
2021-03-12,Djibouti,EMRO,7,6234,0,63
2021-03-13,Djibouti,EMRO,2,6236,0,63
2021-03-14,Djibouti,EMRO,16,6252,0,63
2021-03-15,Djibouti,EMRO,16,6268,0,63
2021-03-16,Djibouti,EMRO,26,6294,0,63
2021-03-17,Djibouti,EMRO,42,6336,0,63
2021-03-18,Djibouti,EMRO,49,6385,0,63
2021-03-19,Djibouti,EMRO,67,6452,0,63
2021-03-20,Djibouti,EMRO,49,6501,0,63
2021-03-21,Djibouti,EMRO,17,6518,0,63
2021-03-22,Djibouti,EMRO,70,6588,1,64
2021-03-23,Djibouti,EMRO,70,6658,0,64
2021-03-24,Djibouti,EMRO,113,6771,0,64
2021-03-25,Djibouti,EMRO,124,6895,0,64
2021-03-26,Djibouti,EMRO,121,7016,0,64
2021-03-27,Djibouti,EMRO,153,7169,2,66
2021-03-28,Djibouti,EMRO,80,7249,0,66
2021-03-29,Djibouti,EMRO,112,7361,1,67
2021-03-30,Djibouti,EMRO,249,7610,1,68
2021-03-31,Djibouti,EMRO,180,7790,1,69
2021-04-01,Djibouti,EMRO,212,8002,1,70
2021-04-02,Djibouti,EMRO,178,8180,1,71
2021-04-03,Djibouti,EMRO,251,8431,1,72
2021-04-04,Djibouti,EMRO,78,8509,0,72
2021-04-05,Djibouti,EMRO,187,8696,4,76
2021-04-06,Djibouti,EMRO,235,8931,4,80
2021-04-07,Djibouti,EMRO,180,9111,5,85
2021-04-08,Djibouti,EMRO,195,9306,5,90
2021-04-09,Djibouti,EMRO,173,9479,2,92
2021-04-10,Djibouti,EMRO,183,9662,1,93
2021-04-11,Djibouti,EMRO,60,9722,0,93
2021-04-12,Djibouti,EMRO,154,9876,3,96
2021-04-13,Djibouti,EMRO,99,9975,4,100
2021-04-14,Djibouti,EMRO,102,10077,2,102
2021-04-15,Djibouti,EMRO,125,10202,4,106
2021-04-16,Djibouti,EMRO,73,10275,4,110
2021-04-17,Djibouti,EMRO,110,10385,0,110
2021-04-18,Djibouti,EMRO,27,10412,4,114
2021-04-19,Djibouti,EMRO,48,10460,2,116
2021-04-20,Djibouti,EMRO,50,10510,3,119
2021-04-21,Djibouti,EMRO,47,10557,4,123
2021-04-22,Djibouti,EMRO,76,10633,6,129
2021-04-23,Djibouti,EMRO,64,10697,1,130
2021-04-24,Djibouti,EMRO,41,10738,2,132
2021-04-25,Djibouti,EMRO,8,10746,0,132
2021-04-26,Djibouti,EMRO,56,10802,4,136
2021-04-27,Djibouti,EMRO,83,10885,2,138
2021-04-28,Djibouti,EMRO,46,10931,4,142
2021-04-29,Djibouti,EMRO,55,10986,0,142
2021-04-30,Djibouti,EMRO,40,11026,1,143
2021-05-01,Djibouti,EMRO,74,11100,0,143
2021-05-02,Djibouti,EMRO,21,11121,2,145
2021-05-03,Djibouti,EMRO,36,11157,1,146
2021-05-04,Djibouti,EMRO,44,11201,0,146
2021-05-05,Djibouti,EMRO,46,11247,1,147
2021-05-06,Djibouti,EMRO,21,11268,0,147
2021-05-07,Djibouti,EMRO,39,11307,1,148
2021-05-08,Djibouti,EMRO,12,11319,0,148
2021-05-09,Djibouti,EMRO,16,11335,1,149
2021-05-10,Djibouti,EMRO,9,11344,0,149
2021-05-11,Djibouti,EMRO,11,11355,0,149
2021-05-12,Djibouti,EMRO,14,11369,2,151
2021-05-13,Djibouti,EMRO,18,11387,0,151
2021-05-14,Djibouti,EMRO,0,11387,0,151
2021-05-15,Djibouti,EMRO,15,11402,0,151
2021-05-16,Djibouti,EMRO,12,11414,0,151
2021-05-17,Djibouti,EMRO,10,11424,0,151
2021-05-18,Djibouti,EMRO,14,11438,0,151
2021-05-19,Djibouti,EMRO,17,11455,0,151
2021-05-20,Djibouti,EMRO,13,11468,1,152
2021-05-21,Djibouti,EMRO,17,11485,0,152
2021-05-22,Djibouti,EMRO,5,11490,0,152
2021-05-23,Djibouti,EMRO,1,11491,0,152
2021-05-24,Djibouti,EMRO,2,11493,1,153
2021-05-25,Djibouti,EMRO,9,11502,0,153
2021-05-26,Djibouti,EMRO,5,11507,0,153
2021-05-27,Djibouti,EMRO,7,11514,0,153
2021-05-28,Djibouti,EMRO,9,11523,0,153
2021-05-29,Djibouti,EMRO,3,11526,0,153
2021-05-30,Djibouti,EMRO,1,11527,1,154
2021-01-01,Dominica,AMRO,0,96,0,0
2021-01-02,Dominica,AMRO,0,96,0,0
2021-01-03,Dominica,AMRO,0,96,0,0
2021-01-04,Dominica,AMRO,0,96,0,0
2021-01-05,Dominica,AMRO,0,96,0,0
2021-01-06,Dominica,AMRO,0,96,0,0
2021-01-07,Dominica,AMRO,9,105,0,0
2021-01-08,Dominica,AMRO,0,105,0,0
2021-01-09,Dominica,AMRO,1,106,0,0
2021-01-10,Dominica,AMRO,0,106,0,0
2021-01-11,Dominica,AMRO,0,106,0,0
2021-01-12,Dominica,AMRO,0,106,0,0
2021-01-13,Dominica,AMRO,3,109,0,0
2021-01-14,Dominica,AMRO,0,109,0,0
2021-01-15,Dominica,AMRO,0,109,0,0
2021-01-16,Dominica,AMRO,0,109,0,0
2021-01-17,Dominica,AMRO,1,110,0,0
2021-01-18,Dominica,AMRO,0,110,0,0
2021-01-19,Dominica,AMRO,0,110,0,0
2021-01-20,Dominica,AMRO,0,110,0,0
2021-01-21,Dominica,AMRO,3,113,0,0
2021-01-22,Dominica,AMRO,0,113,0,0
2021-01-23,Dominica,AMRO,0,113,0,0
2021-01-24,Dominica,AMRO,0,113,0,0
2021-01-25,Dominica,AMRO,0,113,0,0
2021-01-26,Dominica,AMRO,0,113,0,0
2021-01-27,Dominica,AMRO,0,113,0,0
2021-01-28,Dominica,AMRO,0,113,0,0
2021-01-29,Dominica,AMRO,4,117,0,0
2021-01-30,Dominica,AMRO,0,117,0,0
2021-01-31,Dominica,AMRO,0,117,0,0
2021-02-01,Dominica,AMRO,0,117,0,0
2021-02-02,Dominica,AMRO,0,117,0,0
2021-02-03,Dominica,AMRO,4,121,0,0
2021-02-04,Dominica,AMRO,0,121,0,0
2021-02-05,Dominica,AMRO,0,121,0,0
2021-02-06,Dominica,AMRO,0,121,0,0
2021-02-07,Dominica,AMRO,0,121,0,0
2021-02-08,Dominica,AMRO,0,121,0,0
2021-02-09,Dominica,AMRO,0,121,0,0
2021-02-10,Dominica,AMRO,0,121,0,0
2021-02-11,Dominica,AMRO,0,121,0,0
2021-02-12,Dominica,AMRO,0,121,0,0
2021-02-13,Dominica,AMRO,0,121,0,0
2021-02-14,Dominica,AMRO,0,121,0,0
2021-02-15,Dominica,AMRO,0,121,0,0
2021-02-16,Dominica,AMRO,13,134,0,0
2021-02-17,Dominica,AMRO,0,134,0,0
2021-02-18,Dominica,AMRO,0,134,0,0
2021-02-19,Dominica,AMRO,0,134,0,0
2021-02-20,Dominica,AMRO,0,134,0,0
2021-02-21,Dominica,AMRO,0,134,0,0
2021-02-22,Dominica,AMRO,0,134,0,0
2021-02-23,Dominica,AMRO,0,134,0,0
2021-02-24,Dominica,AMRO,0,134,0,0
2021-02-25,Dominica,AMRO,7,141,0,0
2021-02-26,Dominica,AMRO,0,141,0,0
2021-02-27,Dominica,AMRO,1,142,0,0
2021-02-28,Dominica,AMRO,0,142,0,0
2021-03-01,Dominica,AMRO,0,142,0,0
2021-03-02,Dominica,AMRO,0,142,0,0
2021-03-03,Dominica,AMRO,2,144,0,0
2021-03-04,Dominica,AMRO,0,144,0,0
2021-03-05,Dominica,AMRO,0,144,0,0
2021-03-06,Dominica,AMRO,0,144,0,0
2021-03-07,Dominica,AMRO,0,144,0,0
2021-03-08,Dominica,AMRO,0,144,0,0
2021-03-09,Dominica,AMRO,0,144,0,0
2021-03-10,Dominica,AMRO,7,151,0,0
2021-03-11,Dominica,AMRO,0,151,0,0
2021-03-12,Dominica,AMRO,0,151,0,0
2021-03-13,Dominica,AMRO,5,156,0,0
2021-03-14,Dominica,AMRO,0,156,0,0
2021-03-15,Dominica,AMRO,0,156,0,0
2021-03-16,Dominica,AMRO,0,156,0,0
2021-03-17,Dominica,AMRO,1,157,0,0
2021-03-18,Dominica,AMRO,0,157,0,0
2021-03-19,Dominica,AMRO,0,157,0,0
2021-03-20,Dominica,AMRO,0,157,0,0
2021-03-21,Dominica,AMRO,0,157,0,0
2021-03-22,Dominica,AMRO,0,157,0,0
2021-03-23,Dominica,AMRO,0,157,0,0
2021-03-24,Dominica,AMRO,3,160,0,0
2021-03-25,Dominica,AMRO,0,160,0,0
2021-03-26,Dominica,AMRO,1,161,0,0
2021-03-27,Dominica,AMRO,0,161,0,0
2021-03-28,Dominica,AMRO,0,161,0,0
2021-03-29,Dominica,AMRO,0,161,0,0
2021-03-30,Dominica,AMRO,0,161,0,0
2021-03-31,Dominica,AMRO,0,161,0,0
2021-04-01,Dominica,AMRO,0,161,0,0
2021-04-02,Dominica,AMRO,3,164,0,0
2021-04-03,Dominica,AMRO,0,164,0,0
2021-04-04,Dominica,AMRO,1,165,0,0
2021-04-05,Dominica,AMRO,0,165,0,0
2021-04-06,Dominica,AMRO,0,165,0,0
2021-04-07,Dominica,AMRO,0,165,0,0
2021-04-08,Dominica,AMRO,0,165,0,0
2021-04-09,Dominica,AMRO,0,165,0,0
2021-04-10,Dominica,AMRO,0,165,0,0
2021-04-11,Dominica,AMRO,0,165,0,0
2021-04-12,Dominica,AMRO,0,165,0,0
2021-04-13,Dominica,AMRO,0,165,0,0
2021-04-14,Dominica,AMRO,0,165,0,0
2021-04-15,Dominica,AMRO,0,165,0,0
2021-04-16,Dominica,AMRO,5,170,0,0
2021-04-17,Dominica,AMRO,2,172,0,0
2021-04-18,Dominica,AMRO,0,172,0,0
2021-04-19,Dominica,AMRO,0,172,0,0
2021-04-20,Dominica,AMRO,0,172,0,0
2021-04-21,Dominica,AMRO,0,172,0,0
2021-04-22,Dominica,AMRO,0,172,0,0
2021-04-23,Dominica,AMRO,0,172,0,0
2021-04-24,Dominica,AMRO,1,173,0,0
2021-04-25,Dominica,AMRO,0,173,0,0
2021-04-26,Dominica,AMRO,0,173,0,0
2021-04-27,Dominica,AMRO,0,173,0,0
2021-04-28,Dominica,AMRO,0,173,0,0
2021-04-29,Dominica,AMRO,0,173,0,0
2021-04-30,Dominica,AMRO,1,174,0,0
2021-05-01,Dominica,AMRO,0,174,0,0
2021-05-02,Dominica,AMRO,0,174,0,0
2021-05-03,Dominica,AMRO,0,174,0,0
2021-05-04,Dominica,AMRO,0,174,0,0
2021-05-05,Dominica,AMRO,0,174,0,0
2021-05-06,Dominica,AMRO,0,174,0,0
2021-05-07,Dominica,AMRO,0,174,0,0
2021-05-08,Dominica,AMRO,0,174,0,0
2021-05-09,Dominica,AMRO,1,175,0,0
2021-05-10,Dominica,AMRO,0,175,0,0
2021-05-11,Dominica,AMRO,0,175,0,0
2021-05-12,Dominica,AMRO,0,175,0,0
2021-05-13,Dominica,AMRO,0,175,0,0
2021-05-14,Dominica,AMRO,3,178,0,0
2021-05-15,Dominica,AMRO,0,178,0,0
2021-05-16,Dominica,AMRO,0,178,0,0
2021-05-17,Dominica,AMRO,0,178,0,0
2021-05-18,Dominica,AMRO,6,184,0,0
2021-05-19,Dominica,AMRO,0,184,0,0
2021-05-20,Dominica,AMRO,0,184,0,0
2021-05-21,Dominica,AMRO,0,184,0,0
2021-05-22,Dominica,AMRO,0,184,0,0
2021-05-23,Dominica,AMRO,0,184,0,0
2021-05-24,Dominica,AMRO,0,184,0,0
2021-05-25,Dominica,AMRO,0,184,0,0
2021-05-26,Dominica,AMRO,0,184,0,0
2021-05-27,Dominica,AMRO,0,184,0,0
2021-05-28,Dominica,AMRO,4,188,0,0
2021-05-29,Dominica,AMRO,0,188,0,0
2021-05-30,Dominica,AMRO,0,188,0,0
2021-01-01,Dominican Republic,AMRO,1206,170785,5,2414
2021-01-02,Dominican Republic,AMRO,1433,172218,2,2416
2021-01-03,Dominican Republic,AMRO,747,172965,0,2416
2021-01-04,Dominican Republic,AMRO,366,173331,2,2418
2021-01-05,Dominican Republic,AMRO,0,173331,0,2418
2021-01-06,Dominican Republic,AMRO,2518,175849,1,2419
2021-01-07,Dominican Republic,AMRO,529,176378,0,2419
2021-01-08,Dominican Republic,AMRO,1115,177493,4,2423
2021-01-09,Dominican Republic,AMRO,1045,178538,1,2424
2021-01-10,Dominican Republic,AMRO,2106,180644,0,2424
2021-01-11,Dominican Republic,AMRO,1459,182103,3,2427
2021-01-12,Dominican Republic,AMRO,1179,183282,0,2427
2021-01-13,Dominican Republic,AMRO,1506,184788,0,2427
2021-01-14,Dominican Republic,AMRO,1595,186383,1,2428
2021-01-15,Dominican Republic,AMRO,1104,187487,0,2428
2021-01-16,Dominican Republic,AMRO,1482,188969,4,2432
2021-01-17,Dominican Republic,AMRO,2370,191339,0,2432
2021-01-18,Dominican Republic,AMRO,1779,193118,5,2437
2021-01-19,Dominican Republic,AMRO,1848,194966,11,2448
2021-01-20,Dominican Republic,AMRO,1625,196591,13,2461
2021-01-21,Dominican Republic,AMRO,1532,198123,9,2470
2021-01-22,Dominican Republic,AMRO,1549,199672,12,2482
2021-01-23,Dominican Republic,AMRO,1473,201145,14,2496
2021-01-24,Dominican Republic,AMRO,1362,202507,17,2513
2021-01-25,Dominican Republic,AMRO,1439,203946,0,2513
2021-01-26,Dominican Republic,AMRO,1216,205162,32,2545
2021-01-27,Dominican Republic,AMRO,1143,206305,19,2564
2021-01-28,Dominican Republic,AMRO,1150,207455,15,2579
2021-01-29,Dominican Republic,AMRO,1155,208610,24,2603
2021-01-30,Dominican Republic,AMRO,1802,210412,23,2626
2021-01-31,Dominican Republic,AMRO,2141,212553,20,2646
2021-02-01,Dominican Republic,AMRO,1507,214060,20,2666
2021-02-02,Dominican Republic,AMRO,1026,215086,22,2688
2021-02-03,Dominican Republic,AMRO,834,215920,16,2704
2021-02-04,Dominican Republic,AMRO,1357,217277,15,2719
2021-02-05,Dominican Republic,AMRO,1671,218948,28,2747
2021-02-06,Dominican Republic,AMRO,1478,220426,26,2773
2021-02-07,Dominican Republic,AMRO,1722,222148,28,2801
2021-02-08,Dominican Republic,AMRO,1250,223398,30,2831
2021-02-09,Dominican Republic,AMRO,721,224119,12,2843
2021-02-10,Dominican Republic,AMRO,419,224538,21,2864
2021-02-11,Dominican Republic,AMRO,934,225472,19,2883
2021-02-12,Dominican Republic,AMRO,1242,226714,21,2904
2021-02-13,Dominican Republic,AMRO,1050,227764,13,2917
2021-02-14,Dominican Republic,AMRO,1131,228895,15,2932
2021-02-15,Dominican Republic,AMRO,873,229768,12,2944
2021-02-16,Dominican Republic,AMRO,795,230563,15,2959
2021-02-17,Dominican Republic,AMRO,532,231095,16,2975
2021-02-18,Dominican Republic,AMRO,642,231737,15,2990
2021-02-19,Dominican Republic,AMRO,1043,232780,17,3007
2021-02-20,Dominican Republic,AMRO,818,233598,17,3024
2021-02-21,Dominican Republic,AMRO,904,234502,4,3028
2021-02-22,Dominican Republic,AMRO,960,235462,10,3038
2021-02-23,Dominican Republic,AMRO,420,235882,10,3048
2021-02-24,Dominican Republic,AMRO,328,236210,9,3057
2021-02-25,Dominican Republic,AMRO,673,236883,9,3066
2021-02-26,Dominican Republic,AMRO,746,237629,9,3075
2021-02-27,Dominican Republic,AMRO,576,238205,7,3082
2021-02-28,Dominican Republic,AMRO,804,239009,11,3093
2021-03-01,Dominican Republic,AMRO,608,239617,7,3100
2021-03-02,Dominican Republic,AMRO,381,239998,6,3106
2021-03-03,Dominican Republic,AMRO,203,240201,12,3118
2021-03-04,Dominican Republic,AMRO,572,240773,12,3130
2021-03-05,Dominican Republic,AMRO,619,241392,9,3139
2021-03-06,Dominican Republic,AMRO,695,242087,11,3150
2021-03-07,Dominican Republic,AMRO,573,242660,12,3162
2021-03-08,Dominican Republic,AMRO,587,243247,10,3172
2021-03-09,Dominican Republic,AMRO,279,243526,7,3179
2021-03-10,Dominican Republic,AMRO,252,243778,12,3191
2021-03-11,Dominican Republic,AMRO,390,244168,7,3198
2021-03-12,Dominican Republic,AMRO,755,244923,6,3204
2021-03-13,Dominican Republic,AMRO,529,245452,9,3213
2021-03-14,Dominican Republic,AMRO,164,245616,0,3213
2021-03-15,Dominican Republic,AMRO,429,246045,9,3222
2021-03-16,Dominican Republic,AMRO,254,246299,4,3226
2021-03-17,Dominican Republic,AMRO,495,246794,11,3237
2021-03-18,Dominican Republic,AMRO,570,247364,11,3248
2021-03-19,Dominican Republic,AMRO,615,247979,9,3257
2021-03-20,Dominican Republic,AMRO,523,248502,5,3262
2021-03-21,Dominican Republic,AMRO,487,248989,7,3269
2021-03-22,Dominican Republic,AMRO,474,249463,3,3272
2021-03-23,Dominican Republic,AMRO,313,249776,3,3275
2021-03-24,Dominican Republic,AMRO,401,250177,8,3283
2021-03-25,Dominican Republic,AMRO,402,250579,6,3289
2021-03-26,Dominican Republic,AMRO,389,250968,6,3295
2021-03-27,Dominican Republic,AMRO,364,251332,3,3298
2021-03-28,Dominican Republic,AMRO,250,251582,4,3302
2021-03-29,Dominican Republic,AMRO,401,251983,2,3304
2021-03-30,Dominican Republic,AMRO,199,252182,3,3307
2021-03-31,Dominican Republic,AMRO,202,252384,10,3317
2021-04-01,Dominican Republic,AMRO,343,252727,8,3325
2021-04-02,Dominican Republic,AMRO,469,253196,5,3330
2021-04-03,Dominican Republic,AMRO,0,253196,0,3330
2021-04-04,Dominican Republic,AMRO,585,253781,4,3334
2021-04-05,Dominican Republic,AMRO,514,254295,12,3346
2021-04-06,Dominican Republic,AMRO,140,254435,5,3351
2021-04-07,Dominican Republic,AMRO,168,254603,4,3355
2021-04-08,Dominican Republic,AMRO,334,254937,14,3369
2021-04-09,Dominican Republic,AMRO,1094,256031,9,3378
2021-04-10,Dominican Republic,AMRO,532,256563,4,3382
2021-04-11,Dominican Republic,AMRO,623,257186,3,3385
2021-04-12,Dominican Republic,AMRO,512,257698,3,3388
2021-04-13,Dominican Republic,AMRO,341,258039,4,3392
2021-04-14,Dominican Republic,AMRO,598,258637,5,3397
2021-04-15,Dominican Republic,AMRO,623,259260,5,3402
2021-04-16,Dominican Republic,AMRO,379,259639,3,3405
2021-04-17,Dominican Republic,AMRO,494,260133,5,3410
2021-04-18,Dominican Republic,AMRO,494,260627,4,3414
2021-04-19,Dominican Republic,AMRO,502,261129,4,3418
2021-04-20,Dominican Republic,AMRO,402,261531,4,3422
2021-04-21,Dominican Republic,AMRO,317,261848,4,3426
2021-04-22,Dominican Republic,AMRO,556,262404,9,3435
2021-04-23,Dominican Republic,AMRO,531,262935,6,3441
2021-04-24,Dominican Republic,AMRO,535,263470,7,3448
2021-04-25,Dominican Republic,AMRO,474,263944,3,3451
2021-04-26,Dominican Republic,AMRO,919,264863,3,3454
2021-04-27,Dominican Republic,AMRO,540,265403,5,3459
2021-04-28,Dominican Republic,AMRO,78,265481,3,3462
2021-04-29,Dominican Republic,AMRO,338,265819,5,3467
2021-04-30,Dominican Republic,AMRO,395,266214,4,3471
2021-05-01,Dominican Republic,AMRO,347,266561,9,3480
2021-05-02,Dominican Republic,AMRO,300,266861,7,3487
2021-05-03,Dominican Republic,AMRO,594,267455,6,3493
2021-05-04,Dominican Republic,AMRO,226,267681,6,3499
2021-05-05,Dominican Republic,AMRO,389,268070,5,3504
2021-05-06,Dominican Republic,AMRO,491,268561,5,3509
2021-05-07,Dominican Republic,AMRO,623,269184,5,3514
2021-05-08,Dominican Republic,AMRO,774,269958,3,3517
2021-05-09,Dominican Republic,AMRO,642,270600,6,3523
2021-05-10,Dominican Republic,AMRO,0,270600,0,3523
2021-05-11,Dominican Republic,AMRO,1508,272108,17,3540
2021-05-12,Dominican Republic,AMRO,701,272809,10,3550
2021-05-13,Dominican Republic,AMRO,688,273497,4,3554
2021-05-14,Dominican Republic,AMRO,822,274319,6,3560
2021-05-15,Dominican Republic,AMRO,1059,275378,5,3565
2021-05-16,Dominican Republic,AMRO,894,276272,4,3569
2021-05-17,Dominican Republic,AMRO,916,277188,13,3582
2021-05-18,Dominican Republic,AMRO,731,277919,7,3589
2021-05-19,Dominican Republic,AMRO,630,278549,8,3597
2021-05-20,Dominican Republic,AMRO,1016,279565,0,3597
2021-05-21,Dominican Republic,AMRO,1429,280994,3,3600
2021-05-22,Dominican Republic,AMRO,636,281630,3,3603
2021-05-23,Dominican Republic,AMRO,1055,282685,3,3606
2021-05-24,Dominican Republic,AMRO,1044,283729,0,3606
2021-05-25,Dominican Republic,AMRO,838,284567,4,3610
2021-05-26,Dominican Republic,AMRO,644,285211,0,3610
2021-05-27,Dominican Republic,AMRO,1058,286269,8,3618
2021-05-28,Dominican Republic,AMRO,1765,288034,2,3620
2021-05-29,Dominican Republic,AMRO,1254,289288,3,3623
2021-05-30,Dominican Republic,AMRO,1238,290526,5,3628
2021-01-01,Ecuador,AMRO,1000,212512,11,14034
2021-01-02,Ecuador,AMRO,866,213378,17,14051
2021-01-03,Ecuador,AMRO,1135,214513,8,14059
2021-01-04,Ecuador,AMRO,101,214614,0,14059
2021-01-05,Ecuador,AMRO,466,215080,10,14069
2021-01-06,Ecuador,AMRO,1003,216083,34,14103
2021-01-07,Ecuador,AMRO,1294,217377,43,14146
2021-01-08,Ecuador,AMRO,1008,218385,12,14158
2021-01-09,Ecuador,AMRO,763,219148,7,14165
2021-01-10,Ecuador,AMRO,1201,220349,12,14177
2021-01-11,Ecuador,AMRO,721,221070,0,14177
2021-01-12,Ecuador,AMRO,436,221506,7,14184
2021-01-13,Ecuador,AMRO,1061,222567,12,14196
2021-01-14,Ecuador,AMRO,1748,224315,33,14229
2021-01-15,Ecuador,AMRO,1687,226002,17,14246
2021-01-16,Ecuador,AMRO,864,226866,27,14273
2021-01-17,Ecuador,AMRO,3942,230808,43,14316
2021-01-18,Ecuador,AMRO,674,231482,3,14319
2021-01-19,Ecuador,AMRO,162,231644,3,14322
2021-01-20,Ecuador,AMRO,924,232568,60,14382
2021-01-21,Ecuador,AMRO,1747,234315,55,14437
2021-01-22,Ecuador,AMRO,1874,236189,89,14526
2021-01-23,Ecuador,AMRO,969,237158,36,14562
2021-01-24,Ecuador,AMRO,1074,238232,34,14596
2021-01-25,Ecuador,AMRO,3060,241292,27,14623
2021-01-26,Ecuador,AMRO,275,241567,16,14639
2021-01-27,Ecuador,AMRO,579,242146,29,14668
2021-01-28,Ecuador,AMRO,1389,243535,36,14704
2021-01-29,Ecuador,AMRO,2465,246000,62,14766
2021-01-30,Ecuador,AMRO,0,246000,0,14766
2021-01-31,Ecuador,AMRO,3779,249779,85,14851
2021-02-01,Ecuador,AMRO,1049,250828,8,14859
2021-02-02,Ecuador,AMRO,158,250986,31,14890
2021-02-03,Ecuador,AMRO,293,251279,25,14915
2021-02-04,Ecuador,AMRO,1111,252390,34,14949
2021-02-05,Ecuador,AMRO,949,253339,19,14968
2021-02-06,Ecuador,AMRO,2073,255412,14,14982
2021-02-07,Ecuador,AMRO,1703,257115,22,15004
2021-02-08,Ecuador,AMRO,1167,258282,8,15012
2021-02-09,Ecuador,AMRO,325,258607,1,15013
2021-02-10,Ecuador,AMRO,1176,259783,73,15086
2021-02-11,Ecuador,AMRO,293,260076,30,15116
2021-02-12,Ecuador,AMRO,2237,262313,58,15174
2021-02-13,Ecuador,AMRO,1204,263517,46,15220
2021-02-14,Ecuador,AMRO,2010,265527,49,15269
2021-02-15,Ecuador,AMRO,1696,267223,52,15321
2021-02-16,Ecuador,AMRO,478,267701,34,15355
2021-02-17,Ecuador,AMRO,372,268073,37,15392
2021-02-18,Ecuador,AMRO,146,268219,2,15394
2021-02-19,Ecuador,AMRO,1641,269860,50,15444
2021-02-20,Ecuador,AMRO,1416,271276,30,15474
2021-02-21,Ecuador,AMRO,1821,273097,39,15513
2021-02-22,Ecuador,AMRO,1576,274673,23,15536
2021-02-23,Ecuador,AMRO,295,274968,11,15547
2021-02-24,Ecuador,AMRO,812,275780,20,15567
2021-02-25,Ecuador,AMRO,2999,278779,67,15634
2021-02-26,Ecuador,AMRO,2390,281169,35,15669
2021-02-27,Ecuador,AMRO,0,281169,0,15669
2021-02-28,Ecuador,AMRO,1430,282599,44,15713
2021-03-01,Ecuador,AMRO,3556,286155,98,15811
2021-03-02,Ecuador,AMRO,212,286367,21,15832
2021-03-03,Ecuador,AMRO,358,286725,18,15850
2021-03-04,Ecuador,AMRO,2747,289472,71,15921
2021-03-05,Ecuador,AMRO,263,289735,38,15959
2021-03-06,Ecuador,AMRO,1335,291070,38,15997
2021-03-07,Ecuador,AMRO,1873,292943,23,16020
2021-03-08,Ecuador,AMRO,1560,294503,19,16039
2021-03-09,Ecuador,AMRO,115,294618,4,16043
2021-03-10,Ecuador,AMRO,496,295114,26,16069
2021-03-11,Ecuador,AMRO,1727,296841,36,16105
2021-03-12,Ecuador,AMRO,1116,297957,23,16128
2021-03-13,Ecuador,AMRO,1259,299216,65,16193
2021-03-14,Ecuador,AMRO,1450,300666,22,16215
2021-03-15,Ecuador,AMRO,1555,302221,21,16236
2021-03-16,Ecuador,AMRO,277,302498,4,16240
2021-03-17,Ecuador,AMRO,356,302854,19,16259
2021-03-18,Ecuador,AMRO,2744,305598,41,16300
2021-03-19,Ecuador,AMRO,1831,307429,33,16333
2021-03-20,Ecuador,AMRO,2214,309643,79,16412
2021-03-21,Ecuador,AMRO,1225,310868,23,16435
2021-03-22,Ecuador,AMRO,1730,312598,16,16451
2021-03-23,Ecuador,AMRO,253,312851,27,16478
2021-03-24,Ecuador,AMRO,719,313570,26,16504
2021-03-25,Ecuador,AMRO,3237,316807,36,16540
2021-03-26,Ecuador,AMRO,1849,318656,42,16582
2021-03-27,Ecuador,AMRO,2795,321451,50,16632
2021-03-28,Ecuador,AMRO,1248,322699,47,16679
2021-03-29,Ecuador,AMRO,1783,324482,59,16738
2021-03-30,Ecuador,AMRO,642,325124,8,16746
2021-03-31,Ecuador,AMRO,2201,327325,34,16780
2021-04-01,Ecuador,AMRO,1430,328755,67,16847
2021-04-02,Ecuador,AMRO,1633,330388,30,16877
2021-04-03,Ecuador,AMRO,1650,332038,33,16910
2021-04-04,Ecuador,AMRO,1137,333175,0,16910
2021-04-05,Ecuador,AMRO,2506,335681,46,16956
2021-04-06,Ecuador,AMRO,1096,336777,31,16987
2021-04-07,Ecuador,AMRO,925,337702,17,17004
2021-04-08,Ecuador,AMRO,1902,339604,53,17057
2021-04-09,Ecuador,AMRO,2015,341619,58,17115
2021-04-10,Ecuador,AMRO,1059,342678,43,17158
2021-04-11,Ecuador,AMRO,2199,344877,117,17275
2021-04-12,Ecuador,AMRO,1940,346817,18,17293
2021-04-13,Ecuador,AMRO,253,347070,5,17298
2021-04-14,Ecuador,AMRO,519,347589,53,17351
2021-04-15,Ecuador,AMRO,2950,350539,49,17400
2021-04-16,Ecuador,AMRO,4892,355431,89,17489
2021-04-17,Ecuador,AMRO,533,355964,39,17528
2021-04-18,Ecuador,AMRO,2193,358157,113,17641
2021-04-19,Ecuador,AMRO,2389,360546,62,17703
2021-04-20,Ecuador,AMRO,17,360563,0,17703
2021-04-21,Ecuador,AMRO,591,361154,41,17744
2021-04-22,Ecuador,AMRO,1689,362843,60,17804
2021-04-23,Ecuador,AMRO,2550,365393,161,17965
2021-04-24,Ecuador,AMRO,5913,371306,97,18062
2021-04-25,Ecuador,AMRO,1448,372754,96,18158
2021-04-26,Ecuador,AMRO,608,373362,19,18177
2021-04-27,Ecuador,AMRO,1413,374775,123,18300
2021-04-28,Ecuador,AMRO,554,375329,89,18389
2021-04-29,Ecuador,AMRO,2333,377662,81,18470
2021-04-30,Ecuador,AMRO,3027,380689,82,18552
2021-05-01,Ecuador,AMRO,1173,381862,79,18631
2021-05-02,Ecuador,AMRO,2727,384589,93,18724
2021-05-03,Ecuador,AMRO,2710,387299,16,18740
2021-05-04,Ecuador,AMRO,747,388046,25,18765
2021-05-05,Ecuador,AMRO,3196,391242,98,18863
2021-05-06,Ecuador,AMRO,1806,393048,44,18907
2021-05-07,Ecuador,AMRO,2279,395327,111,19018
2021-05-08,Ecuador,AMRO,1561,396888,43,19061
2021-05-09,Ecuador,AMRO,2033,398921,76,19137
2021-05-10,Ecuador,AMRO,1375,400296,85,19222
2021-05-11,Ecuador,AMRO,1764,402060,20,19242
2021-05-12,Ecuador,AMRO,535,402595,44,19286
2021-05-13,Ecuador,AMRO,2037,404632,63,19349
2021-05-14,Ecuador,AMRO,1151,405783,93,19442
2021-05-15,Ecuador,AMRO,1219,407002,72,19514
2021-05-16,Ecuador,AMRO,2518,409520,178,19692
2021-05-17,Ecuador,AMRO,609,410129,7,19699
2021-05-18,Ecuador,AMRO,741,410870,87,19786
2021-05-19,Ecuador,AMRO,596,411466,91,19877
2021-05-20,Ecuador,AMRO,1441,412907,102,19979
2021-05-21,Ecuador,AMRO,2348,415255,43,20022
2021-05-22,Ecuador,AMRO,1366,416621,85,20107
2021-05-23,Ecuador,AMRO,1219,417840,73,20180
2021-05-24,Ecuador,AMRO,1011,418851,13,20193
2021-05-25,Ecuador,AMRO,347,419198,17,20210
2021-05-26,Ecuador,AMRO,969,420167,17,20227
2021-05-27,Ecuador,AMRO,1064,421231,85,20312
2021-05-28,Ecuador,AMRO,1098,422329,45,20357
2021-05-29,Ecuador,AMRO,836,423165,51,20408
2021-05-30,Ecuador,AMRO,1576,424741,77,20485
2021-01-01,Egypt,EMRO,1418,138062,55,7631
2021-01-02,Egypt,EMRO,1409,139471,56,7687
2021-01-03,Egypt,EMRO,1407,140878,54,7741
2021-01-04,Egypt,EMRO,1309,142187,64,7805
2021-01-05,Egypt,EMRO,1277,143464,58,7863
2021-01-06,Egypt,EMRO,1119,144583,55,7918
2021-01-07,Egypt,EMRO,1007,145590,57,7975
2021-01-08,Egypt,EMRO,1219,146809,54,8029
2021-01-09,Egypt,EMRO,1001,147810,56,8085
2021-01-10,Egypt,EMRO,989,148799,57,8142
2021-01-11,Egypt,EMRO,993,149792,55,8197
2021-01-12,Egypt,EMRO,961,150753,52,8249
2021-01-13,Egypt,EMRO,970,151723,55,8304
2021-01-14,Egypt,EMRO,996,152719,58,8362
2021-01-15,Egypt,EMRO,1022,153741,59,8421
2021-01-16,Egypt,EMRO,879,154620,52,8473
2021-01-17,Egypt,EMRO,887,155507,54,8527
2021-01-18,Egypt,EMRO,890,156397,56,8583
2021-01-19,Egypt,EMRO,878,157275,55,8638
2021-01-20,Egypt,EMRO,899,158174,58,8696
2021-01-21,Egypt,EMRO,789,158963,51,8747
2021-01-22,Egypt,EMRO,752,159715,54,8801
2021-01-23,Egypt,EMRO,748,160463,52,8853
2021-01-24,Egypt,EMRO,680,161143,49,8902
2021-01-25,Egypt,EMRO,674,161817,57,8959
2021-01-26,Egypt,EMRO,669,162486,53,9012
2021-01-27,Egypt,EMRO,643,163129,55,9067
2021-01-28,Egypt,EMRO,632,163761,48,9115
2021-01-29,Egypt,EMRO,521,164282,54,9169
2021-01-30,Egypt,EMRO,589,164871,48,9217
2021-01-31,Egypt,EMRO,547,165418,46,9263
2021-02-01,Egypt,EMRO,533,165951,53,9316
2021-02-02,Egypt,EMRO,541,166492,44,9360
2021-02-03,Egypt,EMRO,521,167013,47,9407
2021-02-04,Egypt,EMRO,512,167525,53,9460
2021-02-05,Egypt,EMRO,532,168057,52,9512
2021-02-06,Egypt,EMRO,540,168597,48,9560
2021-02-07,Egypt,EMRO,509,169106,44,9604
2021-02-08,Egypt,EMRO,534,169640,47,9651
2021-02-09,Egypt,EMRO,567,170207,48,9699
2021-02-10,Egypt,EMRO,573,170780,52,9751
2021-02-11,Egypt,EMRO,610,171390,53,9804
2021-02-12,Egypt,EMRO,603,171993,53,9857
2021-02-13,Egypt,EMRO,609,172602,42,9899
2021-02-14,Egypt,EMRO,600,173202,36,9935
2021-02-15,Egypt,EMRO,611,173813,59,9994
2021-02-16,Egypt,EMRO,613,174426,56,10050
2021-02-17,Egypt,EMRO,633,175059,51,10101
2021-02-18,Egypt,EMRO,618,175677,49,10150
2021-02-19,Egypt,EMRO,656,176333,51,10201
2021-02-20,Egypt,EMRO,610,176943,49,10250
2021-02-21,Egypt,EMRO,600,177543,48,10298
2021-02-22,Egypt,EMRO,608,178151,55,10353
2021-02-23,Egypt,EMRO,623,178774,51,10404
2021-02-24,Egypt,EMRO,633,179407,39,10443
2021-02-25,Egypt,EMRO,644,180051,52,10495
2021-02-26,Egypt,EMRO,589,180640,46,10541
2021-02-27,Egypt,EMRO,601,181241,49,10590
2021-02-28,Egypt,EMRO,588,181829,49,10639
2021-03-01,Egypt,EMRO,595,182424,49,10688
2021-03-02,Egypt,EMRO,586,183010,48,10736
2021-03-03,Egypt,EMRO,581,183591,42,10778
2021-03-04,Egypt,EMRO,577,184168,44,10822
2021-03-05,Egypt,EMRO,587,184755,49,10871
2021-03-06,Egypt,EMRO,579,185334,45,10916
2021-03-07,Egypt,EMRO,588,185922,38,10954
2021-03-08,Egypt,EMRO,581,186503,41,10995
2021-03-09,Egypt,EMRO,591,187094,43,11038
2021-03-10,Egypt,EMRO,622,187716,44,11082
2021-03-11,Egypt,EMRO,645,188361,46,11128
2021-03-12,Egypt,EMRO,639,189000,41,11169
2021-03-13,Egypt,EMRO,639,189639,45,11214
2021-03-14,Egypt,EMRO,641,190280,42,11256
2021-03-15,Egypt,EMRO,644,190924,44,11300
2021-03-16,Egypt,EMRO,631,191555,40,11340
2021-03-17,Egypt,EMRO,640,192195,44,11384
2021-03-18,Egypt,EMRO,645,192840,47,11431
2021-03-19,Egypt,EMRO,642,193482,41,11472
2021-03-20,Egypt,EMRO,645,194127,40,11512
2021-03-21,Egypt,EMRO,644,194771,45,11557
2021-03-22,Egypt,EMRO,647,195418,41,11598
2021-03-23,Egypt,EMRO,643,196061,39,11637
2021-03-24,Egypt,EMRO,648,196709,43,11680
2021-03-25,Egypt,EMRO,641,197350,40,11720
2021-03-26,Egypt,EMRO,661,198011,48,11768
2021-03-27,Egypt,EMRO,670,198681,36,11804
2021-03-28,Egypt,EMRO,683,199364,41,11845
2021-03-29,Egypt,EMRO,686,200050,37,11882
2021-03-30,Egypt,EMRO,689,200739,32,11914
2021-03-31,Egypt,EMRO,693,201432,42,11956
2021-04-01,Egypt,EMRO,699,202131,39,11995
2021-04-02,Egypt,EMRO,712,202843,46,12041
2021-04-03,Egypt,EMRO,703,203546,43,12084
2021-04-04,Egypt,EMRO,710,204256,39,12123
2021-04-05,Egypt,EMRO,709,204965,40,12163
2021-04-06,Egypt,EMRO,767,205732,47,12210
2021-04-07,Egypt,EMRO,778,206510,43,12253
2021-04-08,Egypt,EMRO,783,207293,37,12290
2021-04-09,Egypt,EMRO,789,208082,33,12323
2021-04-10,Egypt,EMRO,794,208876,39,12362
2021-04-11,Egypt,EMRO,801,209677,43,12405
2021-04-12,Egypt,EMRO,812,210489,40,12445
2021-04-13,Egypt,EMRO,818,211307,42,12487
2021-04-14,Egypt,EMRO,823,212130,39,12526
2021-04-15,Egypt,EMRO,831,212961,44,12570
2021-04-16,Egypt,EMRO,837,213798,41,12611
2021-04-17,Egypt,EMRO,841,214639,42,12653
2021-04-18,Egypt,EMRO,845,215484,41,12694
2021-04-19,Egypt,EMRO,850,216334,44,12738
2021-04-20,Egypt,EMRO,852,217186,40,12778
2021-04-21,Egypt,EMRO,855,218041,42,12820
2021-04-22,Egypt,EMRO,861,218902,46,12866
2021-04-23,Egypt,EMRO,872,219774,48,12914
2021-04-24,Egypt,EMRO,884,220658,45,12959
2021-04-25,Egypt,EMRO,912,221570,39,12998
2021-04-26,Egypt,EMRO,953,222523,51,13049
2021-04-27,Egypt,EMRO,991,223514,58,13107
2021-04-28,Egypt,EMRO,1003,224517,61,13168
2021-04-29,Egypt,EMRO,1011,225528,51,13219
2021-04-30,Egypt,EMRO,1003,226531,59,13278
2021-05-01,Egypt,EMRO,1021,227552,61,13339
2021-05-02,Egypt,EMRO,1032,228584,63,13402
2021-05-03,Egypt,EMRO,1051,229635,67,13469
2021-05-04,Egypt,EMRO,1078,230713,62,13531
2021-05-05,Egypt,EMRO,1090,231803,60,13591
2021-05-06,Egypt,EMRO,1102,232905,64,13655
2021-05-07,Egypt,EMRO,1110,234015,59,13714
2021-05-08,Egypt,EMRO,1125,235140,65,13779
2021-05-09,Egypt,EMRO,1132,236272,66,13845
2021-05-10,Egypt,EMRO,1138,237410,59,13904
2021-05-11,Egypt,EMRO,1150,238560,68,13972
2021-05-12,Egypt,EMRO,1180,239740,61,14033
2021-05-13,Egypt,EMRO,1187,240927,58,14091
2021-05-14,Egypt,EMRO,1193,242120,59,14150
2021-05-15,Egypt,EMRO,1197,243317,56,14206
2021-05-16,Egypt,EMRO,1203,244520,63,14269
2021-05-17,Egypt,EMRO,1201,245721,58,14327
2021-05-18,Egypt,EMRO,1188,246909,61,14388
2021-05-19,Egypt,EMRO,1169,248078,53,14441
2021-05-20,Egypt,EMRO,1160,249238,57,14498
2021-05-21,Egypt,EMRO,1153,250391,61,14559
2021-05-22,Egypt,EMRO,1148,251539,52,14611
2021-05-23,Egypt,EMRO,1151,252690,59,14670
2021-05-24,Egypt,EMRO,1145,253835,51,14721
2021-05-25,Egypt,EMRO,1149,254984,45,14766
2021-05-26,Egypt,EMRO,1140,256124,41,14807
2021-05-27,Egypt,EMRO,1151,257275,43,14850
2021-05-28,Egypt,EMRO,1132,258407,54,14904
2021-05-29,Egypt,EMRO,1133,259540,46,14950
2021-05-30,Egypt,EMRO,1119,260659,51,15001
2021-01-01,El Salvador,AMRO,0,45960,9,1336
2021-01-02,El Salvador,AMRO,0,45960,7,1343
2021-01-03,El Salvador,AMRO,282,46242,8,1351
2021-01-04,El Salvador,AMRO,561,46803,7,1358
2021-01-05,El Salvador,AMRO,284,47087,6,1364
2021-01-06,El Salvador,AMRO,268,47355,9,1373
2021-01-07,El Salvador,AMRO,0,47355,0,1373
2021-01-08,El Salvador,AMRO,593,47948,17,1390
2021-01-09,El Salvador,AMRO,307,48255,8,1398
2021-01-10,El Salvador,AMRO,319,48574,10,1408
2021-01-11,El Salvador,AMRO,331,48905,11,1419
2021-01-12,El Salvador,AMRO,0,48905,9,1428
2021-01-13,El Salvador,AMRO,0,48905,9,1437
2021-01-14,El Salvador,AMRO,634,49539,10,1447
2021-01-15,El Salvador,AMRO,618,50157,12,1459
2021-01-16,El Salvador,AMRO,0,50157,10,1469
2021-01-17,El Salvador,AMRO,0,50157,10,1479
2021-01-18,El Salvador,AMRO,627,50784,8,1487
2021-01-19,El Salvador,AMRO,653,51437,11,1498
2021-01-20,El Salvador,AMRO,0,51437,11,1509
2021-01-21,El Salvador,AMRO,0,51437,12,1521
2021-01-22,El Salvador,AMRO,951,52388,9,1530
2021-01-23,El Salvador,AMRO,284,52672,10,1540
2021-01-24,El Salvador,AMRO,0,52672,11,1551
2021-01-25,El Salvador,AMRO,546,53218,10,1561
2021-01-26,El Salvador,AMRO,261,53479,11,1572
2021-01-27,El Salvador,AMRO,0,53479,11,1583
2021-01-28,El Salvador,AMRO,510,53989,6,1589
2021-01-29,El Salvador,AMRO,0,53989,10,1599
2021-01-30,El Salvador,AMRO,0,53989,5,1604
2021-01-31,El Salvador,AMRO,0,53989,10,1614
2021-02-01,El Salvador,AMRO,977,54966,9,1623
2021-02-02,El Salvador,AMRO,229,55195,9,1632
2021-02-03,El Salvador,AMRO,0,55195,6,1638
2021-02-04,El Salvador,AMRO,428,55623,8,1646
2021-02-05,El Salvador,AMRO,198,55821,7,1653
2021-02-06,El Salvador,AMRO,204,56025,9,1662
2021-02-07,El Salvador,AMRO,212,56237,11,1673
2021-02-08,El Salvador,AMRO,0,56237,8,1681
2021-02-09,El Salvador,AMRO,416,56653,11,1692
2021-02-10,El Salvador,AMRO,0,56653,9,1701
2021-02-11,El Salvador,AMRO,0,56653,8,1709
2021-02-12,El Salvador,AMRO,0,56653,10,1719
2021-02-13,El Salvador,AMRO,0,56653,8,1727
2021-02-14,El Salvador,AMRO,775,57428,7,1734
2021-02-15,El Salvador,AMRO,0,57428,8,1742
2021-02-16,El Salvador,AMRO,595,58023,8,1750
2021-02-17,El Salvador,AMRO,0,58023,8,1758
2021-02-18,El Salvador,AMRO,0,58023,9,1767
2021-02-19,El Salvador,AMRO,0,58023,9,1776
2021-02-20,El Salvador,AMRO,523,58546,9,1785
2021-02-21,El Salvador,AMRO,0,58546,7,1792
2021-02-22,El Salvador,AMRO,0,58546,7,1799
2021-02-23,El Salvador,AMRO,689,59235,8,1807
2021-02-24,El Salvador,AMRO,0,59235,8,1815
2021-02-25,El Salvador,AMRO,0,59235,8,1823
2021-02-26,El Salvador,AMRO,0,59235,9,1832
2021-02-27,El Salvador,AMRO,631,59866,9,1841
2021-02-28,El Salvador,AMRO,0,59866,6,1847
2021-03-01,El Salvador,AMRO,0,59866,7,1854
2021-03-02,El Salvador,AMRO,0,59866,7,1861
2021-03-03,El Salvador,AMRO,0,59866,8,1869
2021-03-04,El Salvador,AMRO,625,60491,9,1878
2021-03-05,El Salvador,AMRO,0,60491,9,1887
2021-03-06,El Salvador,AMRO,309,60800,7,1894
2021-03-07,El Salvador,AMRO,0,60800,0,1894
2021-03-08,El Salvador,AMRO,0,60800,13,1907
2021-03-09,El Salvador,AMRO,0,60800,8,1915
2021-03-10,El Salvador,AMRO,739,61539,8,1923
2021-03-11,El Salvador,AMRO,138,61677,6,1929
2021-03-12,El Salvador,AMRO,137,61814,6,1935
2021-03-13,El Salvador,AMRO,133,61947,5,1940
2021-03-14,El Salvador,AMRO,139,62086,5,1945
2021-03-15,El Salvador,AMRO,0,62086,5,1950
2021-03-16,El Salvador,AMRO,291,62377,4,1954
2021-03-17,El Salvador,AMRO,154,62531,4,1958
2021-03-18,El Salvador,AMRO,0,62531,4,1962
2021-03-19,El Salvador,AMRO,0,62531,5,1967
2021-03-20,El Salvador,AMRO,0,62531,4,1971
2021-03-21,El Salvador,AMRO,0,62531,4,1975
2021-03-22,El Salvador,AMRO,813,63344,4,1979
2021-03-23,El Salvador,AMRO,0,63344,4,1983
2021-03-24,El Salvador,AMRO,0,63344,3,1986
2021-03-25,El Salvador,AMRO,422,63766,4,1990
2021-03-26,El Salvador,AMRO,0,63766,3,1993
2021-03-27,El Salvador,AMRO,0,63766,3,1996
2021-03-28,El Salvador,AMRO,0,63766,2,1998
2021-03-29,El Salvador,AMRO,0,63766,0,1998
2021-03-30,El Salvador,AMRO,665,64431,5,2003
2021-03-31,El Salvador,AMRO,0,64431,3,2006
2021-04-01,El Salvador,AMRO,0,64431,4,2010
2021-04-02,El Salvador,AMRO,0,64431,4,2014
2021-04-03,El Salvador,AMRO,0,64431,3,2017
2021-04-04,El Salvador,AMRO,0,64431,4,2021
2021-04-05,El Salvador,AMRO,0,64431,4,2025
2021-04-06,El Salvador,AMRO,1060,65491,5,2030
2021-04-07,El Salvador,AMRO,0,65491,0,2030
2021-04-08,El Salvador,AMRO,0,65491,7,2037
2021-04-09,El Salvador,AMRO,0,65491,3,2040
2021-04-10,El Salvador,AMRO,0,65491,4,2044
2021-04-11,El Salvador,AMRO,0,65491,4,2048
2021-04-12,El Salvador,AMRO,998,66489,3,2051
2021-04-13,El Salvador,AMRO,0,66489,3,2054
2021-04-14,El Salvador,AMRO,327,66816,3,2057
2021-04-15,El Salvador,AMRO,0,66816,3,2060
2021-04-16,El Salvador,AMRO,283,67099,4,2064
2021-04-17,El Salvador,AMRO,150,67249,4,2068
2021-04-18,El Salvador,AMRO,155,67404,4,2072
2021-04-19,El Salvador,AMRO,153,67557,3,2075
2021-04-20,El Salvador,AMRO,0,67557,3,2078
2021-04-21,El Salvador,AMRO,0,67557,4,2082
2021-04-22,El Salvador,AMRO,450,68007,4,2086
2021-04-23,El Salvador,AMRO,0,68007,3,2089
2021-04-24,El Salvador,AMRO,311,68318,4,2093
2021-04-25,El Salvador,AMRO,0,68318,5,2098
2021-04-26,El Salvador,AMRO,150,68468,5,2103
2021-04-27,El Salvador,AMRO,0,68468,3,2106
2021-04-28,El Salvador,AMRO,454,68922,5,2111
2021-04-29,El Salvador,AMRO,0,68922,6,2117
2021-04-30,El Salvador,AMRO,276,69198,3,2120
2021-05-01,El Salvador,AMRO,0,69198,4,2124
2021-05-02,El Salvador,AMRO,0,69198,4,2128
2021-05-03,El Salvador,AMRO,0,69198,4,2132
2021-05-04,El Salvador,AMRO,267,69465,2,2134
2021-05-05,El Salvador,AMRO,262,69727,3,2137
2021-05-06,El Salvador,AMRO,270,69997,4,2141
2021-05-07,El Salvador,AMRO,0,69997,2,2143
2021-05-08,El Salvador,AMRO,258,70255,3,2146
2021-05-09,El Salvador,AMRO,0,70255,4,2150
2021-05-10,El Salvador,AMRO,125,70380,4,2154
2021-05-11,El Salvador,AMRO,0,70380,4,2158
2021-05-12,El Salvador,AMRO,0,70380,6,2164
2021-05-13,El Salvador,AMRO,0,70380,4,2168
2021-05-14,El Salvador,AMRO,535,70915,5,2173
2021-05-15,El Salvador,AMRO,0,70915,5,2178
2021-05-16,El Salvador,AMRO,0,70915,4,2182
2021-05-17,El Salvador,AMRO,564,71479,5,2187
2021-05-18,El Salvador,AMRO,0,71479,4,2191
2021-05-19,El Salvador,AMRO,0,71479,4,2195
2021-05-20,El Salvador,AMRO,0,71479,4,2199
2021-05-21,El Salvador,AMRO,0,71479,3,2202
2021-05-22,El Salvador,AMRO,741,72220,4,2206
2021-05-23,El Salvador,AMRO,0,72220,5,2211
2021-05-24,El Salvador,AMRO,0,72220,5,2216
2021-05-25,El Salvador,AMRO,0,72220,4,2220
2021-05-26,El Salvador,AMRO,601,72821,4,2224
2021-05-27,El Salvador,AMRO,0,72821,5,2229
2021-05-28,El Salvador,AMRO,0,72821,4,2233
2021-05-29,El Salvador,AMRO,0,72821,4,2237
2021-05-30,El Salvador,AMRO,425,73246,4,2241
2021-01-01,Equatorial Guinea,AFRO,13,5277,0,86
2021-01-02,Equatorial Guinea,AFRO,0,5277,0,86
2021-01-03,Equatorial Guinea,AFRO,0,5277,0,86
2021-01-04,Equatorial Guinea,AFRO,0,5277,0,86
2021-01-05,Equatorial Guinea,AFRO,2,5279,0,86
2021-01-06,Equatorial Guinea,AFRO,0,5279,0,86
2021-01-07,Equatorial Guinea,AFRO,7,5286,0,86
2021-01-08,Equatorial Guinea,AFRO,0,5286,0,86
2021-01-09,Equatorial Guinea,AFRO,3,5289,0,86
2021-01-10,Equatorial Guinea,AFRO,0,5289,0,86
2021-01-11,Equatorial Guinea,AFRO,0,5289,0,86
2021-01-12,Equatorial Guinea,AFRO,7,5296,0,86
2021-01-13,Equatorial Guinea,AFRO,0,5296,0,86
2021-01-14,Equatorial Guinea,AFRO,20,5316,0,86
2021-01-15,Equatorial Guinea,AFRO,0,5316,0,86
2021-01-16,Equatorial Guinea,AFRO,0,5316,0,86
2021-01-17,Equatorial Guinea,AFRO,40,5356,0,86
2021-01-18,Equatorial Guinea,AFRO,0,5356,0,86
2021-01-19,Equatorial Guinea,AFRO,9,5365,0,86
2021-01-20,Equatorial Guinea,AFRO,0,5365,0,86
2021-01-21,Equatorial Guinea,AFRO,0,5365,0,86
2021-01-22,Equatorial Guinea,AFRO,0,5365,0,86
2021-01-23,Equatorial Guinea,AFRO,36,5401,0,86
2021-01-24,Equatorial Guinea,AFRO,0,5401,0,86
2021-01-25,Equatorial Guinea,AFRO,0,5401,0,86
2021-01-26,Equatorial Guinea,AFRO,53,5454,0,86
2021-01-27,Equatorial Guinea,AFRO,0,5454,0,86
2021-01-28,Equatorial Guinea,AFRO,38,5492,0,86
2021-01-29,Equatorial Guinea,AFRO,0,5492,0,86
2021-01-30,Equatorial Guinea,AFRO,24,5516,0,86
2021-01-31,Equatorial Guinea,AFRO,0,5516,0,86
2021-02-01,Equatorial Guinea,AFRO,0,5516,0,86
2021-02-02,Equatorial Guinea,AFRO,18,5534,0,86
2021-02-03,Equatorial Guinea,AFRO,0,5534,0,86
2021-02-04,Equatorial Guinea,AFRO,0,5534,0,86
2021-02-05,Equatorial Guinea,AFRO,0,5534,0,86
2021-02-06,Equatorial Guinea,AFRO,44,5578,0,86
2021-02-07,Equatorial Guinea,AFRO,0,5578,0,86
2021-02-08,Equatorial Guinea,AFRO,0,5578,0,86
2021-02-09,Equatorial Guinea,AFRO,36,5614,1,87
2021-02-10,Equatorial Guinea,AFRO,0,5614,0,87
2021-02-11,Equatorial Guinea,AFRO,0,5614,0,87
2021-02-12,Equatorial Guinea,AFRO,49,5663,0,87
2021-02-13,Equatorial Guinea,AFRO,0,5663,0,87
2021-02-14,Equatorial Guinea,AFRO,31,5694,0,87
2021-02-15,Equatorial Guinea,AFRO,0,5694,0,87
2021-02-16,Equatorial Guinea,AFRO,0,5694,0,87
2021-02-17,Equatorial Guinea,AFRO,0,5694,0,87
2021-02-18,Equatorial Guinea,AFRO,36,5730,1,88
2021-02-19,Equatorial Guinea,AFRO,17,5747,0,88
2021-02-20,Equatorial Guinea,AFRO,0,5747,0,88
2021-02-21,Equatorial Guinea,AFRO,51,5798,1,89
2021-02-22,Equatorial Guinea,AFRO,0,5798,0,89
2021-02-23,Equatorial Guinea,AFRO,0,5798,0,89
2021-02-24,Equatorial Guinea,AFRO,54,5852,2,91
2021-02-25,Equatorial Guinea,AFRO,0,5852,0,91
2021-02-26,Equatorial Guinea,AFRO,105,5957,0,91
2021-02-27,Equatorial Guinea,AFRO,0,5957,0,91
2021-02-28,Equatorial Guinea,AFRO,48,6005,0,91
2021-03-01,Equatorial Guinea,AFRO,0,6005,0,91
2021-03-02,Equatorial Guinea,AFRO,90,6095,1,92
2021-03-03,Equatorial Guinea,AFRO,0,6095,0,92
2021-03-04,Equatorial Guinea,AFRO,115,6210,1,93
2021-03-05,Equatorial Guinea,AFRO,0,6210,0,93
2021-03-06,Equatorial Guinea,AFRO,0,6210,0,93
2021-03-07,Equatorial Guinea,AFRO,119,6329,3,96
2021-03-08,Equatorial Guinea,AFRO,0,6329,0,96
2021-03-09,Equatorial Guinea,AFRO,42,6371,0,96
2021-03-10,Equatorial Guinea,AFRO,0,6371,0,96
2021-03-11,Equatorial Guinea,AFRO,0,6371,0,96
2021-03-12,Equatorial Guinea,AFRO,85,6456,2,98
2021-03-13,Equatorial Guinea,AFRO,0,6456,0,98
2021-03-14,Equatorial Guinea,AFRO,106,6562,0,98
2021-03-15,Equatorial Guinea,AFRO,0,6562,0,98
2021-03-16,Equatorial Guinea,AFRO,0,6562,0,98
2021-03-17,Equatorial Guinea,AFRO,41,6603,2,100
2021-03-18,Equatorial Guinea,AFRO,0,6603,0,100
2021-03-19,Equatorial Guinea,AFRO,63,6666,0,100
2021-03-20,Equatorial Guinea,AFRO,0,6666,0,100
2021-03-21,Equatorial Guinea,AFRO,70,6736,0,100
2021-03-22,Equatorial Guinea,AFRO,44,6780,1,101
2021-03-23,Equatorial Guinea,AFRO,0,6780,0,101
2021-03-24,Equatorial Guinea,AFRO,0,6780,0,101
2021-03-25,Equatorial Guinea,AFRO,71,6851,1,102
2021-03-26,Equatorial Guinea,AFRO,0,6851,0,102
2021-03-27,Equatorial Guinea,AFRO,0,6851,0,102
2021-03-28,Equatorial Guinea,AFRO,51,6902,0,102
2021-03-29,Equatorial Guinea,AFRO,0,6902,0,102
2021-03-30,Equatorial Guinea,AFRO,12,6914,0,102
2021-03-31,Equatorial Guinea,AFRO,0,6914,0,102
2021-04-01,Equatorial Guinea,AFRO,0,6914,0,102
2021-04-02,Equatorial Guinea,AFRO,94,7008,1,103
2021-04-03,Equatorial Guinea,AFRO,0,7008,0,103
2021-04-04,Equatorial Guinea,AFRO,0,7008,0,103
2021-04-05,Equatorial Guinea,AFRO,0,7008,0,103
2021-04-06,Equatorial Guinea,AFRO,51,7059,1,104
2021-04-07,Equatorial Guinea,AFRO,0,7059,0,104
2021-04-08,Equatorial Guinea,AFRO,0,7059,0,104
2021-04-09,Equatorial Guinea,AFRO,0,7059,0,104
2021-04-10,Equatorial Guinea,AFRO,0,7059,0,104
2021-04-11,Equatorial Guinea,AFRO,160,7219,2,106
2021-04-12,Equatorial Guinea,AFRO,0,7219,0,106
2021-04-13,Equatorial Guinea,AFRO,0,7219,0,106
2021-04-14,Equatorial Guinea,AFRO,0,7219,0,106
2021-04-15,Equatorial Guinea,AFRO,40,7259,0,106
2021-04-16,Equatorial Guinea,AFRO,0,7259,0,106
2021-04-17,Equatorial Guinea,AFRO,0,7259,0,106
2021-04-18,Equatorial Guinea,AFRO,0,7259,0,106
2021-04-19,Equatorial Guinea,AFRO,0,7259,0,106
2021-04-20,Equatorial Guinea,AFRO,0,7259,0,106
2021-04-21,Equatorial Guinea,AFRO,246,7505,0,106
2021-04-22,Equatorial Guinea,AFRO,0,7505,0,106
2021-04-23,Equatorial Guinea,AFRO,0,7505,0,106
2021-04-24,Equatorial Guinea,AFRO,54,7559,1,107
2021-04-25,Equatorial Guinea,AFRO,0,7559,0,107
2021-04-26,Equatorial Guinea,AFRO,0,7559,0,107
2021-04-27,Equatorial Guinea,AFRO,0,7559,0,107
2021-04-28,Equatorial Guinea,AFRO,0,7559,0,107
2021-04-29,Equatorial Guinea,AFRO,0,7559,0,107
2021-04-30,Equatorial Guinea,AFRO,135,7694,5,112
2021-05-01,Equatorial Guinea,AFRO,0,7694,0,112
2021-05-02,Equatorial Guinea,AFRO,0,7694,0,112
2021-05-03,Equatorial Guinea,AFRO,0,7694,0,112
2021-05-04,Equatorial Guinea,AFRO,0,7694,0,112
2021-05-05,Equatorial Guinea,AFRO,0,7694,0,112
2021-05-06,Equatorial Guinea,AFRO,0,7694,0,112
2021-05-07,Equatorial Guinea,AFRO,0,7694,0,112
2021-05-08,Equatorial Guinea,AFRO,0,7694,0,112
2021-05-09,Equatorial Guinea,AFRO,0,7694,0,112
2021-05-10,Equatorial Guinea,AFRO,0,7694,0,112
2021-05-11,Equatorial Guinea,AFRO,0,7694,0,112
2021-05-12,Equatorial Guinea,AFRO,0,7694,0,112
2021-05-13,Equatorial Guinea,AFRO,0,7694,0,112
2021-05-14,Equatorial Guinea,AFRO,0,7694,0,112
2021-05-15,Equatorial Guinea,AFRO,0,7694,0,112
2021-05-16,Equatorial Guinea,AFRO,0,7694,0,112
2021-05-17,Equatorial Guinea,AFRO,0,7694,0,112
2021-05-18,Equatorial Guinea,AFRO,0,7694,0,112
2021-05-19,Equatorial Guinea,AFRO,0,7694,0,112
2021-05-20,Equatorial Guinea,AFRO,0,7694,0,112
2021-05-21,Equatorial Guinea,AFRO,742,8436,1,113
2021-05-22,Equatorial Guinea,AFRO,0,8436,0,113
2021-05-23,Equatorial Guinea,AFRO,0,8436,0,113
2021-05-24,Equatorial Guinea,AFRO,0,8436,0,113
2021-05-25,Equatorial Guinea,AFRO,40,8476,0,113
2021-05-26,Equatorial Guinea,AFRO,0,8476,0,113
2021-05-27,Equatorial Guinea,AFRO,0,8476,0,113
2021-05-28,Equatorial Guinea,AFRO,0,8476,0,113
2021-05-29,Equatorial Guinea,AFRO,0,8476,0,113
2021-05-30,Equatorial Guinea,AFRO,53,8529,5,118
2021-01-01,Eritrea,AFRO,68,1320,2,3
2021-01-02,Eritrea,AFRO,0,1320,0,3
2021-01-03,Eritrea,AFRO,0,1320,0,3
2021-01-04,Eritrea,AFRO,0,1320,0,3
2021-01-05,Eritrea,AFRO,43,1363,0,3
2021-01-06,Eritrea,AFRO,82,1445,0,3
2021-01-07,Eritrea,AFRO,0,1445,0,3
2021-01-08,Eritrea,AFRO,0,1445,0,3
2021-01-09,Eritrea,AFRO,111,1556,3,6
2021-01-10,Eritrea,AFRO,0,1556,0,6
2021-01-11,Eritrea,AFRO,0,1556,0,6
2021-01-12,Eritrea,AFRO,0,1556,0,6
2021-01-13,Eritrea,AFRO,40,1596,0,6
2021-01-14,Eritrea,AFRO,0,1596,0,6
2021-01-15,Eritrea,AFRO,209,1805,0,6
2021-01-16,Eritrea,AFRO,0,1805,0,6
2021-01-17,Eritrea,AFRO,72,1877,0,6
2021-01-18,Eritrea,AFRO,0,1877,0,6
2021-01-19,Eritrea,AFRO,0,1877,0,6
2021-01-20,Eritrea,AFRO,0,1877,0,6
2021-01-21,Eritrea,AFRO,33,1910,0,6
2021-01-22,Eritrea,AFRO,3,1913,0,6
2021-01-23,Eritrea,AFRO,27,1940,0,6
2021-01-24,Eritrea,AFRO,0,1940,0,6
2021-01-25,Eritrea,AFRO,0,1940,0,6
2021-01-26,Eritrea,AFRO,0,1940,1,7
2021-01-27,Eritrea,AFRO,30,1970,0,7
2021-01-28,Eritrea,AFRO,115,2085,0,7
2021-01-29,Eritrea,AFRO,0,2085,0,7
2021-01-30,Eritrea,AFRO,50,2135,0,7
2021-01-31,Eritrea,AFRO,0,2135,0,7
2021-02-01,Eritrea,AFRO,0,2135,0,7
2021-02-02,Eritrea,AFRO,0,2135,0,7
2021-02-03,Eritrea,AFRO,132,2267,0,7
2021-02-04,Eritrea,AFRO,42,2309,0,7
2021-02-05,Eritrea,AFRO,0,2309,0,7
2021-02-06,Eritrea,AFRO,17,2326,0,7
2021-02-07,Eritrea,AFRO,0,2326,0,7
2021-02-08,Eritrea,AFRO,0,2326,0,7
2021-02-09,Eritrea,AFRO,0,2326,0,7
2021-02-10,Eritrea,AFRO,75,2401,0,7
2021-02-11,Eritrea,AFRO,17,2418,0,7
2021-02-12,Eritrea,AFRO,11,2429,0,7
2021-02-13,Eritrea,AFRO,0,2429,0,7
2021-02-14,Eritrea,AFRO,0,2429,0,7
2021-02-15,Eritrea,AFRO,0,2429,0,7
2021-02-16,Eritrea,AFRO,137,2566,0,7
2021-02-17,Eritrea,AFRO,0,2566,0,7
2021-02-18,Eritrea,AFRO,0,2566,0,7
2021-02-19,Eritrea,AFRO,109,2675,0,7
2021-02-20,Eritrea,AFRO,10,2685,0,7
2021-02-21,Eritrea,AFRO,0,2685,0,7
2021-02-22,Eritrea,AFRO,0,2685,0,7
2021-02-23,Eritrea,AFRO,18,2703,0,7
2021-02-24,Eritrea,AFRO,70,2773,0,7
2021-02-25,Eritrea,AFRO,16,2789,0,7
2021-02-26,Eritrea,AFRO,37,2826,0,7
2021-02-27,Eritrea,AFRO,21,2847,0,7
2021-02-28,Eritrea,AFRO,0,2847,0,7
2021-03-01,Eritrea,AFRO,0,2847,0,7
2021-03-02,Eritrea,AFRO,19,2866,0,7
2021-03-03,Eritrea,AFRO,18,2884,0,7
2021-03-04,Eritrea,AFRO,8,2892,0,7
2021-03-05,Eritrea,AFRO,21,2913,0,7
2021-03-06,Eritrea,AFRO,9,2922,0,7
2021-03-07,Eritrea,AFRO,22,2944,0,7
2021-03-08,Eritrea,AFRO,0,2944,0,7
2021-03-09,Eritrea,AFRO,0,2944,0,7
2021-03-10,Eritrea,AFRO,0,2944,0,7
2021-03-11,Eritrea,AFRO,44,2988,0,7
2021-03-12,Eritrea,AFRO,21,3009,0,7
2021-03-13,Eritrea,AFRO,29,3038,0,7
2021-03-14,Eritrea,AFRO,0,3038,0,7
2021-03-15,Eritrea,AFRO,0,3038,0,7
2021-03-16,Eritrea,AFRO,17,3055,0,7
2021-03-17,Eritrea,AFRO,7,3062,0,7
2021-03-18,Eritrea,AFRO,16,3078,0,7
2021-03-19,Eritrea,AFRO,17,3095,0,7
2021-03-20,Eritrea,AFRO,0,3095,0,7
2021-03-21,Eritrea,AFRO,23,3118,0,7
2021-03-22,Eritrea,AFRO,0,3118,0,7
2021-03-23,Eritrea,AFRO,0,3118,0,7
2021-03-24,Eritrea,AFRO,45,3163,28,35
2021-03-25,Eritrea,AFRO,20,3183,-27,8
2021-03-26,Eritrea,AFRO,9,3192,1,9
2021-03-27,Eritrea,AFRO,16,3208,0,9
2021-03-28,Eritrea,AFRO,0,3208,0,9
2021-03-29,Eritrea,AFRO,0,3208,0,9
2021-03-30,Eritrea,AFRO,43,3251,0,9
2021-03-31,Eritrea,AFRO,28,3279,0,9
2021-04-01,Eritrea,AFRO,6,3285,1,10
2021-04-02,Eritrea,AFRO,23,3308,0,10
2021-04-03,Eritrea,AFRO,26,3334,0,10
2021-04-04,Eritrea,AFRO,0,3334,0,10
2021-04-05,Eritrea,AFRO,0,3334,0,10
2021-04-06,Eritrea,AFRO,6,3340,0,10
2021-04-07,Eritrea,AFRO,23,3363,0,10
2021-04-08,Eritrea,AFRO,11,3374,0,10
2021-04-09,Eritrea,AFRO,19,3393,0,10
2021-04-10,Eritrea,AFRO,54,3447,0,10
2021-04-11,Eritrea,AFRO,0,3447,0,10
2021-04-12,Eritrea,AFRO,0,3447,0,10
2021-04-13,Eritrea,AFRO,19,3466,0,10
2021-04-14,Eritrea,AFRO,3,3469,0,10
2021-04-15,Eritrea,AFRO,10,3479,0,10
2021-04-16,Eritrea,AFRO,7,3486,0,10
2021-04-17,Eritrea,AFRO,5,3491,0,10
2021-04-18,Eritrea,AFRO,0,3491,0,10
2021-04-19,Eritrea,AFRO,0,3491,0,10
2021-04-20,Eritrea,AFRO,46,3537,0,10
2021-04-21,Eritrea,AFRO,11,3548,0,10
2021-04-22,Eritrea,AFRO,16,3564,0,10
2021-04-23,Eritrea,AFRO,33,3597,0,10
2021-04-24,Eritrea,AFRO,8,3605,0,10
2021-04-25,Eritrea,AFRO,0,3605,0,10
2021-04-26,Eritrea,AFRO,0,3605,0,10
2021-04-27,Eritrea,AFRO,35,3640,0,10
2021-04-28,Eritrea,AFRO,0,3640,0,10
2021-04-29,Eritrea,AFRO,19,3659,0,10
2021-04-30,Eritrea,AFRO,12,3671,0,10
2021-05-01,Eritrea,AFRO,0,3671,0,10
2021-05-02,Eritrea,AFRO,0,3671,0,10
2021-05-03,Eritrea,AFRO,0,3671,0,10
2021-05-04,Eritrea,AFRO,2,3673,2,12
2021-05-05,Eritrea,AFRO,8,3681,0,12
2021-05-06,Eritrea,AFRO,26,3707,0,12
2021-05-07,Eritrea,AFRO,27,3734,0,12
2021-05-08,Eritrea,AFRO,8,3742,0,12
2021-05-09,Eritrea,AFRO,0,3742,0,12
2021-05-10,Eritrea,AFRO,0,3742,0,12
2021-05-11,Eritrea,AFRO,12,3754,0,12
2021-05-12,Eritrea,AFRO,64,3818,0,12
2021-05-13,Eritrea,AFRO,4,3822,0,12
2021-05-14,Eritrea,AFRO,0,3822,0,12
2021-05-15,Eritrea,AFRO,0,3822,0,12
2021-05-16,Eritrea,AFRO,22,3844,0,12
2021-05-17,Eritrea,AFRO,0,3844,0,12
2021-05-18,Eritrea,AFRO,24,3868,2,14
2021-05-19,Eritrea,AFRO,11,3879,0,14
2021-05-20,Eritrea,AFRO,8,3887,0,14
2021-05-21,Eritrea,AFRO,19,3906,0,14
2021-05-22,Eritrea,AFRO,15,3921,0,14
2021-05-23,Eritrea,AFRO,11,3932,0,14
2021-05-24,Eritrea,AFRO,0,3932,0,14
2021-05-25,Eritrea,AFRO,0,3932,0,14
2021-05-26,Eritrea,AFRO,16,3948,0,14
2021-05-27,Eritrea,AFRO,40,3988,0,14
2021-05-28,Eritrea,AFRO,22,4010,0,14
2021-05-29,Eritrea,AFRO,12,4022,0,14
2021-05-30,Eritrea,AFRO,39,4061,0,14
2021-01-01,Estonia,EURO,416,28406,5,234
2021-01-02,Estonia,EURO,383,28789,7,241
2021-01-03,Estonia,EURO,342,29131,3,244
2021-01-04,Estonia,EURO,390,29521,7,251
2021-01-05,Estonia,EURO,429,29950,6,257
2021-01-06,Estonia,EURO,717,30667,4,261
2021-01-07,Estonia,EURO,1084,31751,4,265
2021-01-08,Estonia,EURO,786,32537,5,270
2021-01-09,Estonia,EURO,552,33089,8,278
2021-01-10,Estonia,EURO,427,33516,5,283
2021-01-11,Estonia,EURO,289,33805,4,287
2021-01-12,Estonia,EURO,333,34138,5,292
2021-01-13,Estonia,EURO,853,34991,0,292
2021-01-14,Estonia,EURO,630,35621,9,301
2021-01-15,Estonia,EURO,475,36096,10,311
2021-01-16,Estonia,EURO,595,36691,9,320
2021-01-17,Estonia,EURO,388,37079,5,325
2021-01-18,Estonia,EURO,265,37344,8,333
2021-01-19,Estonia,EURO,597,37941,11,344
2021-01-20,Estonia,EURO,603,38544,5,349
2021-01-21,Estonia,EURO,668,39212,5,354
2021-01-22,Estonia,EURO,489,39701,4,358
2021-01-23,Estonia,EURO,483,40184,10,368
2021-01-24,Estonia,EURO,532,40716,8,376
2021-01-25,Estonia,EURO,259,40975,7,383
2021-01-26,Estonia,EURO,355,41330,9,392
2021-01-27,Estonia,EURO,636,41966,6,398
2021-01-28,Estonia,EURO,690,42656,8,406
2021-01-29,Estonia,EURO,687,43343,3,409
2021-01-30,Estonia,EURO,404,43747,2,411
2021-01-31,Estonia,EURO,461,44208,8,419
2021-02-01,Estonia,EURO,367,44575,3,422
2021-02-02,Estonia,EURO,403,44978,2,424
2021-02-03,Estonia,EURO,685,45663,9,433
2021-02-04,Estonia,EURO,671,46334,10,443
2021-02-05,Estonia,EURO,591,46925,4,447
2021-02-06,Estonia,EURO,587,47512,9,456
2021-02-07,Estonia,EURO,416,47928,5,461
2021-02-08,Estonia,EURO,339,48267,0,461
2021-02-09,Estonia,EURO,542,48809,13,474
2021-02-10,Estonia,EURO,796,49605,3,477
2021-02-11,Estonia,EURO,675,50280,3,480
2021-02-12,Estonia,EURO,713,50993,6,486
2021-02-13,Estonia,EURO,756,51749,5,491
2021-02-14,Estonia,EURO,667,52416,4,495
2021-02-15,Estonia,EURO,411,52827,6,501
2021-02-16,Estonia,EURO,617,53444,7,508
2021-02-17,Estonia,EURO,856,54300,2,510
2021-02-18,Estonia,EURO,995,55295,4,514
2021-02-19,Estonia,EURO,951,56246,4,518
2021-02-20,Estonia,EURO,787,57033,10,528
2021-02-21,Estonia,EURO,583,57616,7,535
2021-02-22,Estonia,EURO,829,58445,5,540
2021-02-23,Estonia,EURO,962,59407,13,553
2021-02-24,Estonia,EURO,1068,60475,4,557
2021-02-25,Estonia,EURO,1152,61627,10,567
2021-02-26,Estonia,EURO,1203,62830,8,575
2021-02-27,Estonia,EURO,1569,64399,0,575
2021-02-28,Estonia,EURO,1201,65600,14,589
2021-03-01,Estonia,EURO,1028,66628,9,598
2021-03-02,Estonia,EURO,1111,67739,7,605
2021-03-03,Estonia,EURO,1454,69193,10,615
2021-03-04,Estonia,EURO,1417,70610,8,623
2021-03-05,Estonia,EURO,1534,72144,14,637
2021-03-06,Estonia,EURO,1540,73684,7,644
2021-03-07,Estonia,EURO,1319,75003,9,653
2021-03-08,Estonia,EURO,1180,76183,14,667
2021-03-09,Estonia,EURO,1308,77491,2,669
2021-03-10,Estonia,EURO,1482,78973,8,677
2021-03-11,Estonia,EURO,1956,80929,9,686
2021-03-12,Estonia,EURO,1357,82286,9,695
2021-03-13,Estonia,EURO,1586,83872,15,710
2021-03-14,Estonia,EURO,935,84807,9,719
2021-03-15,Estonia,EURO,1279,86086,9,728
2021-03-16,Estonia,EURO,1462,87548,11,739
2021-03-17,Estonia,EURO,1783,89331,6,745
2021-03-18,Estonia,EURO,1700,91031,13,758
2021-03-19,Estonia,EURO,1749,92780,11,769
2021-03-20,Estonia,EURO,1248,94028,11,780
2021-03-21,Estonia,EURO,1373,95401,7,787
2021-03-22,Estonia,EURO,993,96394,10,797
2021-03-23,Estonia,EURO,1062,97456,12,809
2021-03-24,Estonia,EURO,1552,99008,14,823
2021-03-25,Estonia,EURO,1429,100437,13,836
2021-03-26,Estonia,EURO,1150,101587,11,847
2021-03-27,Estonia,EURO,1151,102738,0,847
2021-03-28,Estonia,EURO,892,103630,0,847
2021-03-29,Estonia,EURO,584,104214,32,879
2021-03-30,Estonia,EURO,1202,105416,17,896
2021-03-31,Estonia,EURO,1008,106424,6,902
2021-04-01,Estonia,EURO,829,107253,6,908
2021-04-02,Estonia,EURO,1165,108418,14,922
2021-04-03,Estonia,EURO,519,108937,9,931
2021-04-04,Estonia,EURO,462,109399,10,941
2021-04-05,Estonia,EURO,382,109781,9,950
2021-04-06,Estonia,EURO,899,110680,14,964
2021-04-07,Estonia,EURO,984,111664,12,976
2021-04-08,Estonia,EURO,757,112421,14,990
2021-04-09,Estonia,EURO,677,113098,16,1006
2021-04-10,Estonia,EURO,638,113736,14,1020
2021-04-11,Estonia,EURO,438,114174,0,1020
2021-04-12,Estonia,EURO,269,114443,17,1037
2021-04-13,Estonia,EURO,637,115080,12,1049
2021-04-14,Estonia,EURO,549,115629,8,1057
2021-04-15,Estonia,EURO,571,116200,7,1064
2021-04-16,Estonia,EURO,478,116678,6,1070
2021-04-17,Estonia,EURO,333,117011,12,1082
2021-04-18,Estonia,EURO,543,117554,10,1092
2021-04-19,Estonia,EURO,228,117782,8,1100
2021-04-20,Estonia,EURO,535,118317,4,1104
2021-04-21,Estonia,EURO,472,118789,5,1109
2021-04-22,Estonia,EURO,429,119218,11,1120
2021-04-23,Estonia,EURO,392,119610,6,1126
2021-04-24,Estonia,EURO,390,120000,11,1137
2021-04-25,Estonia,EURO,215,120215,6,1143
2021-04-26,Estonia,EURO,163,120378,0,1143
2021-04-27,Estonia,EURO,458,120836,5,1148
2021-04-28,Estonia,EURO,396,121232,0,1148
2021-04-29,Estonia,EURO,425,121657,0,1148
2021-04-30,Estonia,EURO,362,122019,10,1158
2021-05-01,Estonia,EURO,431,122450,8,1166
2021-05-02,Estonia,EURO,235,122685,2,1168
2021-05-03,Estonia,EURO,258,122943,4,1172
2021-05-04,Estonia,EURO,401,123344,5,1177
2021-05-05,Estonia,EURO,437,123781,6,1183
2021-05-06,Estonia,EURO,366,124147,4,1187
2021-05-07,Estonia,EURO,382,124529,6,1193
2021-05-08,Estonia,EURO,372,124901,2,1195
2021-05-09,Estonia,EURO,225,125126,6,1201
2021-05-10,Estonia,EURO,211,125337,3,1204
2021-05-11,Estonia,EURO,359,125696,2,1206
2021-05-12,Estonia,EURO,368,126064,4,1210
2021-05-13,Estonia,EURO,300,126364,2,1212
2021-05-14,Estonia,EURO,278,126642,5,1217
2021-05-15,Estonia,EURO,280,126922,3,1220
2021-05-16,Estonia,EURO,131,127053,2,1222
2021-05-17,Estonia,EURO,153,127206,1,1223
2021-05-18,Estonia,EURO,294,127500,6,1229
2021-05-19,Estonia,EURO,257,127757,3,1232
2021-05-20,Estonia,EURO,327,128084,3,1235
2021-05-21,Estonia,EURO,225,128309,4,1239
2021-05-22,Estonia,EURO,180,128489,1,1240
2021-05-23,Estonia,EURO,103,128592,0,1240
2021-05-24,Estonia,EURO,77,128669,1,1241
2021-05-25,Estonia,EURO,160,128829,0,1241
2021-05-26,Estonia,EURO,185,129014,1,1242
2021-05-27,Estonia,EURO,144,129158,2,1244
2021-05-28,Estonia,EURO,139,129297,3,1247
2021-05-29,Estonia,EURO,127,129424,3,1250
2021-05-30,Estonia,EURO,62,129486,1,1251
2021-01-01,Eswatini,AFRO,212,9358,21,206
2021-01-02,Eswatini,AFRO,0,9358,0,206
2021-01-03,Eswatini,AFRO,353,9711,21,227
2021-01-04,Eswatini,AFRO,232,9943,4,231
2021-01-05,Eswatini,AFRO,195,10138,13,244
2021-01-06,Eswatini,AFRO,200,10338,8,252
2021-01-07,Eswatini,AFRO,201,10539,9,261
2021-01-08,Eswatini,AFRO,234,10773,0,261
2021-01-09,Eswatini,AFRO,200,10973,18,279
2021-01-10,Eswatini,AFRO,207,11180,12,291
2021-01-11,Eswatini,AFRO,255,11435,4,295
2021-01-12,Eswatini,AFRO,276,11711,3,298
2021-01-13,Eswatini,AFRO,208,11919,21,319
2021-01-14,Eswatini,AFRO,205,12124,13,332
2021-01-15,Eswatini,AFRO,203,12327,3,335
2021-01-16,Eswatini,AFRO,0,12327,0,335
2021-01-17,Eswatini,AFRO,409,12736,25,360
2021-01-18,Eswatini,AFRO,208,12944,16,376
2021-01-19,Eswatini,AFRO,243,13187,8,384
2021-01-20,Eswatini,AFRO,256,13443,19,403
2021-01-21,Eswatini,AFRO,346,13789,24,427
2021-01-22,Eswatini,AFRO,228,14017,14,441
2021-01-23,Eswatini,AFRO,202,14219,17,458
2021-01-24,Eswatini,AFRO,111,14330,0,458
2021-01-25,Eswatini,AFRO,154,14484,21,479
2021-01-26,Eswatini,AFRO,0,14484,14,493
2021-01-27,Eswatini,AFRO,347,14831,24,517
2021-01-28,Eswatini,AFRO,220,15051,5,522
2021-01-29,Eswatini,AFRO,232,15283,16,538
2021-01-30,Eswatini,AFRO,188,15471,13,551
2021-01-31,Eswatini,AFRO,195,15666,11,562
2021-02-01,Eswatini,AFRO,45,15711,3,565
2021-02-02,Eswatini,AFRO,93,15804,9,574
2021-02-03,Eswatini,AFRO,74,15878,9,583
2021-02-04,Eswatini,AFRO,96,15974,2,585
2021-02-05,Eswatini,AFRO,71,16045,6,591
2021-02-06,Eswatini,AFRO,92,16137,9,600
2021-02-07,Eswatini,AFRO,44,16181,4,604
2021-02-08,Eswatini,AFRO,23,16204,0,604
2021-02-09,Eswatini,AFRO,30,16234,3,607
2021-02-10,Eswatini,AFRO,54,16288,3,610
2021-02-11,Eswatini,AFRO,53,16341,6,616
2021-02-12,Eswatini,AFRO,55,16396,3,619
2021-02-13,Eswatini,AFRO,59,16455,11,630
2021-02-14,Eswatini,AFRO,33,16488,0,630
2021-02-15,Eswatini,AFRO,47,16535,0,630
2021-02-16,Eswatini,AFRO,41,16576,4,634
2021-02-17,Eswatini,AFRO,30,16606,0,634
2021-02-18,Eswatini,AFRO,67,16673,3,637
2021-02-19,Eswatini,AFRO,36,16709,3,640
2021-02-20,Eswatini,AFRO,33,16742,3,643
2021-02-21,Eswatini,AFRO,22,16764,2,645
2021-02-22,Eswatini,AFRO,25,16789,0,645
2021-02-23,Eswatini,AFRO,18,16807,0,645
2021-02-24,Eswatini,AFRO,32,16839,2,647
2021-02-25,Eswatini,AFRO,58,16897,2,649
2021-02-26,Eswatini,AFRO,49,16946,1,650
2021-02-27,Eswatini,AFRO,26,16972,0,650
2021-02-28,Eswatini,AFRO,30,17002,0,650
2021-03-01,Eswatini,AFRO,12,17014,2,652
2021-03-02,Eswatini,AFRO,11,17025,0,652
2021-03-03,Eswatini,AFRO,61,17086,0,652
2021-03-04,Eswatini,AFRO,17,17103,0,652
2021-03-05,Eswatini,AFRO,26,17129,2,654
2021-03-06,Eswatini,AFRO,26,17155,0,654
2021-03-07,Eswatini,AFRO,18,17173,4,658
2021-03-08,Eswatini,AFRO,11,17184,0,658
2021-03-09,Eswatini,AFRO,4,17188,0,658
2021-03-10,Eswatini,AFRO,3,17191,0,658
2021-03-11,Eswatini,AFRO,12,17203,0,658
2021-03-12,Eswatini,AFRO,12,17215,1,659
2021-03-13,Eswatini,AFRO,10,17225,0,659
2021-03-14,Eswatini,AFRO,9,17234,2,661
2021-03-15,Eswatini,AFRO,3,17237,0,661
2021-03-16,Eswatini,AFRO,2,17239,2,663
2021-03-17,Eswatini,AFRO,4,17243,0,663
2021-03-18,Eswatini,AFRO,14,17257,0,663
2021-03-19,Eswatini,AFRO,10,17267,1,664
2021-03-20,Eswatini,AFRO,0,17267,0,664
2021-03-21,Eswatini,AFRO,16,17283,1,665
2021-03-22,Eswatini,AFRO,3,17286,3,668
2021-03-23,Eswatini,AFRO,4,17290,0,668
2021-03-24,Eswatini,AFRO,6,17296,0,668
2021-03-25,Eswatini,AFRO,5,17301,-2,666
2021-03-26,Eswatini,AFRO,5,17306,0,666
2021-03-27,Eswatini,AFRO,6,17312,0,666
2021-03-28,Eswatini,AFRO,6,17318,0,666
2021-03-29,Eswatini,AFRO,3,17321,1,667
2021-03-30,Eswatini,AFRO,5,17326,0,667
2021-03-31,Eswatini,AFRO,7,17333,0,667
2021-04-01,Eswatini,AFRO,4,17337,0,667
2021-04-02,Eswatini,AFRO,7,17344,1,668
2021-04-03,Eswatini,AFRO,3,17347,0,668
2021-04-04,Eswatini,AFRO,0,17347,0,668
2021-04-05,Eswatini,AFRO,5,17352,0,668
2021-04-06,Eswatini,AFRO,2,17354,1,669
2021-04-07,Eswatini,AFRO,4,17358,0,669
2021-04-08,Eswatini,AFRO,7,17365,0,669
2021-04-09,Eswatini,AFRO,2,17367,0,669
2021-04-10,Eswatini,AFRO,3,17370,0,669
2021-04-11,Eswatini,AFRO,3,17373,0,669
2021-04-12,Eswatini,AFRO,3,17376,0,669
2021-04-13,Eswatini,AFRO,1018,18394,0,669
2021-04-14,Eswatini,AFRO,8,18402,0,669
2021-04-15,Eswatini,AFRO,5,18407,1,670
2021-04-16,Eswatini,AFRO,5,18412,0,670
2021-04-17,Eswatini,AFRO,2,18414,0,670
2021-04-18,Eswatini,AFRO,1,18415,1,671
2021-04-19,Eswatini,AFRO,2,18417,0,671
2021-04-20,Eswatini,AFRO,0,18417,0,671
2021-04-21,Eswatini,AFRO,0,18417,0,671
2021-04-22,Eswatini,AFRO,6,18423,0,671
2021-04-23,Eswatini,AFRO,3,18426,0,671
2021-04-24,Eswatini,AFRO,8,18434,0,671
2021-04-25,Eswatini,AFRO,6,18440,0,671
2021-04-26,Eswatini,AFRO,2,18442,0,671
2021-04-27,Eswatini,AFRO,1,18443,0,671
2021-04-28,Eswatini,AFRO,5,18448,0,671
2021-04-29,Eswatini,AFRO,4,18452,0,671
2021-04-30,Eswatini,AFRO,6,18458,0,671
2021-05-01,Eswatini,AFRO,0,18458,0,671
2021-05-02,Eswatini,AFRO,0,18458,0,671
2021-05-03,Eswatini,AFRO,0,18458,0,671
2021-05-04,Eswatini,AFRO,2,18460,0,671
2021-05-05,Eswatini,AFRO,1,18461,0,671
2021-05-06,Eswatini,AFRO,6,18467,0,671
2021-05-07,Eswatini,AFRO,6,18473,0,671
2021-05-08,Eswatini,AFRO,1,18474,0,671
2021-05-09,Eswatini,AFRO,3,18477,0,671
2021-05-10,Eswatini,AFRO,3,18480,0,671
2021-05-11,Eswatini,AFRO,2,18482,0,671
2021-05-12,Eswatini,AFRO,5,18487,0,671
2021-05-13,Eswatini,AFRO,5,18492,0,671
2021-05-14,Eswatini,AFRO,5,18497,0,671
2021-05-15,Eswatini,AFRO,14,18511,0,671
2021-05-16,Eswatini,AFRO,8,18519,1,672
2021-05-17,Eswatini,AFRO,1,18520,0,672
2021-05-18,Eswatini,AFRO,3,18523,0,672
2021-05-19,Eswatini,AFRO,2,18525,0,672
2021-05-20,Eswatini,AFRO,5,18530,0,672
2021-05-21,Eswatini,AFRO,9,18539,0,672
2021-05-22,Eswatini,AFRO,7,18546,0,672
2021-05-23,Eswatini,AFRO,4,18550,0,672
2021-05-24,Eswatini,AFRO,1,18551,0,672
2021-05-25,Eswatini,AFRO,6,18557,0,672
2021-05-26,Eswatini,AFRO,13,18570,0,672
2021-05-27,Eswatini,AFRO,2,18572,0,672
2021-05-28,Eswatini,AFRO,10,18582,0,672
2021-05-29,Eswatini,AFRO,5,18587,0,672
2021-05-30,Eswatini,AFRO,2,18589,0,672
2021-01-01,Ethiopia,AFRO,408,124264,5,1923
2021-01-02,Ethiopia,AFRO,0,124264,0,1923
2021-01-03,Ethiopia,AFRO,785,125049,21,1944
2021-01-04,Ethiopia,AFRO,573,125622,4,1948
2021-01-05,Ethiopia,AFRO,297,125919,2,1950
2021-01-06,Ethiopia,AFRO,322,126241,13,1963
2021-01-07,Ethiopia,AFRO,545,126786,2,1965
2021-01-08,Ethiopia,AFRO,441,127227,1,1966
2021-01-09,Ethiopia,AFRO,345,127572,8,1974
2021-01-10,Ethiopia,AFRO,220,127792,11,1985
2021-01-11,Ethiopia,AFRO,524,128316,9,1994
2021-01-12,Ethiopia,AFRO,300,128616,9,2003
2021-01-13,Ethiopia,AFRO,376,128992,1,2004
2021-01-14,Ethiopia,AFRO,453,129445,2,2006
2021-01-15,Ethiopia,AFRO,477,129922,2,2008
2021-01-16,Ethiopia,AFRO,404,130326,15,2023
2021-01-17,Ethiopia,AFRO,446,130772,6,2029
2021-01-18,Ethiopia,AFRO,423,131195,1,2030
2021-01-19,Ethiopia,AFRO,351,131546,3,2033
2021-01-20,Ethiopia,AFRO,181,131727,4,2037
2021-01-21,Ethiopia,AFRO,307,132034,7,2044
2021-01-22,Ethiopia,AFRO,292,132326,13,2057
2021-01-23,Ethiopia,AFRO,555,132881,3,2060
2021-01-24,Ethiopia,AFRO,417,133298,3,2063
2021-01-25,Ethiopia,AFRO,469,133767,3,2066
2021-01-26,Ethiopia,AFRO,365,134132,5,2071
2021-01-27,Ethiopia,AFRO,437,134569,4,2075
2021-01-28,Ethiopia,AFRO,476,135045,8,2083
2021-01-29,Ethiopia,AFRO,549,135594,2,2085
2021-01-30,Ethiopia,AFRO,771,136365,2,2087
2021-01-31,Ethiopia,AFRO,656,137021,4,2091
2021-02-01,Ethiopia,AFRO,629,137650,2,2093
2021-02-02,Ethiopia,AFRO,734,138384,10,2103
2021-02-03,Ethiopia,AFRO,477,138861,13,2116
2021-02-04,Ethiopia,AFRO,547,139408,6,2122
2021-02-05,Ethiopia,AFRO,749,140157,4,2126
2021-02-06,Ethiopia,AFRO,726,140883,10,2136
2021-02-07,Ethiopia,AFRO,570,141453,9,2145
2021-02-08,Ethiopia,AFRO,885,142338,3,2148
2021-02-09,Ethiopia,AFRO,656,142994,8,2156
2021-02-10,Ethiopia,AFRO,572,143566,2,2158
2021-02-11,Ethiopia,AFRO,683,144249,9,2167
2021-02-12,Ethiopia,AFRO,613,144862,4,2171
2021-02-13,Ethiopia,AFRO,686,145548,6,2177
2021-02-14,Ethiopia,AFRO,156,145704,4,2181
2021-02-15,Ethiopia,AFRO,788,146492,13,2194
2021-02-16,Ethiopia,AFRO,1333,147825,15,2209
2021-02-17,Ethiopia,AFRO,665,148490,14,2223
2021-02-18,Ethiopia,AFRO,368,148858,14,2237
2021-02-19,Ethiopia,AFRO,1321,150179,12,2249
2021-02-20,Ethiopia,AFRO,837,151016,10,2259
2021-02-21,Ethiopia,AFRO,841,151857,12,2271
2021-02-22,Ethiopia,AFRO,949,152806,8,2279
2021-02-23,Ethiopia,AFRO,735,153541,14,2293
2021-02-24,Ethiopia,AFRO,716,154257,12,2305
2021-02-25,Ethiopia,AFRO,977,155234,12,2317
2021-02-26,Ethiopia,AFRO,878,156112,4,2321
2021-02-27,Ethiopia,AFRO,0,156112,0,2321
2021-02-28,Ethiopia,AFRO,1941,158053,33,2354
2021-03-01,Ethiopia,AFRO,1019,159072,11,2365
2021-03-02,Ethiopia,AFRO,900,159972,8,2373
2021-03-03,Ethiopia,AFRO,841,160813,13,2386
2021-03-04,Ethiopia,AFRO,1161,161974,5,2391
2021-03-05,Ethiopia,AFRO,980,162954,3,2394
2021-03-06,Ethiopia,AFRO,1118,164072,10,2404
2021-03-07,Ethiopia,AFRO,957,165029,16,2420
2021-03-08,Ethiopia,AFRO,1109,166138,9,2429
2021-03-09,Ethiopia,AFRO,995,167133,13,2442
2021-03-10,Ethiopia,AFRO,1202,168335,9,2451
2021-03-11,Ethiopia,AFRO,1543,169878,15,2466
2021-03-12,Ethiopia,AFRO,1332,171210,17,2483
2021-03-13,Ethiopia,AFRO,0,171210,0,2483
2021-03-14,Ethiopia,AFRO,2844,174054,57,2540
2021-03-15,Ethiopia,AFRO,1413,175467,10,2550
2021-03-16,Ethiopia,AFRO,1151,176618,5,2555
2021-03-17,Ethiopia,AFRO,1490,178108,18,2573
2021-03-18,Ethiopia,AFRO,1704,179812,19,2592
2021-03-19,Ethiopia,AFRO,2057,181869,10,2602
2021-03-20,Ethiopia,AFRO,1994,183863,16,2618
2021-03-21,Ethiopia,AFRO,1778,185641,29,2647
2021-03-22,Ethiopia,AFRO,1724,187365,12,2659
2021-03-23,Ethiopia,AFRO,1537,188902,15,2674
2021-03-24,Ethiopia,AFRO,1692,190594,19,2693
2021-03-25,Ethiopia,AFRO,1981,192575,25,2718
2021-03-26,Ethiopia,AFRO,1949,194524,23,2741
2021-03-27,Ethiopia,AFRO,2097,196621,28,2769
2021-03-28,Ethiopia,AFRO,2173,198794,15,2784
2021-03-29,Ethiopia,AFRO,1769,200563,17,2801
2021-03-30,Ethiopia,AFRO,1982,202545,24,2825
2021-03-31,Ethiopia,AFRO,1976,204521,16,2841
2021-04-01,Ethiopia,AFRO,2068,206589,24,2865
2021-04-02,Ethiopia,AFRO,2372,208961,22,2887
2021-04-03,Ethiopia,AFRO,2353,211314,25,2912
2021-04-04,Ethiopia,AFRO,1997,213311,24,2936
2021-04-05,Ethiopia,AFRO,1878,215189,27,2963
2021-04-06,Ethiopia,AFRO,2138,217327,37,3000
2021-04-07,Ethiopia,AFRO,2054,219381,25,3025
2021-04-08,Ethiopia,AFRO,2163,221544,33,3058
2021-04-09,Ethiopia,AFRO,2121,223665,20,3078
2021-04-10,Ethiopia,AFRO,1851,225516,33,3111
2021-04-11,Ethiopia,AFRO,1739,227255,35,3146
2021-04-12,Ethiopia,AFRO,1741,228996,28,3174
2021-04-13,Ethiopia,AFRO,1948,230944,34,3208
2021-04-14,Ethiopia,AFRO,1568,232512,22,3230
2021-04-15,Ethiopia,AFRO,1893,234405,24,3254
2021-04-16,Ethiopia,AFRO,2149,236554,33,3287
2021-04-17,Ethiopia,AFRO,0,236554,0,3287
2021-04-18,Ethiopia,AFRO,3682,240236,41,3328
2021-04-19,Ethiopia,AFRO,1792,242028,42,3370
2021-04-20,Ethiopia,AFRO,1603,243631,22,3392
2021-04-21,Ethiopia,AFRO,1524,245155,47,3439
2021-04-22,Ethiopia,AFRO,1329,246484,35,3474
2021-04-23,Ethiopia,AFRO,1505,247989,22,3496
2021-04-24,Ethiopia,AFRO,1303,249292,15,3511
2021-04-25,Ethiopia,AFRO,1663,250955,20,3531
2021-04-26,Ethiopia,AFRO,1324,252279,20,3551
2021-04-27,Ethiopia,AFRO,841,253120,19,3570
2021-04-28,Ethiopia,AFRO,924,254044,35,3605
2021-04-29,Ethiopia,AFRO,1244,255288,34,3639
2021-04-30,Ethiopia,AFRO,1130,256418,19,3658
2021-05-01,Ethiopia,AFRO,1024,257442,30,3688
2021-05-02,Ethiopia,AFRO,620,258062,21,3709
2021-05-03,Ethiopia,AFRO,322,258384,17,3726
2021-05-04,Ethiopia,AFRO,429,258813,31,3757
2021-05-05,Ethiopia,AFRO,541,259354,15,3772
2021-05-06,Ethiopia,AFRO,785,260139,23,3795
2021-05-07,Ethiopia,AFRO,663,260802,27,3822
2021-05-08,Ethiopia,AFRO,778,261580,18,3840
2021-05-09,Ethiopia,AFRO,637,262217,31,3871
2021-05-10,Ethiopia,AFRO,485,262702,17,3888
2021-05-11,Ethiopia,AFRO,418,263120,9,3897
2021-05-12,Ethiopia,AFRO,552,263672,14,3911
2021-05-13,Ethiopia,AFRO,695,264367,27,3938
2021-05-14,Ethiopia,AFRO,593,264960,13,3951
2021-05-15,Ethiopia,AFRO,453,265413,13,3964
2021-05-16,Ethiopia,AFRO,419,265832,12,3976
2021-05-17,Ethiopia,AFRO,432,266264,20,3996
2021-05-18,Ethiopia,AFRO,382,266646,12,4008
2021-05-19,Ethiopia,AFRO,454,267100,13,4021
2021-05-20,Ethiopia,AFRO,497,267597,17,4038
2021-05-21,Ethiopia,AFRO,438,268035,10,4048
2021-05-22,Ethiopia,AFRO,485,268520,12,4060
2021-05-23,Ethiopia,AFRO,381,268901,8,4068
2021-05-24,Ethiopia,AFRO,293,269194,8,4076
2021-05-25,Ethiopia,AFRO,306,269500,8,4084
2021-05-26,Ethiopia,AFRO,282,269782,9,4093
2021-05-27,Ethiopia,AFRO,398,270180,15,4108
2021-05-28,Ethiopia,AFRO,347,270527,19,4127
2021-05-29,Ethiopia,AFRO,417,270944,12,4139
2021-05-30,Ethiopia,AFRO,256,271200,4,4143
2021-01-01,Falkland Islands (Malvinas),AMRO,0,29,0,0
2021-01-02,Falkland Islands (Malvinas),AMRO,0,29,0,0
2021-01-03,Falkland Islands (Malvinas),AMRO,0,29,0,0
2021-01-04,Falkland Islands (Malvinas),AMRO,0,29,0,0
2021-01-05,Falkland Islands (Malvinas),AMRO,0,29,0,0
2021-01-06,Falkland Islands (Malvinas),AMRO,0,29,0,0
2021-01-07,Falkland Islands (Malvinas),AMRO,0,29,0,0
2021-01-08,Falkland Islands (Malvinas),AMRO,0,29,0,0
2021-01-09,Falkland Islands (Malvinas),AMRO,0,29,0,0
2021-01-10,Falkland Islands (Malvinas),AMRO,0,29,0,0
2021-01-11,Falkland Islands (Malvinas),AMRO,0,29,0,0
2021-01-12,Falkland Islands (Malvinas),AMRO,0,29,0,0
2021-01-13,Falkland Islands (Malvinas),AMRO,3,32,0,0
2021-01-14,Falkland Islands (Malvinas),AMRO,0,32,0,0
2021-01-15,Falkland Islands (Malvinas),AMRO,0,32,0,0
2021-01-16,Falkland Islands (Malvinas),AMRO,0,32,0,0
2021-01-17,Falkland Islands (Malvinas),AMRO,0,32,0,0
2021-01-18,Falkland Islands (Malvinas),AMRO,0,32,0,0
2021-01-19,Falkland Islands (Malvinas),AMRO,0,32,0,0
2021-01-20,Falkland Islands (Malvinas),AMRO,0,32,0,0
2021-01-21,Falkland Islands (Malvinas),AMRO,0,32,0,0
2021-01-22,Falkland Islands (Malvinas),AMRO,0,32,0,0
2021-01-23,Falkland Islands (Malvinas),AMRO,2,34,0,0
2021-01-24,Falkland Islands (Malvinas),AMRO,3,37,0,0
2021-01-25,Falkland Islands (Malvinas),AMRO,0,37,0,0
2021-01-26,Falkland Islands (Malvinas),AMRO,0,37,0,0
2021-01-27,Falkland Islands (Malvinas),AMRO,0,37,0,0
2021-01-28,Falkland Islands (Malvinas),AMRO,1,38,0,0
2021-01-29,Falkland Islands (Malvinas),AMRO,0,38,0,0
2021-01-30,Falkland Islands (Malvinas),AMRO,0,38,0,0
2021-01-31,Falkland Islands (Malvinas),AMRO,2,40,0,0
2021-02-01,Falkland Islands (Malvinas),AMRO,0,40,0,0
2021-02-02,Falkland Islands (Malvinas),AMRO,0,40,0,0
2021-02-03,Falkland Islands (Malvinas),AMRO,1,41,0,0
2021-02-04,Falkland Islands (Malvinas),AMRO,0,41,0,0
2021-02-05,Falkland Islands (Malvinas),AMRO,0,41,0,0
2021-02-06,Falkland Islands (Malvinas),AMRO,3,44,0,0
2021-02-07,Falkland Islands (Malvinas),AMRO,0,44,0,0
2021-02-08,Falkland Islands (Malvinas),AMRO,4,48,0,0
2021-02-09,Falkland Islands (Malvinas),AMRO,0,48,0,0
2021-02-10,Falkland Islands (Malvinas),AMRO,1,49,0,0
2021-02-11,Falkland Islands (Malvinas),AMRO,0,49,0,0
2021-02-12,Falkland Islands (Malvinas),AMRO,0,49,0,0
2021-02-13,Falkland Islands (Malvinas),AMRO,0,49,0,0
2021-02-14,Falkland Islands (Malvinas),AMRO,0,49,0,0
2021-02-15,Falkland Islands (Malvinas),AMRO,0,49,0,0
2021-02-16,Falkland Islands (Malvinas),AMRO,0,49,0,0
2021-02-17,Falkland Islands (Malvinas),AMRO,0,49,0,0
2021-02-18,Falkland Islands (Malvinas),AMRO,0,49,0,0
2021-02-19,Falkland Islands (Malvinas),AMRO,0,49,0,0
2021-02-20,Falkland Islands (Malvinas),AMRO,0,49,0,0
2021-02-21,Falkland Islands (Malvinas),AMRO,0,49,0,0
2021-02-22,Falkland Islands (Malvinas),AMRO,0,49,0,0
2021-02-23,Falkland Islands (Malvinas),AMRO,0,49,0,0
2021-02-24,Falkland Islands (Malvinas),AMRO,0,49,0,0
2021-02-25,Falkland Islands (Malvinas),AMRO,2,51,0,0
2021-02-26,Falkland Islands (Malvinas),AMRO,0,51,0,0
2021-02-27,Falkland Islands (Malvinas),AMRO,0,51,0,0
2021-02-28,Falkland Islands (Malvinas),AMRO,0,51,0,0
2021-03-01,Falkland Islands (Malvinas),AMRO,0,51,0,0
2021-03-02,Falkland Islands (Malvinas),AMRO,0,51,0,0
2021-03-03,Falkland Islands (Malvinas),AMRO,0,51,0,0
2021-03-04,Falkland Islands (Malvinas),AMRO,0,51,0,0
2021-03-05,Falkland Islands (Malvinas),AMRO,0,51,0,0
2021-03-06,Falkland Islands (Malvinas),AMRO,0,51,0,0
2021-03-07,Falkland Islands (Malvinas),AMRO,0,51,0,0
2021-03-08,Falkland Islands (Malvinas),AMRO,0,51,0,0
2021-03-09,Falkland Islands (Malvinas),AMRO,0,51,0,0
2021-03-10,Falkland Islands (Malvinas),AMRO,0,51,0,0
2021-03-11,Falkland Islands (Malvinas),AMRO,0,51,0,0
2021-03-12,Falkland Islands (Malvinas),AMRO,0,51,0,0
2021-03-13,Falkland Islands (Malvinas),AMRO,0,51,0,0
2021-03-14,Falkland Islands (Malvinas),AMRO,0,51,0,0
2021-03-15,Falkland Islands (Malvinas),AMRO,0,51,0,0
2021-03-16,Falkland Islands (Malvinas),AMRO,0,51,0,0
2021-03-17,Falkland Islands (Malvinas),AMRO,0,51,0,0
2021-03-18,Falkland Islands (Malvinas),AMRO,0,51,0,0
2021-03-19,Falkland Islands (Malvinas),AMRO,0,51,0,0
2021-03-20,Falkland Islands (Malvinas),AMRO,0,51,0,0
2021-03-21,Falkland Islands (Malvinas),AMRO,0,51,0,0
2021-03-22,Falkland Islands (Malvinas),AMRO,0,51,0,0
2021-03-23,Falkland Islands (Malvinas),AMRO,0,51,0,0
2021-03-24,Falkland Islands (Malvinas),AMRO,0,51,0,0
2021-03-25,Falkland Islands (Malvinas),AMRO,0,51,0,0
2021-03-26,Falkland Islands (Malvinas),AMRO,0,51,0,0
2021-03-27,Falkland Islands (Malvinas),AMRO,0,51,0,0
2021-03-28,Falkland Islands (Malvinas),AMRO,0,51,0,0
2021-03-29,Falkland Islands (Malvinas),AMRO,0,51,0,0
2021-03-30,Falkland Islands (Malvinas),AMRO,0,51,0,0
2021-03-31,Falkland Islands (Malvinas),AMRO,0,51,0,0
2021-04-01,Falkland Islands (Malvinas),AMRO,0,51,0,0
2021-04-02,Falkland Islands (Malvinas),AMRO,0,51,0,0
2021-04-03,Falkland Islands (Malvinas),AMRO,1,52,0,0
2021-04-04,Falkland Islands (Malvinas),AMRO,0,52,0,0
2021-04-05,Falkland Islands (Malvinas),AMRO,0,52,0,0
2021-04-06,Falkland Islands (Malvinas),AMRO,0,52,0,0
2021-04-07,Falkland Islands (Malvinas),AMRO,0,52,0,0
2021-04-08,Falkland Islands (Malvinas),AMRO,0,52,0,0
2021-04-09,Falkland Islands (Malvinas),AMRO,0,52,0,0
2021-04-10,Falkland Islands (Malvinas),AMRO,8,60,0,0
2021-04-11,Falkland Islands (Malvinas),AMRO,0,60,0,0
2021-04-12,Falkland Islands (Malvinas),AMRO,0,60,0,0
2021-04-13,Falkland Islands (Malvinas),AMRO,0,60,0,0
2021-04-14,Falkland Islands (Malvinas),AMRO,0,60,0,0
2021-04-15,Falkland Islands (Malvinas),AMRO,0,60,0,0
2021-04-16,Falkland Islands (Malvinas),AMRO,0,60,0,0
2021-04-17,Falkland Islands (Malvinas),AMRO,0,60,0,0
2021-04-18,Falkland Islands (Malvinas),AMRO,0,60,0,0
2021-04-19,Falkland Islands (Malvinas),AMRO,0,60,0,0
2021-04-20,Falkland Islands (Malvinas),AMRO,0,60,0,0
2021-04-21,Falkland Islands (Malvinas),AMRO,0,60,0,0
2021-04-22,Falkland Islands (Malvinas),AMRO,0,60,0,0
2021-04-23,Falkland Islands (Malvinas),AMRO,0,60,0,0
2021-04-24,Falkland Islands (Malvinas),AMRO,0,60,0,0
2021-04-25,Falkland Islands (Malvinas),AMRO,0,60,0,0
2021-04-26,Falkland Islands (Malvinas),AMRO,0,60,0,0
2021-04-27,Falkland Islands (Malvinas),AMRO,0,60,0,0
2021-04-28,Falkland Islands (Malvinas),AMRO,0,60,0,0
2021-04-29,Falkland Islands (Malvinas),AMRO,0,60,0,0
2021-04-30,Falkland Islands (Malvinas),AMRO,0,60,0,0
2021-05-01,Falkland Islands (Malvinas),AMRO,0,60,0,0
2021-05-02,Falkland Islands (Malvinas),AMRO,0,60,0,0
2021-05-03,Falkland Islands (Malvinas),AMRO,0,60,0,0
2021-05-04,Falkland Islands (Malvinas),AMRO,0,60,0,0
2021-05-05,Falkland Islands (Malvinas),AMRO,0,60,0,0
2021-05-06,Falkland Islands (Malvinas),AMRO,0,60,0,0
2021-05-07,Falkland Islands (Malvinas),AMRO,0,60,0,0
2021-05-08,Falkland Islands (Malvinas),AMRO,0,60,0,0
2021-05-09,Falkland Islands (Malvinas),AMRO,0,60,0,0
2021-05-10,Falkland Islands (Malvinas),AMRO,0,60,0,0
2021-05-11,Falkland Islands (Malvinas),AMRO,0,60,0,0
2021-05-12,Falkland Islands (Malvinas),AMRO,0,60,0,0
2021-05-13,Falkland Islands (Malvinas),AMRO,0,60,0,0
2021-05-14,Falkland Islands (Malvinas),AMRO,0,60,0,0
2021-05-15,Falkland Islands (Malvinas),AMRO,0,60,0,0
2021-05-16,Falkland Islands (Malvinas),AMRO,0,60,0,0
2021-05-17,Falkland Islands (Malvinas),AMRO,0,60,0,0
2021-05-18,Falkland Islands (Malvinas),AMRO,0,60,0,0
2021-05-19,Falkland Islands (Malvinas),AMRO,0,60,0,0
2021-05-20,Falkland Islands (Malvinas),AMRO,0,60,0,0
2021-05-21,Falkland Islands (Malvinas),AMRO,0,60,0,0
2021-05-22,Falkland Islands (Malvinas),AMRO,0,60,0,0
2021-05-23,Falkland Islands (Malvinas),AMRO,0,60,0,0
2021-05-24,Falkland Islands (Malvinas),AMRO,0,60,0,0
2021-05-25,Falkland Islands (Malvinas),AMRO,0,60,0,0
2021-05-26,Falkland Islands (Malvinas),AMRO,0,60,0,0
2021-05-27,Falkland Islands (Malvinas),AMRO,0,60,0,0
2021-05-28,Falkland Islands (Malvinas),AMRO,0,60,0,0
2021-05-29,Falkland Islands (Malvinas),AMRO,0,60,0,0
2021-05-30,Falkland Islands (Malvinas),AMRO,0,60,0,0
2021-01-01,Faroe Islands,EURO,5,610,0,0
2021-01-02,Faroe Islands,EURO,0,610,0,0
2021-01-03,Faroe Islands,EURO,4,614,0,0
2021-01-04,Faroe Islands,EURO,6,620,0,0
2021-01-05,Faroe Islands,EURO,2,622,0,0
2021-01-06,Faroe Islands,EURO,4,626,0,0
2021-01-07,Faroe Islands,EURO,14,640,1,1
2021-01-08,Faroe Islands,EURO,3,643,0,1
2021-01-09,Faroe Islands,EURO,1,644,0,1
2021-01-10,Faroe Islands,EURO,2,646,0,1
2021-01-11,Faroe Islands,EURO,0,646,0,1
2021-01-12,Faroe Islands,EURO,0,646,0,1
2021-01-13,Faroe Islands,EURO,0,646,0,1
2021-01-14,Faroe Islands,EURO,1,647,0,1
2021-01-15,Faroe Islands,EURO,0,647,0,1
2021-01-16,Faroe Islands,EURO,1,648,0,1
2021-01-17,Faroe Islands,EURO,1,649,0,1
2021-01-18,Faroe Islands,EURO,0,649,0,1
2021-01-19,Faroe Islands,EURO,0,649,0,1
2021-01-20,Faroe Islands,EURO,1,650,0,1
2021-01-21,Faroe Islands,EURO,2,652,0,1
2021-01-22,Faroe Islands,EURO,0,652,0,1
2021-01-23,Faroe Islands,EURO,0,652,0,1
2021-01-24,Faroe Islands,EURO,0,652,0,1
2021-01-25,Faroe Islands,EURO,0,652,0,1
2021-01-26,Faroe Islands,EURO,0,652,0,1
2021-01-27,Faroe Islands,EURO,2,654,0,1
2021-01-28,Faroe Islands,EURO,0,654,0,1
2021-01-29,Faroe Islands,EURO,0,654,0,1
2021-01-30,Faroe Islands,EURO,0,654,0,1
2021-01-31,Faroe Islands,EURO,0,654,0,1
2021-02-01,Faroe Islands,EURO,0,654,0,1
2021-02-02,Faroe Islands,EURO,0,654,0,1
2021-02-03,Faroe Islands,EURO,0,654,0,1
2021-02-04,Faroe Islands,EURO,0,654,0,1
2021-02-05,Faroe Islands,EURO,1,655,0,1
2021-02-06,Faroe Islands,EURO,0,655,0,1
2021-02-07,Faroe Islands,EURO,0,655,0,1
2021-02-08,Faroe Islands,EURO,1,656,0,1
2021-02-09,Faroe Islands,EURO,0,656,0,1
2021-02-10,Faroe Islands,EURO,1,657,0,1
2021-02-11,Faroe Islands,EURO,0,657,0,1
2021-02-12,Faroe Islands,EURO,0,657,0,1
2021-02-13,Faroe Islands,EURO,0,657,0,1
2021-02-14,Faroe Islands,EURO,0,657,0,1
2021-02-15,Faroe Islands,EURO,0,657,0,1
2021-02-16,Faroe Islands,EURO,0,657,0,1
2021-02-17,Faroe Islands,EURO,1,658,0,1
2021-02-18,Faroe Islands,EURO,0,658,0,1
2021-02-19,Faroe Islands,EURO,0,658,0,1
2021-02-20,Faroe Islands,EURO,0,658,0,1
2021-02-21,Faroe Islands,EURO,0,658,0,1
2021-02-22,Faroe Islands,EURO,0,658,0,1
2021-02-23,Faroe Islands,EURO,0,658,0,1
2021-02-24,Faroe Islands,EURO,0,658,0,1
2021-02-25,Faroe Islands,EURO,0,658,0,1
2021-02-26,Faroe Islands,EURO,0,658,0,1
2021-02-27,Faroe Islands,EURO,0,658,0,1
2021-02-28,Faroe Islands,EURO,0,658,0,1
2021-03-01,Faroe Islands,EURO,0,658,0,1
2021-03-02,Faroe Islands,EURO,0,658,0,1
2021-03-03,Faroe Islands,EURO,0,658,0,1
2021-03-04,Faroe Islands,EURO,0,658,0,1
2021-03-05,Faroe Islands,EURO,0,658,0,1
2021-03-06,Faroe Islands,EURO,0,658,0,1
2021-03-07,Faroe Islands,EURO,0,658,0,1
2021-03-08,Faroe Islands,EURO,2,660,0,1
2021-03-09,Faroe Islands,EURO,0,660,0,1
2021-03-10,Faroe Islands,EURO,0,660,0,1
2021-03-11,Faroe Islands,EURO,0,660,0,1
2021-03-12,Faroe Islands,EURO,0,660,0,1
2021-03-13,Faroe Islands,EURO,0,660,0,1
2021-03-14,Faroe Islands,EURO,1,661,0,1
2021-03-15,Faroe Islands,EURO,0,661,0,1
2021-03-16,Faroe Islands,EURO,0,661,0,1
2021-03-17,Faroe Islands,EURO,0,661,0,1
2021-03-18,Faroe Islands,EURO,0,661,0,1
2021-03-19,Faroe Islands,EURO,0,661,0,1
2021-03-20,Faroe Islands,EURO,0,661,0,1
2021-03-21,Faroe Islands,EURO,0,661,0,1
2021-03-22,Faroe Islands,EURO,0,661,0,1
2021-03-23,Faroe Islands,EURO,0,661,0,1
2021-03-24,Faroe Islands,EURO,0,661,0,1
2021-03-25,Faroe Islands,EURO,0,661,0,1
2021-03-26,Faroe Islands,EURO,0,661,0,1
2021-03-27,Faroe Islands,EURO,0,661,0,1
2021-03-28,Faroe Islands,EURO,0,661,0,1
2021-03-29,Faroe Islands,EURO,0,661,0,1
2021-03-30,Faroe Islands,EURO,0,661,0,1
2021-03-31,Faroe Islands,EURO,0,661,0,1
2021-04-01,Faroe Islands,EURO,0,661,0,1
2021-04-02,Faroe Islands,EURO,0,661,0,1
2021-04-03,Faroe Islands,EURO,0,661,0,1
2021-04-04,Faroe Islands,EURO,0,661,0,1
2021-04-05,Faroe Islands,EURO,0,661,0,1
2021-04-06,Faroe Islands,EURO,0,661,0,1
2021-04-07,Faroe Islands,EURO,0,661,0,1
2021-04-08,Faroe Islands,EURO,0,661,0,1
2021-04-09,Faroe Islands,EURO,0,661,0,1
2021-04-10,Faroe Islands,EURO,0,661,0,1
2021-04-11,Faroe Islands,EURO,0,661,0,1
2021-04-12,Faroe Islands,EURO,0,661,0,1
2021-04-13,Faroe Islands,EURO,0,661,0,1
2021-04-14,Faroe Islands,EURO,0,661,0,1
2021-04-15,Faroe Islands,EURO,1,662,0,1
2021-04-16,Faroe Islands,EURO,0,662,0,1
2021-04-17,Faroe Islands,EURO,0,662,0,1
2021-04-18,Faroe Islands,EURO,0,662,0,1
2021-04-19,Faroe Islands,EURO,0,662,0,1
2021-04-20,Faroe Islands,EURO,1,663,0,1
2021-04-21,Faroe Islands,EURO,0,663,0,1
2021-04-22,Faroe Islands,EURO,0,663,0,1
2021-04-23,Faroe Islands,EURO,0,663,0,1
2021-04-24,Faroe Islands,EURO,0,663,0,1
2021-04-25,Faroe Islands,EURO,0,663,0,1
2021-04-26,Faroe Islands,EURO,0,663,0,1
2021-04-27,Faroe Islands,EURO,0,663,0,1
2021-04-28,Faroe Islands,EURO,0,663,0,1
2021-04-29,Faroe Islands,EURO,0,663,0,1
2021-04-30,Faroe Islands,EURO,0,663,0,1
2021-05-01,Faroe Islands,EURO,1,664,0,1
2021-05-02,Faroe Islands,EURO,0,664,0,1
2021-05-03,Faroe Islands,EURO,0,664,0,1
2021-05-04,Faroe Islands,EURO,0,664,0,1
2021-05-05,Faroe Islands,EURO,4,668,0,1
2021-05-06,Faroe Islands,EURO,0,668,0,1
2021-05-07,Faroe Islands,EURO,0,668,0,1
2021-05-08,Faroe Islands,EURO,0,668,0,1
2021-05-09,Faroe Islands,EURO,0,668,0,1
2021-05-10,Faroe Islands,EURO,0,668,0,1
2021-05-11,Faroe Islands,EURO,0,668,0,1
2021-05-12,Faroe Islands,EURO,1,669,0,1
2021-05-13,Faroe Islands,EURO,0,669,0,1
2021-05-14,Faroe Islands,EURO,0,669,0,1
2021-05-15,Faroe Islands,EURO,0,669,0,1
2021-05-16,Faroe Islands,EURO,1,670,0,1
2021-05-17,Faroe Islands,EURO,0,670,0,1
2021-05-18,Faroe Islands,EURO,0,670,0,1
2021-05-19,Faroe Islands,EURO,0,670,0,1
2021-05-20,Faroe Islands,EURO,0,670,0,1
2021-05-21,Faroe Islands,EURO,1,671,0,1
2021-05-22,Faroe Islands,EURO,0,671,0,1
2021-05-23,Faroe Islands,EURO,5,676,0,1
2021-05-24,Faroe Islands,EURO,16,692,0,1
2021-05-25,Faroe Islands,EURO,2,694,0,1
2021-05-26,Faroe Islands,EURO,0,694,0,1
2021-05-27,Faroe Islands,EURO,3,697,0,1
2021-05-28,Faroe Islands,EURO,10,707,0,1
2021-05-29,Faroe Islands,EURO,0,707,0,1
2021-05-30,Faroe Islands,EURO,5,712,0,1
2021-01-01,Fiji,WPRO,0,49,0,2
2021-01-02,Fiji,WPRO,0,49,0,2
2021-01-03,Fiji,WPRO,0,49,0,2
2021-01-04,Fiji,WPRO,0,49,0,2
2021-01-05,Fiji,WPRO,0,49,0,2
2021-01-06,Fiji,WPRO,0,49,0,2
2021-01-07,Fiji,WPRO,4,53,0,2
2021-01-08,Fiji,WPRO,0,53,0,2
2021-01-09,Fiji,WPRO,0,53,0,2
2021-01-10,Fiji,WPRO,0,53,0,2
2021-01-11,Fiji,WPRO,0,53,0,2
2021-01-12,Fiji,WPRO,0,53,0,2
2021-01-13,Fiji,WPRO,0,53,0,2
2021-01-14,Fiji,WPRO,0,53,0,2
2021-01-15,Fiji,WPRO,0,53,0,2
2021-01-16,Fiji,WPRO,0,53,0,2
2021-01-17,Fiji,WPRO,2,55,0,2
2021-01-18,Fiji,WPRO,0,55,0,2
2021-01-19,Fiji,WPRO,0,55,0,2
2021-01-20,Fiji,WPRO,0,55,0,2
2021-01-21,Fiji,WPRO,0,55,0,2
2021-01-22,Fiji,WPRO,0,55,0,2
2021-01-23,Fiji,WPRO,0,55,0,2
2021-01-24,Fiji,WPRO,0,55,0,2
2021-01-25,Fiji,WPRO,0,55,0,2
2021-01-26,Fiji,WPRO,0,55,0,2
2021-01-27,Fiji,WPRO,0,55,0,2
2021-01-28,Fiji,WPRO,0,55,0,2
2021-01-29,Fiji,WPRO,0,55,0,2
2021-01-30,Fiji,WPRO,0,55,0,2
2021-01-31,Fiji,WPRO,0,55,0,2
2021-02-01,Fiji,WPRO,0,55,0,2
2021-02-02,Fiji,WPRO,0,55,0,2
2021-02-03,Fiji,WPRO,0,55,0,2
2021-02-04,Fiji,WPRO,1,56,0,2
2021-02-05,Fiji,WPRO,0,56,0,2
2021-02-06,Fiji,WPRO,0,56,0,2
2021-02-07,Fiji,WPRO,0,56,0,2
2021-02-08,Fiji,WPRO,0,56,0,2
2021-02-09,Fiji,WPRO,0,56,0,2
2021-02-10,Fiji,WPRO,0,56,0,2
2021-02-11,Fiji,WPRO,0,56,0,2
2021-02-12,Fiji,WPRO,0,56,0,2
2021-02-13,Fiji,WPRO,0,56,0,2
2021-02-14,Fiji,WPRO,0,56,0,2
2021-02-15,Fiji,WPRO,0,56,0,2
2021-02-16,Fiji,WPRO,0,56,0,2
2021-02-17,Fiji,WPRO,0,56,0,2
2021-02-18,Fiji,WPRO,0,56,0,2
2021-02-19,Fiji,WPRO,0,56,0,2
2021-02-20,Fiji,WPRO,0,56,0,2
2021-02-21,Fiji,WPRO,0,56,0,2
2021-02-22,Fiji,WPRO,0,56,0,2
2021-02-23,Fiji,WPRO,0,56,0,2
2021-02-24,Fiji,WPRO,0,56,0,2
2021-02-25,Fiji,WPRO,1,57,0,2
2021-02-26,Fiji,WPRO,0,57,0,2
2021-02-27,Fiji,WPRO,2,59,0,2
2021-02-28,Fiji,WPRO,0,59,0,2
2021-03-01,Fiji,WPRO,0,59,0,2
2021-03-02,Fiji,WPRO,0,59,0,2
2021-03-03,Fiji,WPRO,0,59,0,2
2021-03-04,Fiji,WPRO,4,63,0,2
2021-03-05,Fiji,WPRO,0,63,0,2
2021-03-06,Fiji,WPRO,0,63,0,2
2021-03-07,Fiji,WPRO,0,63,0,2
2021-03-08,Fiji,WPRO,0,63,0,2
2021-03-09,Fiji,WPRO,3,66,0,2
2021-03-10,Fiji,WPRO,0,66,0,2
2021-03-11,Fiji,WPRO,0,66,0,2
2021-03-12,Fiji,WPRO,0,66,0,2
2021-03-13,Fiji,WPRO,0,66,0,2
2021-03-14,Fiji,WPRO,0,66,0,2
2021-03-15,Fiji,WPRO,0,66,0,2
2021-03-16,Fiji,WPRO,0,66,0,2
2021-03-17,Fiji,WPRO,0,66,0,2
2021-03-18,Fiji,WPRO,0,66,0,2
2021-03-19,Fiji,WPRO,0,66,0,2
2021-03-20,Fiji,WPRO,1,67,0,2
2021-03-21,Fiji,WPRO,0,67,0,2
2021-03-22,Fiji,WPRO,0,67,0,2
2021-03-23,Fiji,WPRO,0,67,0,2
2021-03-24,Fiji,WPRO,0,67,0,2
2021-03-25,Fiji,WPRO,0,67,0,2
2021-03-26,Fiji,WPRO,0,67,0,2
2021-03-27,Fiji,WPRO,0,67,0,2
2021-03-28,Fiji,WPRO,0,67,0,2
2021-03-29,Fiji,WPRO,0,67,0,2
2021-03-30,Fiji,WPRO,0,67,0,2
2021-03-31,Fiji,WPRO,0,67,0,2
2021-04-01,Fiji,WPRO,0,67,0,2
2021-04-02,Fiji,WPRO,0,67,0,2
2021-04-03,Fiji,WPRO,0,67,0,2
2021-04-04,Fiji,WPRO,0,67,0,2
2021-04-05,Fiji,WPRO,0,67,0,2
2021-04-06,Fiji,WPRO,0,67,0,2
2021-04-07,Fiji,WPRO,0,67,0,2
2021-04-08,Fiji,WPRO,0,67,0,2
2021-04-09,Fiji,WPRO,0,67,0,2
2021-04-10,Fiji,WPRO,1,68,0,2
2021-04-11,Fiji,WPRO,0,68,0,2
2021-04-12,Fiji,WPRO,0,68,0,2
2021-04-13,Fiji,WPRO,0,68,0,2
2021-04-14,Fiji,WPRO,0,68,0,2
2021-04-15,Fiji,WPRO,0,68,0,2
2021-04-16,Fiji,WPRO,0,68,0,2
2021-04-17,Fiji,WPRO,0,68,0,2
2021-04-18,Fiji,WPRO,4,72,0,2
2021-04-19,Fiji,WPRO,2,74,0,2
2021-04-20,Fiji,WPRO,0,74,0,2
2021-04-21,Fiji,WPRO,3,77,0,2
2021-04-22,Fiji,WPRO,1,78,0,2
2021-04-23,Fiji,WPRO,8,86,0,2
2021-04-24,Fiji,WPRO,0,86,0,2
2021-04-25,Fiji,WPRO,1,87,0,2
2021-04-26,Fiji,WPRO,4,91,0,2
2021-04-27,Fiji,WPRO,12,103,0,2
2021-04-28,Fiji,WPRO,6,109,0,2
2021-04-29,Fiji,WPRO,2,111,0,2
2021-04-30,Fiji,WPRO,5,116,0,2
2021-05-01,Fiji,WPRO,1,117,0,2
2021-05-02,Fiji,WPRO,2,119,0,2
2021-05-03,Fiji,WPRO,0,119,0,2
2021-05-04,Fiji,WPRO,2,121,0,2
2021-05-05,Fiji,WPRO,0,121,0,2
2021-05-06,Fiji,WPRO,4,125,0,2
2021-05-07,Fiji,WPRO,4,129,1,3
2021-05-08,Fiji,WPRO,7,136,0,3
2021-05-09,Fiji,WPRO,0,136,0,3
2021-05-10,Fiji,WPRO,3,139,0,3
2021-05-11,Fiji,WPRO,1,140,0,3
2021-05-12,Fiji,WPRO,12,152,0,3
2021-05-13,Fiji,WPRO,9,161,0,3
2021-05-14,Fiji,WPRO,4,165,1,4
2021-05-15,Fiji,WPRO,1,166,0,4
2021-05-16,Fiji,WPRO,2,168,0,4
2021-05-17,Fiji,WPRO,4,172,0,4
2021-05-18,Fiji,WPRO,2,174,0,4
2021-05-19,Fiji,WPRO,4,178,0,4
2021-05-20,Fiji,WPRO,11,189,0,4
2021-05-21,Fiji,WPRO,1,190,0,4
2021-05-22,Fiji,WPRO,5,195,0,4
2021-05-23,Fiji,WPRO,11,206,0,4
2021-05-24,Fiji,WPRO,24,230,0,4
2021-05-25,Fiji,WPRO,8,238,0,4
2021-05-26,Fiji,WPRO,21,259,0,4
2021-05-27,Fiji,WPRO,27,286,0,4
2021-05-28,Fiji,WPRO,28,314,0,4
2021-05-29,Fiji,WPRO,46,360,0,4
2021-05-30,Fiji,WPRO,0,360,0,4
2021-01-01,Finland,EURO,254,36658,6,597
2021-01-02,Finland,EURO,128,36786,3,600
2021-01-03,Finland,EURO,206,36992,4,604
2021-01-04,Finland,EURO,169,37161,3,607
2021-01-05,Finland,EURO,397,37558,7,614
2021-01-06,Finland,EURO,261,37819,4,618
2021-01-07,Finland,EURO,208,38027,3,621
2021-01-08,Finland,EURO,332,38359,3,624
2021-01-09,Finland,EURO,252,38611,4,628
2021-01-10,Finland,EURO,193,38804,2,630
2021-01-11,Finland,EURO,187,38991,3,633
2021-01-12,Finland,EURO,386,39377,8,641
2021-01-13,Finland,EURO,229,39606,9,650
2021-01-14,Finland,EURO,259,39865,5,655
2021-01-15,Finland,EURO,249,40114,5,660
2021-01-16,Finland,EURO,266,40380,1,661
2021-01-17,Finland,EURO,171,40551,1,662
2021-01-18,Finland,EURO,197,40748,0,662
2021-01-19,Finland,EURO,448,41196,1,663
2021-01-20,Finland,EURO,342,41538,4,667
2021-01-21,Finland,EURO,407,41945,12,679
2021-01-22,Finland,EURO,377,42322,4,683
2021-01-23,Finland,EURO,361,42683,2,685
2021-01-24,Finland,EURO,168,42851,2,687
2021-01-25,Finland,EURO,247,43098,2,689
2021-01-26,Finland,EURO,605,43703,5,694
2021-01-27,Finland,EURO,397,44100,3,697
2021-01-28,Finland,EURO,382,44482,0,697
2021-01-29,Finland,EURO,435,44917,1,698
2021-01-30,Finland,EURO,378,45295,3,701
2021-01-31,Finland,EURO,233,45528,1,702
2021-02-01,Finland,EURO,274,45802,0,702
2021-02-02,Finland,EURO,534,46336,6,708
2021-02-03,Finland,EURO,396,46732,2,710
2021-02-04,Finland,EURO,441,47173,3,713
2021-02-05,Finland,EURO,373,47546,1,714
2021-02-06,Finland,EURO,367,47913,2,716
2021-02-07,Finland,EURO,238,48151,0,716
2021-02-08,Finland,EURO,264,48415,2,718
2021-02-09,Finland,EURO,461,48876,5,723
2021-02-10,Finland,EURO,372,49248,0,723
2021-02-11,Finland,EURO,383,49631,5,728
2021-02-12,Finland,EURO,361,49992,2,730
2021-02-13,Finland,EURO,419,50411,2,732
2021-02-14,Finland,EURO,279,50690,4,736
2021-02-15,Finland,EURO,282,50972,4,740
2021-02-16,Finland,EURO,616,51588,1,741
2021-02-17,Finland,EURO,514,52102,5,746
2021-02-18,Finland,EURO,553,52655,2,748
2021-02-19,Finland,EURO,611,53266,2,750
2021-02-20,Finland,EURO,573,53839,3,753
2021-02-21,Finland,EURO,318,54157,2,755
2021-02-22,Finland,EURO,356,54513,1,756
2021-02-23,Finland,EURO,623,55136,5,761
2021-02-24,Finland,EURO,626,55762,9,770
2021-02-25,Finland,EURO,599,56361,2,772
2021-02-26,Finland,EURO,629,56990,7,779
2021-02-27,Finland,EURO,688,57678,3,782
2021-02-28,Finland,EURO,404,58082,1,783
2021-03-01,Finland,EURO,424,58506,1,784
2021-03-02,Finland,EURO,873,59379,7,791
2021-03-03,Finland,EURO,758,60137,2,793
2021-03-04,Finland,EURO,732,60869,1,794
2021-03-05,Finland,EURO,640,61509,2,796
2021-03-06,Finland,EURO,630,62139,3,799
2021-03-07,Finland,EURO,433,62572,1,800
2021-03-08,Finland,EURO,395,62967,2,802
2021-03-09,Finland,EURO,834,63801,9,811
2021-03-10,Finland,EURO,773,64574,3,814
2021-03-11,Finland,EURO,822,65396,4,818
2021-03-12,Finland,EURO,779,66175,4,822
2021-03-13,Finland,EURO,808,66983,4,826
2021-03-14,Finland,EURO,492,67475,4,830
2021-03-15,Finland,EURO,434,67909,0,830
2021-03-16,Finland,EURO,892,68801,1,831
2021-03-17,Finland,EURO,767,69568,1,832
2021-03-18,Finland,EURO,744,70312,3,835
2021-03-19,Finland,EURO,735,71047,4,839
2021-03-20,Finland,EURO,745,71792,7,846
2021-03-21,Finland,EURO,404,72196,4,850
2021-03-22,Finland,EURO,420,72616,0,850
2021-03-23,Finland,EURO,768,73384,6,856
2021-03-24,Finland,EURO,704,74088,5,861
2021-03-25,Finland,EURO,695,74783,4,865
2021-03-26,Finland,EURO,606,75389,2,867
2021-03-27,Finland,EURO,688,76077,3,870
2021-03-28,Finland,EURO,351,76428,4,874
2021-03-29,Finland,EURO,374,76802,1,875
2021-03-30,Finland,EURO,655,77457,3,878
2021-03-31,Finland,EURO,570,78027,2,880
2021-04-01,Finland,EURO,550,78577,1,881
2021-04-02,Finland,EURO,486,79063,2,883
2021-04-03,Finland,EURO,361,79424,2,885
2021-04-04,Finland,EURO,323,79747,3,888
2021-04-05,Finland,EURO,322,80069,1,889
2021-04-06,Finland,EURO,361,80430,0,889
2021-04-07,Finland,EURO,544,80974,1,890
2021-04-08,Finland,EURO,426,81400,4,894
2021-04-09,Finland,EURO,407,81807,1,895
2021-04-10,Finland,EURO,351,82158,2,897
2021-04-11,Finland,EURO,226,82384,2,899
2021-04-12,Finland,EURO,240,82624,0,899
2021-04-13,Finland,EURO,399,83023,1,900
2021-04-14,Finland,EURO,324,83347,4,904
2021-04-15,Finland,EURO,344,83691,1,905
2021-04-16,Finland,EURO,274,83965,2,907
2021-04-17,Finland,EURO,265,84230,5,912
2021-04-18,Finland,EURO,172,84402,2,914
2021-04-19,Finland,EURO,156,84558,0,914
2021-04-20,Finland,EURO,286,84844,3,917
2021-04-21,Finland,EURO,286,85130,1,918
2021-04-22,Finland,EURO,233,85363,2,920
2021-04-23,Finland,EURO,257,85620,0,920
2021-04-24,Finland,EURO,255,85875,1,921
2021-04-25,Finland,EURO,155,86030,1,922
2021-04-26,Finland,EURO,140,86170,0,922
2021-04-27,Finland,EURO,242,86412,3,925
2021-04-28,Finland,EURO,228,86640,2,927
2021-04-29,Finland,EURO,274,86914,2,929
2021-04-30,Finland,EURO,201,87115,1,930
2021-05-01,Finland,EURO,197,87312,2,932
2021-05-02,Finland,EURO,109,87421,0,932
2021-05-03,Finland,EURO,135,87556,2,934
2021-05-04,Finland,EURO,318,87874,0,934
2021-05-05,Finland,EURO,205,88079,0,934
2021-05-06,Finland,EURO,265,88344,1,935
2021-05-07,Finland,EURO,239,88583,2,937
2021-05-08,Finland,EURO,214,88797,1,938
2021-05-09,Finland,EURO,131,88928,0,938
2021-05-10,Finland,EURO,130,89058,0,938
2021-05-11,Finland,EURO,257,89315,1,939
2021-05-12,Finland,EURO,217,89532,1,940
2021-05-13,Finland,EURO,256,89788,2,942
2021-05-14,Finland,EURO,156,89944,1,943
2021-05-15,Finland,EURO,245,90189,4,947
2021-05-16,Finland,EURO,160,90349,4,951
2021-05-17,Finland,EURO,133,90482,2,953
2021-05-18,Finland,EURO,284,90766,0,953
2021-05-19,Finland,EURO,217,90983,4,957
2021-05-20,Finland,EURO,231,91214,6,963
2021-05-21,Finland,EURO,215,91429,0,963
2021-05-22,Finland,EURO,168,91597,0,963
2021-05-23,Finland,EURO,107,91704,1,964
2021-05-24,Finland,EURO,93,91797,2,966
2021-05-25,Finland,EURO,188,91985,0,966
2021-05-26,Finland,EURO,153,92138,1,967
2021-05-27,Finland,EURO,143,92281,1,968
2021-05-28,Finland,EURO,127,92408,0,968
2021-05-29,Finland,EURO,136,92544,0,968
2021-05-30,Finland,EURO,64,92608,0,968
2021-01-01,France,EURO,13186,2578158,250,64254
2021-01-02,France,EURO,2711,2580869,133,64387
2021-01-03,France,EURO,27817,2608686,156,64543
2021-01-04,France,EURO,22099,2630785,116,64659
2021-01-05,France,EURO,19026,2649811,376,65035
2021-01-06,France,EURO,18634,2668445,867,65902
2021-01-07,France,EURO,19211,2687656,282,66184
2021-01-08,France,EURO,10728,2698384,276,66460
2021-01-09,France,EURO,2167,2700551,589,67049
2021-01-10,France,EURO,25931,2726482,168,67217
2021-01-11,France,EURO,20189,2746671,151,67368
2021-01-12,France,EURO,19408,2766079,689,68057
2021-01-13,France,EURO,19807,2785886,362,68419
2021-01-14,France,EURO,20698,2806584,229,68648
2021-01-15,France,EURO,11335,2817919,280,68928
2021-01-16,France,EURO,2682,2820601,633,69561
2021-01-17,France,EURO,28922,2849523,192,69753
2021-01-18,France,EURO,22710,2872233,141,69894
2021-01-19,France,EURO,20813,2893046,401,70295
2021-01-20,France,EURO,21609,2914655,656,70951
2021-01-21,France,EURO,22604,2937259,310,71261
2021-01-22,France,EURO,12515,2949774,346,71607
2021-01-23,France,EURO,2072,2951846,648,72255
2021-01-24,France,EURO,29448,2981294,229,72484
2021-01-25,France,EURO,22205,3003499,172,72656
2021-01-26,France,EURO,20900,3024399,445,73101
2021-01-27,France,EURO,22313,3046712,612,73713
2021-01-28,France,EURO,22627,3069339,349,74062
2021-01-29,France,EURO,12464,3081803,343,74405
2021-01-30,France,EURO,2957,3084760,819,75224
2021-01-31,France,EURO,29782,3114542,242,75466
2021-02-01,France,EURO,22756,3137298,195,75661
2021-02-02,France,EURO,20040,3157338,453,76114
2021-02-03,France,EURO,20247,3177585,726,76840
2021-02-04,France,EURO,21010,3198595,353,77193
2021-02-05,France,EURO,11800,3210395,355,77548
2021-02-06,France,EURO,1213,3211608,650,78198
2021-02-07,France,EURO,25685,3237293,191,78389
2021-02-08,France,EURO,19805,3257098,171,78560
2021-02-09,France,EURO,17513,3274611,456,79016
2021-02-10,France,EURO,17191,3291802,721,79737
2021-02-11,France,EURO,17781,3309583,295,80032
2021-02-12,France,EURO,10098,3319681,357,80389
2021-02-13,France,EURO,2168,3321849,644,81033
2021-02-14,France,EURO,23782,3345631,192,81225
2021-02-15,France,EURO,19739,3365370,167,81392
2021-02-16,France,EURO,19549,3384919,409,81801
2021-02-17,France,EURO,20133,3405052,582,82383
2021-02-18,France,EURO,21167,3426219,309,82692
2021-02-19,France,EURO,12519,3438738,267,82959
2021-02-20,France,EURO,2085,3440823,565,83524
2021-02-21,France,EURO,28726,3469549,183,83707
2021-02-22,France,EURO,22181,3491730,159,83866
2021-02-23,France,EURO,20162,3511892,327,84193
2021-02-24,France,EURO,20736,3532628,428,84621
2021-02-25,France,EURO,20752,3553380,273,84894
2021-02-26,France,EURO,12393,3565773,257,85151
2021-02-27,France,EURO,2277,3568050,536,85687
2021-02-28,France,EURO,27422,3595472,185,85872
2021-03-01,France,EURO,20412,3615884,114,85986
2021-03-02,France,EURO,20453,3636337,375,86361
2021-03-03,France,EURO,19786,3656123,410,86771
2021-03-04,France,EURO,21912,3678035,322,87093
2021-03-05,France,EURO,13157,3691192,278,87371
2021-03-06,France,EURO,2364,3693556,405,87776
2021-03-07,France,EURO,29327,3722883,196,87972
2021-03-08,France,EURO,23466,3746349,127,88099
2021-03-09,France,EURO,23706,3770055,358,88457
2021-03-10,France,EURO,23945,3794000,356,88813
2021-03-11,France,EURO,26255,3820255,264,89077
2021-03-12,France,EURO,17026,3837281,265,89342
2021-03-13,France,EURO,4135,3841416,290,89632
2021-03-14,France,EURO,38276,3879692,168,89800
2021-03-15,France,EURO,30555,3910247,132,89932
2021-03-16,France,EURO,30439,3940686,333,90265
2021-03-17,France,EURO,30375,3971061,392,90657
2021-03-18,France,EURO,33123,4004184,236,90893
2021-03-19,France,EURO,20670,4024854,269,91162
2021-03-20,France,EURO,4986,4029840,267,91429
2021-03-21,France,EURO,46270,4076110,184,91613
2021-03-22,France,EURO,38088,4114198,138,91751
2021-03-23,France,EURO,37136,4151334,343,92094
2021-03-24,France,EURO,37079,4188413,269,92363
2021-03-25,France,EURO,39932,4228345,245,92608
2021-03-26,France,EURO,24890,4253235,223,92831
2021-03-27,France,EURO,5122,4258357,897,93728
2021-03-28,France,EURO,52323,4310680,156,93884
2021-03-29,France,EURO,43554,4354234,158,94042
2021-03-30,France,EURO,39629,4393863,360,94402
2021-03-31,France,EURO,38379,4432242,361,94763
2021-04-01,France,EURO,38483,4470725,299,95062
2021-04-02,France,EURO,24320,4495045,304,95366
2021-04-03,France,EURO,3775,4498820,318,95684
2021-04-04,France,EURO,8602,4507422,185,95869
2021-04-05,France,EURO,53843,4561265,157,96026
2021-04-06,France,EURO,39110,4600375,228,96254
2021-04-07,France,EURO,35899,4636274,412,96666
2021-04-08,France,EURO,37967,4674241,433,97099
2021-04-09,France,EURO,23785,4698026,331,97430
2021-04-10,France,EURO,3728,4701754,319,97749
2021-04-11,France,EURO,46288,4748042,207,97956
2021-04-12,France,EURO,34343,4782385,176,98132
2021-04-13,France,EURO,30754,4813139,373,98505
2021-04-14,France,EURO,31275,4844414,345,98850
2021-04-15,France,EURO,32128,4876542,295,99145
2021-04-16,France,EURO,20291,4896833,297,99442
2021-04-17,France,EURO,4515,4901348,302,99744
2021-04-18,France,EURO,39723,4941071,177,99921
2021-04-19,France,EURO,30755,4971826,169,100090
2021-04-20,France,EURO,29142,5000968,446,100536
2021-04-21,France,EURO,26869,5027837,381,100917
2021-04-22,France,EURO,28363,5056200,313,101230
2021-04-23,France,EURO,17221,5073421,283,101513
2021-04-24,France,EURO,3476,5076897,331,101844
2021-04-25,France,EURO,32465,5109362,166,102010
2021-04-26,France,EURO,24812,5134174,174,102184
2021-04-27,France,EURO,21077,5155251,391,102575
2021-04-28,France,EURO,20966,5176217,315,102890
2021-04-29,France,EURO,22575,5198792,344,103234
2021-04-30,France,EURO,3828,5202620,306,103540
2021-05-01,France,EURO,3376,5205996,290,103830
2021-05-02,France,EURO,27245,5233241,164,103994
2021-05-03,France,EURO,20203,5253444,113,104107
2021-05-04,France,EURO,17478,5270922,279,104386
2021-05-05,France,EURO,15889,5286811,255,104641
2021-05-06,France,EURO,17918,5304729,273,104914
2021-05-07,France,EURO,3888,5308617,219,105133
2021-05-08,France,EURO,1562,5310179,206,105339
2021-05-09,France,EURO,23884,5334063,205,105544
2021-05-10,France,EURO,16618,5350681,86,105630
2021-05-11,France,EURO,15762,5366443,319,105949
2021-05-12,France,EURO,1571,5368014,202,106151
2021-05-13,France,EURO,17164,5385178,182,106333
2021-05-14,France,EURO,8576,5393754,160,106493
2021-05-15,France,EURO,2262,5396016,173,106666
2021-05-16,France,EURO,18820,5414836,100,106766
2021-05-17,France,EURO,15432,5430268,81,106847
2021-05-18,France,EURO,13220,5443488,195,107042
2021-05-19,France,EURO,11514,5455002,192,107234
2021-05-20,France,EURO,11986,5466988,169,107403
2021-05-21,France,EURO,4817,5471805,133,107536
2021-05-22,France,EURO,13447,5485252,121,107657
2021-05-23,France,EURO,11821,5497073,75,107732
2021-05-24,France,EURO,9704,5506777,70,107802
2021-05-25,France,EURO,1908,5508685,61,107863
2021-05-26,France,EURO,1749,5510434,178,108041
2021-05-27,France,EURO,12438,5522872,172,108213
2021-05-28,France,EURO,13704,5536576,141,108354
2021-05-29,France,EURO,11090,5547666,94,108448
2021-05-30,France,EURO,10007,5557673,95,108543
2021-01-01,French Guiana,AMRO,121,13166,0,71
2021-01-02,French Guiana,AMRO,107,13273,0,71
2021-01-03,French Guiana,AMRO,0,13273,0,71
2021-01-04,French Guiana,AMRO,0,13273,0,71
2021-01-05,French Guiana,AMRO,101,13374,1,72
2021-01-06,French Guiana,AMRO,123,13497,0,72
2021-01-07,French Guiana,AMRO,135,13632,1,73
2021-01-08,French Guiana,AMRO,193,13825,0,73
2021-01-09,French Guiana,AMRO,145,13970,1,74
2021-01-10,French Guiana,AMRO,143,14113,0,74
2021-01-11,French Guiana,AMRO,0,14113,0,74
2021-01-12,French Guiana,AMRO,108,14221,0,74
2021-01-13,French Guiana,AMRO,149,14370,0,74
2021-01-14,French Guiana,AMRO,156,14526,0,74
2021-01-15,French Guiana,AMRO,128,14654,0,74
2021-01-16,French Guiana,AMRO,122,14776,0,74
2021-01-17,French Guiana,AMRO,199,14975,1,75
2021-01-18,French Guiana,AMRO,0,14975,0,75
2021-01-19,French Guiana,AMRO,80,15055,1,76
2021-01-20,French Guiana,AMRO,132,15187,0,76
2021-01-21,French Guiana,AMRO,124,15311,0,76
2021-01-22,French Guiana,AMRO,120,15431,0,76
2021-01-23,French Guiana,AMRO,129,15560,0,76
2021-01-24,French Guiana,AMRO,104,15664,0,76
2021-01-25,French Guiana,AMRO,0,15664,0,76
2021-01-26,French Guiana,AMRO,38,15702,0,76
2021-01-27,French Guiana,AMRO,77,15779,0,76
2021-01-28,French Guiana,AMRO,78,15857,0,76
2021-01-29,French Guiana,AMRO,75,15932,0,76
2021-01-30,French Guiana,AMRO,96,16028,0,76
2021-01-31,French Guiana,AMRO,55,16083,0,76
2021-02-01,French Guiana,AMRO,0,16083,0,76
2021-02-02,French Guiana,AMRO,51,16134,0,76
2021-02-03,French Guiana,AMRO,51,16185,0,76
2021-02-04,French Guiana,AMRO,33,16218,2,78
2021-02-05,French Guiana,AMRO,46,16264,1,79
2021-02-06,French Guiana,AMRO,32,16296,0,79
2021-02-07,French Guiana,AMRO,0,16296,0,79
2021-02-08,French Guiana,AMRO,0,16296,0,79
2021-02-09,French Guiana,AMRO,0,16296,0,79
2021-02-10,French Guiana,AMRO,0,16296,0,79
2021-02-11,French Guiana,AMRO,0,16296,0,79
2021-02-12,French Guiana,AMRO,0,16296,0,79
2021-02-13,French Guiana,AMRO,160,16456,1,80
2021-02-14,French Guiana,AMRO,0,16456,0,80
2021-02-15,French Guiana,AMRO,0,16456,0,80
2021-02-16,French Guiana,AMRO,0,16456,0,80
2021-02-17,French Guiana,AMRO,0,16456,0,80
2021-02-18,French Guiana,AMRO,0,16456,0,80
2021-02-19,French Guiana,AMRO,0,16456,0,80
2021-02-20,French Guiana,AMRO,73,16529,3,83
2021-02-21,French Guiana,AMRO,0,16529,0,83
2021-02-22,French Guiana,AMRO,0,16529,0,83
2021-02-23,French Guiana,AMRO,0,16529,0,83
2021-02-24,French Guiana,AMRO,0,16529,0,83
2021-02-25,French Guiana,AMRO,0,16529,0,83
2021-02-26,French Guiana,AMRO,0,16529,0,83
2021-02-27,French Guiana,AMRO,98,16627,2,85
2021-02-28,French Guiana,AMRO,0,16627,0,85
2021-03-01,French Guiana,AMRO,0,16627,0,85
2021-03-02,French Guiana,AMRO,0,16627,0,85
2021-03-03,French Guiana,AMRO,0,16627,0,85
2021-03-04,French Guiana,AMRO,0,16627,0,85
2021-03-05,French Guiana,AMRO,0,16627,0,85
2021-03-06,French Guiana,AMRO,66,16693,2,87
2021-03-07,French Guiana,AMRO,0,16693,0,87
2021-03-08,French Guiana,AMRO,0,16693,0,87
2021-03-09,French Guiana,AMRO,0,16693,0,87
2021-03-10,French Guiana,AMRO,0,16693,0,87
2021-03-11,French Guiana,AMRO,0,16693,0,87
2021-03-12,French Guiana,AMRO,0,16693,0,87
2021-03-13,French Guiana,AMRO,71,16764,0,87
2021-03-14,French Guiana,AMRO,0,16764,0,87
2021-03-15,French Guiana,AMRO,0,16764,0,87
2021-03-16,French Guiana,AMRO,0,16764,0,87
2021-03-17,French Guiana,AMRO,0,16764,0,87
2021-03-18,French Guiana,AMRO,0,16764,0,87
2021-03-19,French Guiana,AMRO,0,16764,0,87
2021-03-20,French Guiana,AMRO,0,16764,0,87
2021-03-21,French Guiana,AMRO,0,16764,0,87
2021-03-22,French Guiana,AMRO,0,16764,0,87
2021-03-23,French Guiana,AMRO,0,16764,0,87
2021-03-24,French Guiana,AMRO,0,16764,0,87
2021-03-25,French Guiana,AMRO,0,16764,0,87
2021-03-26,French Guiana,AMRO,158,16922,2,89
2021-03-27,French Guiana,AMRO,0,16922,0,89
2021-03-28,French Guiana,AMRO,0,16922,0,89
2021-03-29,French Guiana,AMRO,0,16922,0,89
2021-03-30,French Guiana,AMRO,0,16922,0,89
2021-03-31,French Guiana,AMRO,0,16922,0,89
2021-04-01,French Guiana,AMRO,210,17132,4,93
2021-04-02,French Guiana,AMRO,0,17132,0,93
2021-04-03,French Guiana,AMRO,0,17132,3,96
2021-04-04,French Guiana,AMRO,0,17132,0,96
2021-04-05,French Guiana,AMRO,0,17132,0,96
2021-04-06,French Guiana,AMRO,0,17132,-3,93
2021-04-07,French Guiana,AMRO,186,17318,1,94
2021-04-08,French Guiana,AMRO,0,17318,0,94
2021-04-09,French Guiana,AMRO,123,17441,0,94
2021-04-10,French Guiana,AMRO,108,17549,0,94
2021-04-11,French Guiana,AMRO,0,17549,0,94
2021-04-12,French Guiana,AMRO,0,17549,0,94
2021-04-13,French Guiana,AMRO,0,17549,0,94
2021-04-14,French Guiana,AMRO,157,17706,0,94
2021-04-15,French Guiana,AMRO,100,17806,1,95
2021-04-16,French Guiana,AMRO,77,17883,0,95
2021-04-17,French Guiana,AMRO,82,17965,0,95
2021-04-18,French Guiana,AMRO,116,18081,0,95
2021-04-19,French Guiana,AMRO,0,18081,0,95
2021-04-20,French Guiana,AMRO,0,18081,0,95
2021-04-21,French Guiana,AMRO,180,18261,1,96
2021-04-22,French Guiana,AMRO,0,18261,0,96
2021-04-23,French Guiana,AMRO,284,18545,0,96
2021-04-24,French Guiana,AMRO,148,18693,1,97
2021-04-25,French Guiana,AMRO,133,18826,1,98
2021-04-26,French Guiana,AMRO,0,18826,0,98
2021-04-27,French Guiana,AMRO,0,18826,0,98
2021-04-28,French Guiana,AMRO,178,19004,2,100
2021-04-29,French Guiana,AMRO,95,19099,0,100
2021-04-30,French Guiana,AMRO,165,19264,0,100
2021-05-01,French Guiana,AMRO,140,19404,0,100
2021-05-02,French Guiana,AMRO,139,19543,1,101
2021-05-03,French Guiana,AMRO,0,19543,0,101
2021-05-04,French Guiana,AMRO,154,19697,3,104
2021-05-05,French Guiana,AMRO,185,19882,0,104
2021-05-06,French Guiana,AMRO,196,20078,0,104
2021-05-07,French Guiana,AMRO,148,20226,0,104
2021-05-08,French Guiana,AMRO,140,20366,0,104
2021-05-09,French Guiana,AMRO,0,20366,0,104
2021-05-10,French Guiana,AMRO,0,20366,0,104
2021-05-11,French Guiana,AMRO,278,20644,2,106
2021-05-12,French Guiana,AMRO,233,20877,0,106
2021-05-13,French Guiana,AMRO,229,21106,2,108
2021-05-14,French Guiana,AMRO,327,21433,0,108
2021-05-15,French Guiana,AMRO,32,21465,0,108
2021-05-16,French Guiana,AMRO,0,21465,0,108
2021-05-17,French Guiana,AMRO,0,21465,0,108
2021-05-18,French Guiana,AMRO,380,21845,1,109
2021-05-19,French Guiana,AMRO,0,21845,0,109
2021-05-20,French Guiana,AMRO,270,22115,1,110
2021-05-21,French Guiana,AMRO,267,22382,0,110
2021-05-22,French Guiana,AMRO,228,22610,2,112
2021-05-23,French Guiana,AMRO,170,22780,0,112
2021-05-24,French Guiana,AMRO,0,22780,0,112
2021-05-25,French Guiana,AMRO,321,23101,1,113
2021-05-26,French Guiana,AMRO,71,23172,1,114
2021-05-27,French Guiana,AMRO,208,23380,1,115
2021-05-28,French Guiana,AMRO,229,23609,1,116
2021-05-29,French Guiana,AMRO,154,23763,0,116
2021-05-30,French Guiana,AMRO,0,23763,0,116
2021-01-01,French Polynesia,WPRO,75,16926,0,114
2021-01-02,French Polynesia,WPRO,0,16926,0,114
2021-01-03,French Polynesia,WPRO,0,16926,0,114
2021-01-04,French Polynesia,WPRO,0,16926,0,114
2021-01-05,French Polynesia,WPRO,62,16988,7,121
2021-01-06,French Polynesia,WPRO,100,17088,0,121
2021-01-07,French Polynesia,WPRO,43,17131,0,121
2021-01-08,French Polynesia,WPRO,64,17195,0,121
2021-01-09,French Polynesia,WPRO,46,17241,1,122
2021-01-10,French Polynesia,WPRO,0,17241,0,122
2021-01-11,French Polynesia,WPRO,0,17241,0,122
2021-01-12,French Polynesia,WPRO,99,17340,2,124
2021-01-13,French Polynesia,WPRO,63,17403,0,124
2021-01-14,French Polynesia,WPRO,80,17483,0,124
2021-01-15,French Polynesia,WPRO,107,17590,2,126
2021-01-16,French Polynesia,WPRO,45,17635,0,126
2021-01-17,French Polynesia,WPRO,0,17635,0,126
2021-01-18,French Polynesia,WPRO,0,17635,0,126
2021-01-19,French Polynesia,WPRO,62,17697,1,127
2021-01-20,French Polynesia,WPRO,0,17697,0,127
2021-01-21,French Polynesia,WPRO,111,17808,1,128
2021-01-22,French Polynesia,WPRO,12,17820,0,128
2021-01-23,French Polynesia,WPRO,32,17852,0,128
2021-01-24,French Polynesia,WPRO,0,17852,0,128
2021-01-25,French Polynesia,WPRO,0,17852,0,128
2021-01-26,French Polynesia,WPRO,60,17912,1,129
2021-01-27,French Polynesia,WPRO,49,17961,2,131
2021-01-28,French Polynesia,WPRO,35,17996,0,131
2021-01-29,French Polynesia,WPRO,37,18033,0,131
2021-01-30,French Polynesia,WPRO,27,18060,0,131
2021-01-31,French Polynesia,WPRO,0,18060,0,131
2021-02-01,French Polynesia,WPRO,0,18060,0,131
2021-02-02,French Polynesia,WPRO,41,18101,1,132
2021-02-03,French Polynesia,WPRO,20,18121,1,133
2021-02-04,French Polynesia,WPRO,24,18145,0,133
2021-02-05,French Polynesia,WPRO,20,18165,0,133
2021-02-06,French Polynesia,WPRO,20,18185,0,133
2021-02-07,French Polynesia,WPRO,0,18185,0,133
2021-02-08,French Polynesia,WPRO,0,18185,0,133
2021-02-09,French Polynesia,WPRO,21,18206,2,135
2021-02-10,French Polynesia,WPRO,16,18222,0,135
2021-02-11,French Polynesia,WPRO,22,18244,0,135
2021-02-12,French Polynesia,WPRO,13,18257,0,135
2021-02-13,French Polynesia,WPRO,6,18263,0,135
2021-02-14,French Polynesia,WPRO,0,18263,0,135
2021-02-15,French Polynesia,WPRO,0,18263,0,135
2021-02-16,French Polynesia,WPRO,30,18293,0,135
2021-02-17,French Polynesia,WPRO,6,18299,1,136
2021-02-18,French Polynesia,WPRO,22,18321,0,136
2021-02-19,French Polynesia,WPRO,14,18335,0,136
2021-02-20,French Polynesia,WPRO,11,18346,1,137
2021-02-21,French Polynesia,WPRO,0,18346,0,137
2021-02-22,French Polynesia,WPRO,0,18346,0,137
2021-02-23,French Polynesia,WPRO,8,18354,1,138
2021-02-24,French Polynesia,WPRO,8,18362,0,138
2021-02-25,French Polynesia,WPRO,8,18370,1,139
2021-02-26,French Polynesia,WPRO,9,18379,0,139
2021-02-27,French Polynesia,WPRO,8,18387,0,139
2021-02-28,French Polynesia,WPRO,0,18387,0,139
2021-03-01,French Polynesia,WPRO,0,18387,0,139
2021-03-02,French Polynesia,WPRO,27,18414,0,139
2021-03-03,French Polynesia,WPRO,15,18429,1,140
2021-03-04,French Polynesia,WPRO,23,18452,0,140
2021-03-05,French Polynesia,WPRO,7,18459,0,140
2021-03-06,French Polynesia,WPRO,0,18459,0,140
2021-03-07,French Polynesia,WPRO,0,18459,0,140
2021-03-08,French Polynesia,WPRO,0,18459,0,140
2021-03-09,French Polynesia,WPRO,23,18482,1,141
2021-03-10,French Polynesia,WPRO,13,18495,0,141
2021-03-11,French Polynesia,WPRO,14,18509,0,141
2021-03-12,French Polynesia,WPRO,8,18517,0,141
2021-03-13,French Polynesia,WPRO,10,18527,0,141
2021-03-14,French Polynesia,WPRO,0,18527,0,141
2021-03-15,French Polynesia,WPRO,0,18527,0,141
2021-03-16,French Polynesia,WPRO,19,18546,0,141
2021-03-17,French Polynesia,WPRO,15,18561,0,141
2021-03-18,French Polynesia,WPRO,5,18566,0,141
2021-03-19,French Polynesia,WPRO,4,18570,0,141
2021-03-20,French Polynesia,WPRO,6,18576,0,141
2021-03-21,French Polynesia,WPRO,0,18576,0,141
2021-03-22,French Polynesia,WPRO,0,18576,0,141
2021-03-23,French Polynesia,WPRO,11,18587,0,141
2021-03-24,French Polynesia,WPRO,8,18595,0,141
2021-03-25,French Polynesia,WPRO,3,18598,0,141
2021-03-26,French Polynesia,WPRO,7,18605,0,141
2021-03-27,French Polynesia,WPRO,2,18607,0,141
2021-03-28,French Polynesia,WPRO,0,18607,0,141
2021-03-29,French Polynesia,WPRO,0,18607,0,141
2021-03-30,French Polynesia,WPRO,5,18612,0,141
2021-03-31,French Polynesia,WPRO,10,18622,0,141
2021-04-01,French Polynesia,WPRO,5,18627,0,141
2021-04-02,French Polynesia,WPRO,6,18633,0,141
2021-04-03,French Polynesia,WPRO,0,18633,0,141
2021-04-04,French Polynesia,WPRO,0,18633,0,141
2021-04-05,French Polynesia,WPRO,0,18633,0,141
2021-04-06,French Polynesia,WPRO,0,18633,0,141
2021-04-07,French Polynesia,WPRO,7,18640,0,141
2021-04-08,French Polynesia,WPRO,3,18643,0,141
2021-04-09,French Polynesia,WPRO,4,18647,0,141
2021-04-10,French Polynesia,WPRO,5,18652,0,141
2021-04-11,French Polynesia,WPRO,0,18652,0,141
2021-04-12,French Polynesia,WPRO,0,18652,0,141
2021-04-13,French Polynesia,WPRO,14,18666,0,141
2021-04-14,French Polynesia,WPRO,12,18678,0,141
2021-04-15,French Polynesia,WPRO,2,18680,0,141
2021-04-16,French Polynesia,WPRO,8,18688,0,141
2021-04-17,French Polynesia,WPRO,8,18696,0,141
2021-04-18,French Polynesia,WPRO,0,18696,0,141
2021-04-19,French Polynesia,WPRO,0,18696,0,141
2021-04-20,French Polynesia,WPRO,12,18708,0,141
2021-04-21,French Polynesia,WPRO,12,18720,0,141
2021-04-22,French Polynesia,WPRO,2,18722,0,141
2021-04-23,French Polynesia,WPRO,3,18725,0,141
2021-04-24,French Polynesia,WPRO,9,18734,0,141
2021-04-25,French Polynesia,WPRO,0,18734,0,141
2021-04-26,French Polynesia,WPRO,0,18734,0,141
2021-04-27,French Polynesia,WPRO,5,18739,0,141
2021-04-28,French Polynesia,WPRO,5,18744,0,141
2021-04-29,French Polynesia,WPRO,2,18746,0,141
2021-04-30,French Polynesia,WPRO,9,18755,0,141
2021-05-01,French Polynesia,WPRO,3,18758,0,141
2021-05-02,French Polynesia,WPRO,0,18758,0,141
2021-05-03,French Polynesia,WPRO,0,18758,0,141
2021-05-04,French Polynesia,WPRO,7,18765,0,141
2021-05-05,French Polynesia,WPRO,6,18771,0,141
2021-05-06,French Polynesia,WPRO,4,18775,0,141
2021-05-07,French Polynesia,WPRO,1,18776,0,141
2021-05-08,French Polynesia,WPRO,14,18790,0,141
2021-05-09,French Polynesia,WPRO,0,18790,0,141
2021-05-10,French Polynesia,WPRO,0,18790,0,141
2021-05-11,French Polynesia,WPRO,7,18797,0,141
2021-05-12,French Polynesia,WPRO,0,18797,0,141
2021-05-13,French Polynesia,WPRO,0,18797,0,141
2021-05-14,French Polynesia,WPRO,0,18797,0,141
2021-05-15,French Polynesia,WPRO,18,18815,0,141
2021-05-16,French Polynesia,WPRO,0,18815,0,141
2021-05-17,French Polynesia,WPRO,0,18815,0,141
2021-05-18,French Polynesia,WPRO,1,18816,0,141
2021-05-19,French Polynesia,WPRO,12,18828,0,141
2021-05-20,French Polynesia,WPRO,7,18835,0,141
2021-05-21,French Polynesia,WPRO,6,18841,0,141
2021-05-22,French Polynesia,WPRO,3,18844,0,141
2021-05-23,French Polynesia,WPRO,0,18844,0,141
2021-05-24,French Polynesia,WPRO,0,18844,0,141
2021-05-25,French Polynesia,WPRO,0,18844,0,141
2021-05-26,French Polynesia,WPRO,9,18853,1,142
2021-05-27,French Polynesia,WPRO,2,18855,0,142
2021-05-28,French Polynesia,WPRO,4,18859,0,142
2021-05-29,French Polynesia,WPRO,1,18860,0,142
2021-05-30,French Polynesia,WPRO,0,18860,0,142
2021-01-01,Gabon,AFRO,0,9571,0,64
2021-01-02,Gabon,AFRO,0,9571,0,64
2021-01-03,Gabon,AFRO,0,9571,0,64
2021-01-04,Gabon,AFRO,0,9571,0,64
2021-01-05,Gabon,AFRO,34,9605,2,66
2021-01-06,Gabon,AFRO,0,9605,0,66
2021-01-07,Gabon,AFRO,36,9641,0,66
2021-01-08,Gabon,AFRO,0,9641,0,66
2021-01-09,Gabon,AFRO,53,9694,0,66
2021-01-10,Gabon,AFRO,0,9694,0,66
2021-01-11,Gabon,AFRO,0,9694,0,66
2021-01-12,Gabon,AFRO,46,9740,0,66
2021-01-13,Gabon,AFRO,0,9740,0,66
2021-01-14,Gabon,AFRO,79,9819,0,66
2021-01-15,Gabon,AFRO,0,9819,0,66
2021-01-16,Gabon,AFRO,0,9819,0,66
2021-01-17,Gabon,AFRO,80,9899,0,66
2021-01-18,Gabon,AFRO,0,9899,0,66
2021-01-19,Gabon,AFRO,120,10019,0,66
2021-01-20,Gabon,AFRO,0,10019,0,66
2021-01-21,Gabon,AFRO,101,10120,0,66
2021-01-22,Gabon,AFRO,0,10120,0,66
2021-01-23,Gabon,AFRO,158,10278,1,67
2021-01-24,Gabon,AFRO,0,10278,0,67
2021-01-25,Gabon,AFRO,0,10278,0,67
2021-01-26,Gabon,AFRO,133,10411,0,67
2021-01-27,Gabon,AFRO,0,10411,0,67
2021-01-28,Gabon,AFRO,125,10536,1,68
2021-01-29,Gabon,AFRO,0,10536,0,68
2021-01-30,Gabon,AFRO,212,10748,0,68
2021-01-31,Gabon,AFRO,0,10748,0,68
2021-02-01,Gabon,AFRO,0,10748,0,68
2021-02-02,Gabon,AFRO,204,10952,0,68
2021-02-03,Gabon,AFRO,0,10952,0,68
2021-02-04,Gabon,AFRO,177,11129,2,70
2021-02-05,Gabon,AFRO,0,11129,0,70
2021-02-06,Gabon,AFRO,328,11457,1,71
2021-02-07,Gabon,AFRO,0,11457,0,71
2021-02-08,Gabon,AFRO,0,11457,0,71
2021-02-09,Gabon,AFRO,379,11836,0,71
2021-02-10,Gabon,AFRO,0,11836,0,71
2021-02-11,Gabon,AFRO,335,12171,0,71
2021-02-12,Gabon,AFRO,0,12171,0,71
2021-02-13,Gabon,AFRO,0,12171,0,71
2021-02-14,Gabon,AFRO,406,12577,2,73
2021-02-15,Gabon,AFRO,0,12577,0,73
2021-02-16,Gabon,AFRO,288,12865,2,75
2021-02-17,Gabon,AFRO,0,12865,0,75
2021-02-18,Gabon,AFRO,242,13107,0,75
2021-02-19,Gabon,AFRO,0,13107,0,75
2021-02-20,Gabon,AFRO,446,13553,0,75
2021-02-21,Gabon,AFRO,0,13553,0,75
2021-02-22,Gabon,AFRO,0,13553,0,75
2021-02-23,Gabon,AFRO,331,13884,1,76
2021-02-24,Gabon,AFRO,0,13884,0,76
2021-02-25,Gabon,AFRO,350,14234,4,80
2021-02-26,Gabon,AFRO,0,14234,0,80
2021-02-27,Gabon,AFRO,330,14564,3,83
2021-02-28,Gabon,AFRO,0,14564,0,83
2021-03-01,Gabon,AFRO,1,14565,0,83
2021-03-02,Gabon,AFRO,284,14849,4,87
2021-03-03,Gabon,AFRO,0,14849,0,87
2021-03-04,Gabon,AFRO,405,15254,1,88
2021-03-05,Gabon,AFRO,0,15254,0,88
2021-03-06,Gabon,AFRO,0,15254,0,88
2021-03-07,Gabon,AFRO,263,15517,2,90
2021-03-08,Gabon,AFRO,108,15625,0,90
2021-03-09,Gabon,AFRO,390,16015,1,91
2021-03-10,Gabon,AFRO,0,16015,0,91
2021-03-11,Gabon,AFRO,298,16313,2,93
2021-03-12,Gabon,AFRO,0,16313,0,93
2021-03-13,Gabon,AFRO,347,16660,3,96
2021-03-14,Gabon,AFRO,0,16660,0,96
2021-03-15,Gabon,AFRO,0,16660,0,96
2021-03-16,Gabon,AFRO,285,16945,5,101
2021-03-17,Gabon,AFRO,0,16945,0,101
2021-03-18,Gabon,AFRO,352,17297,4,105
2021-03-19,Gabon,AFRO,0,17297,0,105
2021-03-20,Gabon,AFRO,0,17297,0,105
2021-03-21,Gabon,AFRO,0,17297,0,105
2021-03-22,Gabon,AFRO,414,17711,1,106
2021-03-23,Gabon,AFRO,367,18078,2,108
2021-03-24,Gabon,AFRO,0,18078,0,108
2021-03-25,Gabon,AFRO,0,18078,0,108
2021-03-26,Gabon,AFRO,348,18426,1,109
2021-03-27,Gabon,AFRO,0,18426,0,109
2021-03-28,Gabon,AFRO,0,18426,0,109
2021-03-29,Gabon,AFRO,351,18777,2,111
2021-03-30,Gabon,AFRO,363,19140,3,114
2021-03-31,Gabon,AFRO,0,19140,0,114
2021-04-01,Gabon,AFRO,0,19140,4,118
2021-04-02,Gabon,AFRO,410,19550,0,118
2021-04-03,Gabon,AFRO,313,19863,1,119
2021-04-04,Gabon,AFRO,0,19863,0,119
2021-04-05,Gabon,AFRO,0,19863,0,119
2021-04-06,Gabon,AFRO,0,19863,0,119
2021-04-07,Gabon,AFRO,0,19863,0,119
2021-04-08,Gabon,AFRO,402,20265,5,124
2021-04-09,Gabon,AFRO,0,20265,0,124
2021-04-10,Gabon,AFRO,371,20636,3,127
2021-04-11,Gabon,AFRO,0,20636,0,127
2021-04-12,Gabon,AFRO,0,20636,0,127
2021-04-13,Gabon,AFRO,0,20636,0,127
2021-04-14,Gabon,AFRO,335,20971,2,129
2021-04-15,Gabon,AFRO,0,20971,0,129
2021-04-16,Gabon,AFRO,595,21566,3,132
2021-04-17,Gabon,AFRO,0,21566,0,132
2021-04-18,Gabon,AFRO,292,21858,1,133
2021-04-19,Gabon,AFRO,0,21858,0,133
2021-04-20,Gabon,AFRO,174,22032,3,136
2021-04-21,Gabon,AFRO,0,22032,0,136
2021-04-22,Gabon,AFRO,0,22032,0,136
2021-04-23,Gabon,AFRO,0,22032,0,136
2021-04-24,Gabon,AFRO,401,22433,2,138
2021-04-25,Gabon,AFRO,0,22433,0,138
2021-04-26,Gabon,AFRO,0,22433,0,138
2021-04-27,Gabon,AFRO,135,22568,0,138
2021-04-28,Gabon,AFRO,0,22568,0,138
2021-04-29,Gabon,AFRO,0,22568,0,138
2021-04-30,Gabon,AFRO,0,22568,0,138
2021-05-01,Gabon,AFRO,507,23075,1,139
2021-05-02,Gabon,AFRO,0,23075,0,139
2021-05-03,Gabon,AFRO,0,23075,0,139
2021-05-04,Gabon,AFRO,126,23201,1,140
2021-05-05,Gabon,AFRO,0,23201,0,140
2021-05-06,Gabon,AFRO,0,23201,0,140
2021-05-07,Gabon,AFRO,0,23201,0,140
2021-05-08,Gabon,AFRO,231,23432,3,143
2021-05-09,Gabon,AFRO,0,23432,0,143
2021-05-10,Gabon,AFRO,0,23432,0,143
2021-05-11,Gabon,AFRO,133,23565,0,143
2021-05-12,Gabon,AFRO,0,23565,0,143
2021-05-13,Gabon,AFRO,169,23734,0,143
2021-05-14,Gabon,AFRO,0,23734,0,143
2021-05-15,Gabon,AFRO,65,23799,0,143
2021-05-16,Gabon,AFRO,0,23799,0,143
2021-05-17,Gabon,AFRO,0,23799,0,143
2021-05-18,Gabon,AFRO,110,23909,2,145
2021-05-19,Gabon,AFRO,0,23909,0,145
2021-05-20,Gabon,AFRO,130,24039,2,147
2021-05-21,Gabon,AFRO,0,24039,0,147
2021-05-22,Gabon,AFRO,68,24107,0,147
2021-05-23,Gabon,AFRO,0,24107,0,147
2021-05-24,Gabon,AFRO,0,24107,0,147
2021-05-25,Gabon,AFRO,0,24107,0,147
2021-05-26,Gabon,AFRO,84,24191,2,149
2021-05-27,Gabon,AFRO,61,24252,1,150
2021-05-28,Gabon,AFRO,0,24252,0,150
2021-05-29,Gabon,AFRO,113,24365,0,150
2021-05-30,Gabon,AFRO,0,24365,0,150
2021-01-01,Gambia,AFRO,3,3800,0,124
2021-01-02,Gambia,AFRO,0,3800,0,124
2021-01-03,Gambia,AFRO,2,3802,0,124
2021-01-04,Gambia,AFRO,0,3802,0,124
2021-01-05,Gambia,AFRO,4,3806,1,125
2021-01-06,Gambia,AFRO,6,3812,0,125
2021-01-07,Gambia,AFRO,21,3833,0,125
2021-01-08,Gambia,AFRO,5,3838,0,125
2021-01-09,Gambia,AFRO,3,3841,0,125
2021-01-10,Gambia,AFRO,16,3857,0,125
2021-01-11,Gambia,AFRO,0,3857,0,125
2021-01-12,Gambia,AFRO,19,3876,0,125
2021-01-13,Gambia,AFRO,9,3885,0,125
2021-01-14,Gambia,AFRO,5,3890,1,126
2021-01-15,Gambia,AFRO,3,3893,1,127
2021-01-16,Gambia,AFRO,4,3897,0,127
2021-01-17,Gambia,AFRO,0,3897,0,127
2021-01-18,Gambia,AFRO,13,3910,0,127
2021-01-19,Gambia,AFRO,23,3933,1,128
2021-01-20,Gambia,AFRO,5,3938,0,128
2021-01-21,Gambia,AFRO,12,3950,0,128
2021-01-22,Gambia,AFRO,0,3950,0,128
2021-01-23,Gambia,AFRO,0,3950,0,128
2021-01-24,Gambia,AFRO,8,3958,0,128
2021-01-25,Gambia,AFRO,0,3958,0,128
2021-01-26,Gambia,AFRO,50,4008,0,128
2021-01-27,Gambia,AFRO,4,4012,0,128
2021-01-28,Gambia,AFRO,7,4019,0,128
2021-01-29,Gambia,AFRO,0,4019,0,128
2021-01-30,Gambia,AFRO,71,4090,0,128
2021-01-31,Gambia,AFRO,0,4090,0,128
2021-02-01,Gambia,AFRO,0,4090,0,128
2021-02-02,Gambia,AFRO,49,4139,3,131
2021-02-03,Gambia,AFRO,0,4139,0,131
2021-02-04,Gambia,AFRO,45,4184,1,132
2021-02-05,Gambia,AFRO,0,4184,0,132
2021-02-06,Gambia,AFRO,0,4184,0,132
2021-02-07,Gambia,AFRO,53,4237,2,134
2021-02-08,Gambia,AFRO,0,4237,0,134
2021-02-09,Gambia,AFRO,65,4302,1,135
2021-02-10,Gambia,AFRO,0,4302,0,135
2021-02-11,Gambia,AFRO,0,4302,0,135
2021-02-12,Gambia,AFRO,0,4302,0,135
2021-02-13,Gambia,AFRO,0,4302,0,135
2021-02-14,Gambia,AFRO,0,4302,0,135
2021-02-15,Gambia,AFRO,112,4414,3,138
2021-02-16,Gambia,AFRO,0,4414,0,138
2021-02-17,Gambia,AFRO,55,4469,0,138
2021-02-18,Gambia,AFRO,0,4469,0,138
2021-02-19,Gambia,AFRO,41,4510,1,139
2021-02-20,Gambia,AFRO,0,4510,0,139
2021-02-21,Gambia,AFRO,33,4543,4,143
2021-02-22,Gambia,AFRO,11,4554,1,144
2021-02-23,Gambia,AFRO,0,4554,0,144
2021-02-24,Gambia,AFRO,58,4612,2,146
2021-02-25,Gambia,AFRO,28,4640,1,147
2021-02-26,Gambia,AFRO,31,4671,0,147
2021-02-27,Gambia,AFRO,0,4671,0,147
2021-02-28,Gambia,AFRO,20,4691,1,148
2021-03-01,Gambia,AFRO,21,4712,2,150
2021-03-02,Gambia,AFRO,0,4712,0,150
2021-03-03,Gambia,AFRO,0,4712,0,150
2021-03-04,Gambia,AFRO,23,4735,1,151
2021-03-05,Gambia,AFRO,0,4735,0,151
2021-03-06,Gambia,AFRO,24,4759,1,152
2021-03-07,Gambia,AFRO,0,4759,0,152
2021-03-08,Gambia,AFRO,0,4759,0,152
2021-03-09,Gambia,AFRO,0,4759,0,152
2021-03-10,Gambia,AFRO,0,4759,0,152
2021-03-11,Gambia,AFRO,92,4851,1,153
2021-03-12,Gambia,AFRO,0,4851,0,153
2021-03-13,Gambia,AFRO,88,4939,0,153
2021-03-14,Gambia,AFRO,0,4939,0,153
2021-03-15,Gambia,AFRO,80,5019,0,153
2021-03-16,Gambia,AFRO,0,5019,0,153
2021-03-17,Gambia,AFRO,0,5019,0,153
2021-03-18,Gambia,AFRO,103,5122,7,160
2021-03-19,Gambia,AFRO,31,5153,0,160
2021-03-20,Gambia,AFRO,63,5216,0,160
2021-03-21,Gambia,AFRO,39,5255,1,161
2021-03-22,Gambia,AFRO,0,5255,0,161
2021-03-23,Gambia,AFRO,0,5255,0,161
2021-03-24,Gambia,AFRO,48,5303,0,161
2021-03-25,Gambia,AFRO,0,5303,0,161
2021-03-26,Gambia,AFRO,0,5303,0,161
2021-03-27,Gambia,AFRO,62,5365,2,163
2021-03-28,Gambia,AFRO,36,5401,0,163
2021-03-29,Gambia,AFRO,19,5420,1,164
2021-03-30,Gambia,AFRO,0,5420,0,164
2021-03-31,Gambia,AFRO,0,5420,0,164
2021-04-01,Gambia,AFRO,39,5459,0,164
2021-04-02,Gambia,AFRO,0,5459,1,165
2021-04-03,Gambia,AFRO,0,5459,0,165
2021-04-04,Gambia,AFRO,0,5459,0,165
2021-04-05,Gambia,AFRO,46,5505,1,166
2021-04-06,Gambia,AFRO,0,5505,0,166
2021-04-07,Gambia,AFRO,59,5564,0,166
2021-04-08,Gambia,AFRO,0,5564,0,166
2021-04-09,Gambia,AFRO,0,5564,0,166
2021-04-10,Gambia,AFRO,0,5564,0,166
2021-04-11,Gambia,AFRO,38,5602,2,168
2021-04-12,Gambia,AFRO,0,5602,0,168
2021-04-13,Gambia,AFRO,0,5602,0,168
2021-04-14,Gambia,AFRO,0,5602,0,168
2021-04-15,Gambia,AFRO,80,5682,2,170
2021-04-16,Gambia,AFRO,12,5694,0,170
2021-04-17,Gambia,AFRO,26,5720,0,170
2021-04-18,Gambia,AFRO,13,5733,0,170
2021-04-19,Gambia,AFRO,0,5733,0,170
2021-04-20,Gambia,AFRO,0,5733,0,170
2021-04-21,Gambia,AFRO,51,5784,0,170
2021-04-22,Gambia,AFRO,4,5788,1,171
2021-04-23,Gambia,AFRO,0,5788,0,171
2021-04-24,Gambia,AFRO,32,5820,2,173
2021-04-25,Gambia,AFRO,0,5820,0,173
2021-04-26,Gambia,AFRO,37,5857,0,173
2021-04-27,Gambia,AFRO,0,5857,0,173
2021-04-28,Gambia,AFRO,25,5882,1,174
2021-04-29,Gambia,AFRO,3,5885,0,174
2021-04-30,Gambia,AFRO,2,5887,0,174
2021-05-01,Gambia,AFRO,11,5898,0,174
2021-05-02,Gambia,AFRO,0,5898,0,174
2021-05-03,Gambia,AFRO,3,5901,1,175
2021-05-04,Gambia,AFRO,0,5901,0,175
2021-05-05,Gambia,AFRO,13,5914,0,175
2021-05-06,Gambia,AFRO,8,5922,0,175
2021-05-07,Gambia,AFRO,3,5925,0,175
2021-05-08,Gambia,AFRO,0,5925,0,175
2021-05-09,Gambia,AFRO,4,5929,0,175
2021-05-10,Gambia,AFRO,0,5929,0,175
2021-05-11,Gambia,AFRO,0,5929,0,175
2021-05-12,Gambia,AFRO,5,5934,0,175
2021-05-13,Gambia,AFRO,0,5934,0,175
2021-05-14,Gambia,AFRO,6,5940,0,175
2021-05-15,Gambia,AFRO,0,5940,0,175
2021-05-16,Gambia,AFRO,6,5946,0,175
2021-05-17,Gambia,AFRO,0,5946,0,175
2021-05-18,Gambia,AFRO,11,5957,0,175
2021-05-19,Gambia,AFRO,9,5966,0,175
2021-05-20,Gambia,AFRO,2,5968,0,175
2021-05-21,Gambia,AFRO,0,5968,0,175
2021-05-22,Gambia,AFRO,3,5971,2,177
2021-05-23,Gambia,AFRO,7,5978,1,178
2021-05-24,Gambia,AFRO,0,5978,0,178
2021-05-25,Gambia,AFRO,0,5978,0,178
2021-05-26,Gambia,AFRO,0,5978,0,178
2021-05-27,Gambia,AFRO,12,5990,0,178
2021-05-28,Gambia,AFRO,1,5991,0,178
2021-05-29,Gambia,AFRO,0,5991,0,178
2021-05-30,Gambia,AFRO,2,5993,1,179
2021-01-01,Georgia,EURO,990,228410,23,2528
2021-01-02,Georgia,EURO,342,228752,44,2572
2021-01-03,Georgia,EURO,417,229169,31,2603
2021-01-04,Georgia,EURO,594,229763,25,2628
2021-01-05,Georgia,EURO,2316,232079,18,2646
2021-01-06,Georgia,EURO,1800,233879,20,2666
2021-01-07,Georgia,EURO,1612,235491,28,2694
2021-01-08,Georgia,EURO,537,236028,34,2728
2021-01-09,Georgia,EURO,2058,238086,22,2750
2021-01-10,Georgia,EURO,1143,239229,23,2773
2021-01-11,Georgia,EURO,551,239780,23,2796
2021-01-12,Georgia,EURO,1857,241637,24,2820
2021-01-13,Georgia,EURO,1618,243255,26,2846
2021-01-14,Georgia,EURO,1357,244612,21,2867
2021-01-15,Georgia,EURO,1177,245789,26,2893
2021-01-16,Georgia,EURO,1236,247025,23,2916
2021-01-17,Georgia,EURO,780,247805,17,2933
2021-01-18,Georgia,EURO,110,247915,25,2958
2021-01-19,Georgia,EURO,1550,249465,15,2973
2021-01-20,Georgia,EURO,469,249934,14,2987
2021-01-21,Georgia,EURO,1137,251071,11,2998
2021-01-22,Georgia,EURO,903,251974,24,3022
2021-01-23,Georgia,EURO,998,252972,16,3038
2021-01-24,Georgia,EURO,546,253518,17,3055
2021-01-25,Georgia,EURO,298,253816,16,3071
2021-01-26,Georgia,EURO,1006,254822,25,3096
2021-01-27,Georgia,EURO,742,255564,12,3108
2021-01-28,Georgia,EURO,723,256287,19,3127
2021-01-29,Georgia,EURO,669,256956,21,3148
2021-01-30,Georgia,EURO,676,257632,11,3159
2021-01-31,Georgia,EURO,479,258111,19,3178
2021-02-01,Georgia,EURO,240,258351,16,3194
2021-02-02,Georgia,EURO,858,259209,14,3208
2021-02-03,Georgia,EURO,688,259897,13,3221
2021-02-04,Georgia,EURO,583,260480,19,3240
2021-02-05,Georgia,EURO,538,261018,18,3258
2021-02-06,Georgia,EURO,602,261620,11,3269
2021-02-07,Georgia,EURO,404,262024,14,3283
2021-02-08,Georgia,EURO,204,262228,15,3298
2021-02-09,Georgia,EURO,829,263057,8,3306
2021-02-10,Georgia,EURO,544,263601,5,3311
2021-02-11,Georgia,EURO,557,264158,10,3321
2021-02-12,Georgia,EURO,507,264665,15,3336
2021-02-13,Georgia,EURO,535,265200,7,3343
2021-02-14,Georgia,EURO,357,265557,9,3352
2021-02-15,Georgia,EURO,165,265722,11,3363
2021-02-16,Georgia,EURO,740,266462,14,3377
2021-02-17,Georgia,EURO,486,266948,13,3390
2021-02-18,Georgia,EURO,365,267313,9,3399
2021-02-19,Georgia,EURO,388,267701,7,3406
2021-02-20,Georgia,EURO,396,268097,19,3425
2021-02-21,Georgia,EURO,258,268355,10,3435
2021-02-22,Georgia,EURO,147,268502,12,3447
2021-02-23,Georgia,EURO,493,268995,10,3457
2021-02-24,Georgia,EURO,443,269438,6,3463
2021-02-25,Georgia,EURO,362,269800,12,3475
2021-02-26,Georgia,EURO,337,270137,10,3485
2021-02-27,Georgia,EURO,373,270510,14,3499
2021-02-28,Georgia,EURO,248,270758,11,3510
2021-03-01,Georgia,EURO,160,270918,10,3520
2021-03-02,Georgia,EURO,461,271379,12,3532
2021-03-03,Georgia,EURO,360,271739,9,3541
2021-03-04,Georgia,EURO,133,271872,12,3553
2021-03-05,Georgia,EURO,390,272262,10,3563
2021-03-06,Georgia,EURO,355,272617,4,3567
2021-03-07,Georgia,EURO,234,272851,9,3576
2021-03-08,Georgia,EURO,147,272998,15,3591
2021-03-09,Georgia,EURO,139,273137,10,3601
2021-03-10,Georgia,EURO,513,273650,12,3613
2021-03-11,Georgia,EURO,395,274045,9,3622
2021-03-12,Georgia,EURO,332,274377,12,3634
2021-03-13,Georgia,EURO,344,274721,9,3643
2021-03-14,Georgia,EURO,268,274989,5,3648
2021-03-15,Georgia,EURO,159,275148,2,3650
2021-03-16,Georgia,EURO,537,275685,8,3658
2021-03-17,Georgia,EURO,382,276067,7,3665
2021-03-18,Georgia,EURO,369,276436,9,3674
2021-03-19,Georgia,EURO,360,276796,9,3683
2021-03-20,Georgia,EURO,422,277218,8,3691
2021-03-21,Georgia,EURO,262,277480,9,3700
2021-03-22,Georgia,EURO,170,277650,10,3710
2021-03-23,Georgia,EURO,528,278178,4,3714
2021-03-24,Georgia,EURO,450,278628,8,3722
2021-03-25,Georgia,EURO,399,279027,10,3732
2021-03-26,Georgia,EURO,419,279446,6,3738
2021-03-27,Georgia,EURO,490,279936,8,3746
2021-03-28,Georgia,EURO,365,280301,5,3751
2021-03-29,Georgia,EURO,171,280472,14,3765
2021-03-30,Georgia,EURO,673,281145,8,3773
2021-03-31,Georgia,EURO,616,281761,5,3778
2021-04-01,Georgia,EURO,499,282260,7,3785
2021-04-02,Georgia,EURO,529,282789,13,3798
2021-04-03,Georgia,EURO,580,283369,6,3804
2021-04-04,Georgia,EURO,464,283833,7,3811
2021-04-05,Georgia,EURO,228,284061,11,3822
2021-04-06,Georgia,EURO,897,284958,10,3832
2021-04-07,Georgia,EURO,687,285645,8,3840
2021-04-08,Georgia,EURO,761,286406,9,3849
2021-04-09,Georgia,EURO,777,287183,9,3858
2021-04-10,Georgia,EURO,506,287689,11,3869
2021-04-11,Georgia,EURO,707,288396,8,3877
2021-04-12,Georgia,EURO,359,288755,6,3883
2021-04-13,Georgia,EURO,1374,290129,11,3894
2021-04-14,Georgia,EURO,1085,291214,7,3901
2021-04-15,Georgia,EURO,1030,292244,7,3908
2021-04-16,Georgia,EURO,1077,293321,8,3916
2021-04-17,Georgia,EURO,1219,294540,9,3925
2021-04-18,Georgia,EURO,818,295358,14,3939
2021-04-19,Georgia,EURO,578,295936,10,3949
2021-04-20,Georgia,EURO,1792,297728,10,3959
2021-04-21,Georgia,EURO,1310,299038,12,3971
2021-04-22,Georgia,EURO,1226,300264,10,3981
2021-04-23,Georgia,EURO,1271,301535,11,3992
2021-04-24,Georgia,EURO,1250,302785,15,4007
2021-04-25,Georgia,EURO,966,303751,18,4025
2021-04-26,Georgia,EURO,521,304272,18,4043
2021-04-27,Georgia,EURO,1578,305850,17,4060
2021-04-28,Georgia,EURO,1551,307401,17,4077
2021-04-29,Georgia,EURO,1433,308834,18,4095
2021-04-30,Georgia,EURO,1476,310310,15,4110
2021-05-01,Georgia,EURO,1147,311457,20,4130
2021-05-02,Georgia,EURO,988,312445,21,4151
2021-05-03,Georgia,EURO,509,312954,12,4163
2021-05-04,Georgia,EURO,788,313742,20,4183
2021-05-05,Georgia,EURO,2171,315913,24,4207
2021-05-06,Georgia,EURO,1806,317719,20,4227
2021-05-07,Georgia,EURO,1547,319266,18,4245
2021-05-08,Georgia,EURO,1564,320830,18,4263
2021-05-09,Georgia,EURO,1089,321919,18,4281
2021-05-10,Georgia,EURO,549,322468,24,4305
2021-05-11,Georgia,EURO,1788,324256,31,4336
2021-05-12,Georgia,EURO,1409,325665,27,4363
2021-05-13,Georgia,EURO,776,326441,16,4379
2021-05-14,Georgia,EURO,1390,327831,18,4397
2021-05-15,Georgia,EURO,1576,329407,29,4426
2021-05-16,Georgia,EURO,968,330375,16,4442
2021-05-17,Georgia,EURO,504,330879,27,4469
2021-05-18,Georgia,EURO,1562,332441,30,4499
2021-05-19,Georgia,EURO,1160,333601,20,4519
2021-05-20,Georgia,EURO,1104,334705,21,4540
2021-05-21,Georgia,EURO,1064,335769,29,4569
2021-05-22,Georgia,EURO,1071,336840,33,4602
2021-05-23,Georgia,EURO,733,337573,20,4622
2021-05-24,Georgia,EURO,388,337961,17,4639
2021-05-25,Georgia,EURO,1354,339315,15,4654
2021-05-26,Georgia,EURO,1015,340330,28,4682
2021-05-27,Georgia,EURO,508,340838,17,4699
2021-05-28,Georgia,EURO,1056,341894,28,4727
2021-05-29,Georgia,EURO,986,342880,12,4739
2021-05-30,Georgia,EURO,723,343603,18,4757
2021-01-01,Germany,EURO,22924,1742661,553,33624
2021-01-02,Germany,EURO,12690,1755351,336,33960
2021-01-03,Germany,EURO,10315,1765666,312,34272
2021-01-04,Germany,EURO,9847,1775513,302,34574
2021-01-05,Germany,EURO,11897,1787410,944,35518
2021-01-06,Germany,EURO,21237,1808647,1019,36537
2021-01-07,Germany,EURO,26391,1835038,1070,37607
2021-01-08,Germany,EURO,31849,1866887,1188,38795
2021-01-09,Germany,EURO,24694,1891581,1083,39878
2021-01-10,Germany,EURO,16946,1908527,465,40343
2021-01-11,Germany,EURO,12497,1921024,343,40686
2021-01-12,Germany,EURO,12802,1933826,891,41577
2021-01-13,Germany,EURO,19600,1953426,1060,42637
2021-01-14,Germany,EURO,25164,1978590,1244,43881
2021-01-15,Germany,EURO,22368,2000958,1113,44994
2021-01-16,Germany,EURO,18678,2019636,980,45974
2021-01-17,Germany,EURO,13882,2033518,445,46419
2021-01-18,Germany,EURO,7141,2040659,214,46633
2021-01-19,Germany,EURO,11369,2052028,989,47622
2021-01-20,Germany,EURO,15974,2068002,1148,48770
2021-01-21,Germany,EURO,20398,2088400,1013,49783
2021-01-22,Germany,EURO,17862,2106262,859,50642
2021-01-23,Germany,EURO,16417,2122679,879,51521
2021-01-24,Germany,EURO,12257,2134936,349,51870
2021-01-25,Germany,EURO,6729,2141665,217,52087
2021-01-26,Germany,EURO,6412,2148077,903,52990
2021-01-27,Germany,EURO,13202,2161279,982,53972
2021-01-28,Germany,EURO,17549,2178828,941,54913
2021-01-29,Germany,EURO,14022,2192850,839,55752
2021-01-30,Germany,EURO,12321,2205171,794,56546
2021-01-31,Germany,EURO,11192,2216363,399,56945
2021-02-01,Germany,EURO,5608,2221971,175,57120
2021-02-02,Germany,EURO,6114,2228085,861,57981
2021-02-03,Germany,EURO,9705,2237790,975,58956
2021-02-04,Germany,EURO,14211,2252001,786,59742
2021-02-05,Germany,EURO,12908,2264909,855,60597
2021-02-06,Germany,EURO,10485,2275394,689,61286
2021-02-07,Germany,EURO,8616,2284010,231,61517
2021-02-08,Germany,EURO,4535,2288545,158,61675
2021-02-09,Germany,EURO,3379,2291924,481,62156
2021-02-10,Germany,EURO,8072,2299996,813,62969
2021-02-11,Germany,EURO,10237,2310233,666,63635
2021-02-12,Germany,EURO,9860,2320093,556,64191
2021-02-13,Germany,EURO,8354,2328447,551,64742
2021-02-14,Germany,EURO,6114,2334561,218,64960
2021-02-15,Germany,EURO,4426,2338987,116,65076
2021-02-16,Germany,EURO,3856,2342843,528,65604
2021-02-17,Germany,EURO,7556,2350399,560,66164
2021-02-18,Germany,EURO,10207,2360606,534,66698
2021-02-19,Germany,EURO,9113,2369719,508,67206
2021-02-20,Germany,EURO,9164,2378883,490,67696
2021-02-21,Germany,EURO,7676,2386559,145,67841
2021-02-22,Germany,EURO,4369,2390928,62,67903
2021-02-23,Germany,EURO,3883,2394811,415,68318
2021-02-24,Germany,EURO,8007,2402818,422,68740
2021-02-25,Germany,EURO,11869,2414687,385,69125
2021-02-26,Germany,EURO,9997,2424684,394,69519
2021-02-27,Germany,EURO,9762,2434446,369,69888
2021-02-28,Germany,EURO,7890,2442336,157,70045
2021-03-01,Germany,EURO,4732,2447068,60,70105
2021-03-02,Germany,EURO,3943,2451011,358,70463
2021-03-03,Germany,EURO,9019,2460030,418,70881
2021-03-04,Germany,EURO,11912,2471942,359,71240
2021-03-05,Germany,EURO,10580,2482522,264,71504
2021-03-06,Germany,EURO,9557,2492079,300,71804
2021-03-07,Germany,EURO,8103,2500182,96,71900
2021-03-08,Germany,EURO,5011,2505193,34,71934
2021-03-09,Germany,EURO,4252,2509445,255,72189
2021-03-10,Germany,EURO,9146,2518591,300,72489
2021-03-11,Germany,EURO,14356,2532947,321,72810
2021-03-12,Germany,EURO,12834,2545781,252,73062
2021-03-13,Germany,EURO,12674,2558455,239,73301
2021-03-14,Germany,EURO,10790,2569245,70,73371
2021-03-15,Germany,EURO,6604,2575849,47,73418
2021-03-16,Germany,EURO,5480,2581329,238,73656
2021-03-17,Germany,EURO,13435,2594764,249,73905
2021-03-18,Germany,EURO,17504,2612268,227,74132
2021-03-19,Germany,EURO,17482,2629750,226,74358
2021-03-20,Germany,EURO,16033,2645783,207,74565
2021-03-21,Germany,EURO,13733,2659516,99,74664
2021-03-22,Germany,EURO,7709,2667225,50,74714
2021-03-23,Germany,EURO,7485,2674710,250,74964
2021-03-24,Germany,EURO,15813,2690523,248,75212
2021-03-25,Germany,EURO,22657,2713180,228,75440
2021-03-26,Germany,EURO,21573,2734753,183,75623
2021-03-27,Germany,EURO,20472,2755225,157,75780
2021-03-28,Germany,EURO,17176,2772401,90,75870
2021-03-29,Germany,EURO,9872,2782273,43,75913
2021-03-30,Germany,EURO,9549,2791822,180,76093
2021-03-31,Germany,EURO,17051,2808873,249,76342
2021-04-01,Germany,EURO,24300,2833173,201,76543
2021-04-02,Germany,EURO,21888,2855061,232,76775
2021-04-03,Germany,EURO,18129,2873190,120,76895
2021-04-04,Germany,EURO,12196,2885386,68,76963
2021-04-05,Germany,EURO,8497,2893883,50,77013
2021-04-06,Germany,EURO,6885,2900768,90,77103
2021-04-07,Germany,EURO,9677,2910445,298,77401
2021-04-08,Germany,EURO,20407,2930852,306,77707
2021-04-09,Germany,EURO,25464,2956316,296,78003
2021-04-10,Germany,EURO,24097,2980413,246,78249
2021-04-11,Germany,EURO,17855,2998268,104,78353
2021-04-12,Germany,EURO,13245,3011513,99,78452
2021-04-13,Germany,EURO,10810,3022323,294,78746
2021-04-14,Germany,EURO,21693,3044016,342,79088
2021-04-15,Germany,EURO,29426,3073442,293,79381
2021-04-16,Germany,EURO,25831,3099273,247,79628
2021-04-17,Germany,EURO,23804,3123077,219,79847
2021-04-18,Germany,EURO,19185,3142262,67,79914
2021-04-19,Germany,EURO,0,3142262,0,79914
2021-04-20,Germany,EURO,21046,3163308,389,80303
2021-04-21,Germany,EURO,24884,3188192,331,80634
2021-04-22,Germany,EURO,29518,3217710,259,80893
2021-04-23,Germany,EURO,27543,3245253,265,81158
2021-04-24,Germany,EURO,23392,3268645,286,81444
2021-04-25,Germany,EURO,18773,3287418,120,81564
2021-04-26,Germany,EURO,11907,3299325,60,81624
2021-04-27,Germany,EURO,10976,3310301,344,81968
2021-04-28,Germany,EURO,22231,3332532,312,82280
2021-04-29,Germany,EURO,24736,3357268,264,82544
2021-04-30,Germany,EURO,24329,3381597,306,82850
2021-05-01,Germany,EURO,18935,3400532,232,83082
2021-05-02,Germany,EURO,16290,3416822,110,83192
2021-05-03,Germany,EURO,9160,3425982,84,83276
2021-05-04,Germany,EURO,7534,3433516,315,83591
2021-05-05,Germany,EURO,18034,3451550,285,83876
2021-05-06,Germany,EURO,21953,3473503,250,84126
2021-05-07,Germany,EURO,18485,3491988,284,84410
2021-05-08,Germany,EURO,15685,3507673,238,84648
2021-05-09,Germany,EURO,12656,3520329,127,84775
2021-05-10,Germany,EURO,6922,3527251,54,84829
2021-05-11,Germany,EURO,6125,3533376,283,85112
2021-05-12,Germany,EURO,14909,3548285,268,85380
2021-05-13,Germany,EURO,17419,3565704,278,85658
2021-05-14,Germany,EURO,11336,3577040,190,85848
2021-05-15,Germany,EURO,7894,3584934,177,86025
2021-05-16,Germany,EURO,8500,3593434,71,86096
2021-05-17,Germany,EURO,5412,3598846,64,86160
2021-05-18,Germany,EURO,4209,3603055,221,86381
2021-05-19,Germany,EURO,11040,3614095,284,86665
2021-05-20,Germany,EURO,12298,3626393,237,86902
2021-05-21,Germany,EURO,8769,3635162,226,87128
2021-05-22,Germany,EURO,7082,3642244,170,87298
2021-05-23,Germany,EURO,6714,3648958,82,87380
2021-05-24,Germany,EURO,2682,3651640,43,87423
2021-05-25,Germany,EURO,1911,3653551,33,87456
2021-05-26,Germany,EURO,2626,3656177,270,87726
2021-05-27,Germany,EURO,6313,3662490,269,87995
2021-05-28,Germany,EURO,7380,3669870,192,88187
2021-05-29,Germany,EURO,5426,3675296,163,88350
2021-05-30,Germany,EURO,3852,3679148,56,88406
2021-01-01,Ghana,AFRO,0,54771,0,335
2021-01-02,Ghana,AFRO,0,54771,0,335
2021-01-03,Ghana,AFRO,293,55064,0,335
2021-01-04,Ghana,AFRO,104,55168,0,335
2021-01-05,Ghana,AFRO,0,55168,0,335
2021-01-06,Ghana,AFRO,0,55168,0,335
2021-01-07,Ghana,AFRO,0,55168,0,335
2021-01-08,Ghana,AFRO,293,55461,1,336
2021-01-09,Ghana,AFRO,0,55461,0,336
2021-01-10,Ghana,AFRO,311,55772,0,336
2021-01-11,Ghana,AFRO,0,55772,0,336
2021-01-12,Ghana,AFRO,458,56230,2,338
2021-01-13,Ghana,AFRO,191,56421,0,338
2021-01-14,Ghana,AFRO,560,56981,3,341
2021-01-15,Ghana,AFRO,0,56981,0,341
2021-01-16,Ghana,AFRO,0,56981,0,341
2021-01-17,Ghana,AFRO,0,56981,0,341
2021-01-18,Ghana,AFRO,733,57714,5,346
2021-01-19,Ghana,AFRO,351,58065,6,352
2021-01-20,Ghana,AFRO,366,58431,6,358
2021-01-21,Ghana,AFRO,391,58822,0,358
2021-01-22,Ghana,AFRO,658,59480,3,361
2021-01-23,Ghana,AFRO,0,59480,0,361
2021-01-24,Ghana,AFRO,635,60115,0,361
2021-01-25,Ghana,AFRO,679,60794,6,367
2021-01-26,Ghana,AFRO,1341,62135,5,372
2021-01-27,Ghana,AFRO,0,62135,0,372
2021-01-28,Ghana,AFRO,616,62751,5,377
2021-01-29,Ghana,AFRO,1132,63883,13,390
2021-01-30,Ghana,AFRO,0,63883,0,390
2021-01-31,Ghana,AFRO,1544,65427,15,405
2021-02-01,Ghana,AFRO,1583,67010,11,416
2021-02-02,Ghana,AFRO,0,67010,0,416
2021-02-03,Ghana,AFRO,772,67782,8,424
2021-02-04,Ghana,AFRO,0,67782,0,424
2021-02-05,Ghana,AFRO,777,68559,9,433
2021-02-06,Ghana,AFRO,1481,70040,16,449
2021-02-07,Ghana,AFRO,6,70046,0,449
2021-02-08,Ghana,AFRO,722,70768,8,457
2021-02-09,Ghana,AFRO,765,71533,7,464
2021-02-10,Ghana,AFRO,1470,73003,18,482
2021-02-11,Ghana,AFRO,0,73003,0,482
2021-02-12,Ghana,AFRO,554,73557,12,494
2021-02-13,Ghana,AFRO,790,74347,11,505
2021-02-14,Ghana,AFRO,771,75118,13,518
2021-02-15,Ghana,AFRO,718,75836,15,533
2021-02-16,Ghana,AFRO,656,76492,9,542
2021-02-17,Ghana,AFRO,1256,77748,19,561
2021-02-18,Ghana,AFRO,0,77748,0,561
2021-02-19,Ghana,AFRO,941,78689,7,568
2021-02-20,Ghana,AFRO,476,79165,0,568
2021-02-21,Ghana,AFRO,491,79656,4,572
2021-02-22,Ghana,AFRO,597,80253,5,577
2021-02-23,Ghana,AFRO,506,80759,5,582
2021-02-24,Ghana,AFRO,486,81245,2,584
2021-02-25,Ghana,AFRO,0,81245,0,584
2021-02-26,Ghana,AFRO,428,81673,4,588
2021-02-27,Ghana,AFRO,913,82586,6,594
2021-02-28,Ghana,AFRO,0,82586,0,594
2021-03-01,Ghana,AFRO,1437,84023,13,607
2021-03-02,Ghana,AFRO,0,84023,0,607
2021-03-03,Ghana,AFRO,0,84023,0,607
2021-03-04,Ghana,AFRO,326,84349,4,611
2021-03-05,Ghana,AFRO,0,84349,0,611
2021-03-06,Ghana,AFRO,890,85239,18,629
2021-03-07,Ghana,AFRO,853,86092,11,640
2021-03-08,Ghana,AFRO,373,86465,7,647
2021-03-09,Ghana,AFRO,0,86465,0,647
2021-03-10,Ghana,AFRO,0,86465,0,647
2021-03-11,Ghana,AFRO,272,86737,9,656
2021-03-12,Ghana,AFRO,0,86737,0,656
2021-03-13,Ghana,AFRO,0,86737,0,656
2021-03-14,Ghana,AFRO,1025,87762,29,685
2021-03-15,Ghana,AFRO,0,87762,0,685
2021-03-16,Ghana,AFRO,223,87985,6,691
2021-03-17,Ghana,AFRO,243,88228,7,698
2021-03-18,Ghana,AFRO,193,88421,7,705
2021-03-19,Ghana,AFRO,0,88421,0,705
2021-03-20,Ghana,AFRO,587,89008,8,713
2021-03-21,Ghana,AFRO,268,89276,3,716
2021-03-22,Ghana,AFRO,407,89683,9,725
2021-03-23,Ghana,AFRO,104,89787,6,731
2021-03-24,Ghana,AFRO,106,89893,3,734
2021-03-25,Ghana,AFRO,0,89893,0,734
2021-03-26,Ghana,AFRO,106,89999,3,737
2021-03-27,Ghana,AFRO,288,90287,3,740
2021-03-28,Ghana,AFRO,0,90287,0,740
2021-03-29,Ghana,AFRO,0,90287,0,740
2021-03-30,Ghana,AFRO,0,90287,0,740
2021-03-31,Ghana,AFRO,265,90552,2,742
2021-04-01,Ghana,AFRO,31,90583,1,743
2021-04-02,Ghana,AFRO,66,90649,1,744
2021-04-03,Ghana,AFRO,25,90674,0,744
2021-04-04,Ghana,AFRO,0,90674,0,744
2021-04-05,Ghana,AFRO,108,90782,4,748
2021-04-06,Ghana,AFRO,164,90946,4,752
2021-04-07,Ghana,AFRO,63,91009,0,752
2021-04-08,Ghana,AFRO,0,91009,0,752
2021-04-09,Ghana,AFRO,100,91109,0,752
2021-04-10,Ghana,AFRO,0,91109,0,752
2021-04-11,Ghana,AFRO,151,91260,2,754
2021-04-12,Ghana,AFRO,0,91260,0,754
2021-04-13,Ghana,AFRO,0,91260,0,754
2021-04-14,Ghana,AFRO,150,91410,7,761
2021-04-15,Ghana,AFRO,67,91477,2,763
2021-04-16,Ghana,AFRO,68,91545,3,766
2021-04-17,Ghana,AFRO,0,91545,0,766
2021-04-18,Ghana,AFRO,118,91663,5,771
2021-04-19,Ghana,AFRO,46,91709,0,771
2021-04-20,Ghana,AFRO,0,91709,0,771
2021-04-21,Ghana,AFRO,74,91783,1,772
2021-04-22,Ghana,AFRO,0,91783,0,772
2021-04-23,Ghana,AFRO,0,91783,0,772
2021-04-24,Ghana,AFRO,145,91928,5,777
2021-04-25,Ghana,AFRO,0,91928,0,777
2021-04-26,Ghana,AFRO,238,92166,0,777
2021-04-27,Ghana,AFRO,87,92253,0,777
2021-04-28,Ghana,AFRO,211,92464,2,779
2021-04-29,Ghana,AFRO,49,92513,0,779
2021-04-30,Ghana,AFRO,49,92562,0,779
2021-05-01,Ghana,AFRO,0,92562,0,779
2021-05-02,Ghana,AFRO,39,92601,0,779
2021-05-03,Ghana,AFRO,82,92683,0,779
2021-05-04,Ghana,AFRO,0,92683,0,779
2021-05-05,Ghana,AFRO,57,92740,1,780
2021-05-06,Ghana,AFRO,88,92828,3,783
2021-05-07,Ghana,AFRO,0,92828,0,783
2021-05-08,Ghana,AFRO,28,92856,0,783
2021-05-09,Ghana,AFRO,0,92856,0,783
2021-05-10,Ghana,AFRO,95,92951,0,783
2021-05-11,Ghana,AFRO,60,93011,0,783
2021-05-12,Ghana,AFRO,0,93011,0,783
2021-05-13,Ghana,AFRO,114,93125,0,783
2021-05-14,Ghana,AFRO,34,93159,0,783
2021-05-15,Ghana,AFRO,84,93243,0,783
2021-05-16,Ghana,AFRO,0,93243,0,783
2021-05-17,Ghana,AFRO,90,93333,0,783
2021-05-18,Ghana,AFRO,0,93333,0,783
2021-05-19,Ghana,AFRO,123,93456,0,783
2021-05-20,Ghana,AFRO,0,93456,0,783
2021-05-21,Ghana,AFRO,0,93456,0,783
2021-05-22,Ghana,AFRO,65,93521,0,783
2021-05-23,Ghana,AFRO,62,93583,0,783
2021-05-24,Ghana,AFRO,37,93620,0,783
2021-05-25,Ghana,AFRO,24,93644,0,783
2021-05-26,Ghana,AFRO,67,93711,0,783
2021-05-27,Ghana,AFRO,12,93723,0,783
2021-05-28,Ghana,AFRO,0,93723,0,783
2021-05-29,Ghana,AFRO,52,93775,1,784
2021-05-30,Ghana,AFRO,0,93775,0,784
2021-01-01,Gibraltar,EURO,180,1965,0,6
2021-01-02,Gibraltar,EURO,67,2032,1,7
2021-01-03,Gibraltar,EURO,172,2204,0,7
2021-01-04,Gibraltar,EURO,92,2296,0,7
2021-01-05,Gibraltar,EURO,102,2398,1,8
2021-01-06,Gibraltar,EURO,107,2505,0,8
2021-01-07,Gibraltar,EURO,113,2618,2,10
2021-01-08,Gibraltar,EURO,172,2790,1,11
2021-01-09,Gibraltar,EURO,130,2920,0,11
2021-01-10,Gibraltar,EURO,93,3013,1,12
2021-01-11,Gibraltar,EURO,88,3101,0,12
2021-01-12,Gibraltar,EURO,61,3162,4,16
2021-01-13,Gibraltar,EURO,70,3232,0,16
2021-01-14,Gibraltar,EURO,84,3316,1,17
2021-01-15,Gibraltar,EURO,107,3423,3,20
2021-01-16,Gibraltar,EURO,78,3501,5,25
2021-01-17,Gibraltar,EURO,66,3567,5,30
2021-01-18,Gibraltar,EURO,62,3629,4,34
2021-01-19,Gibraltar,EURO,33,3662,9,43
2021-01-20,Gibraltar,EURO,42,3704,2,45
2021-01-21,Gibraltar,EURO,81,3785,2,47
2021-01-22,Gibraltar,EURO,52,3837,6,53
2021-01-23,Gibraltar,EURO,36,3873,6,59
2021-01-24,Gibraltar,EURO,24,3897,0,59
2021-01-25,Gibraltar,EURO,30,3927,3,62
2021-01-26,Gibraltar,EURO,31,3958,1,63
2021-01-27,Gibraltar,EURO,26,3984,2,65
2021-01-28,Gibraltar,EURO,32,4016,4,69
2021-01-29,Gibraltar,EURO,33,4049,1,70
2021-01-30,Gibraltar,EURO,25,4074,0,70
2021-01-31,Gibraltar,EURO,14,4088,3,73
2021-02-01,Gibraltar,EURO,12,4100,2,75
2021-02-02,Gibraltar,EURO,6,4106,2,77
2021-02-03,Gibraltar,EURO,14,4120,1,78
2021-02-04,Gibraltar,EURO,15,4135,1,79
2021-02-05,Gibraltar,EURO,13,4148,0,79
2021-02-06,Gibraltar,EURO,7,4155,0,79
2021-02-07,Gibraltar,EURO,7,4162,1,80
2021-02-08,Gibraltar,EURO,7,4169,0,80
2021-02-09,Gibraltar,EURO,5,4174,3,83
2021-02-10,Gibraltar,EURO,5,4179,0,83
2021-02-11,Gibraltar,EURO,3,4182,0,83
2021-02-12,Gibraltar,EURO,7,4189,0,83
2021-02-13,Gibraltar,EURO,6,4195,0,83
2021-02-14,Gibraltar,EURO,9,4204,1,84
2021-02-15,Gibraltar,EURO,3,4207,1,85
2021-02-16,Gibraltar,EURO,4,4211,2,87
2021-02-17,Gibraltar,EURO,4,4215,0,87
2021-02-18,Gibraltar,EURO,1,4216,0,87
2021-02-19,Gibraltar,EURO,2,4218,0,87
2021-02-20,Gibraltar,EURO,1,4219,1,88
2021-02-21,Gibraltar,EURO,1,4220,0,88
2021-02-22,Gibraltar,EURO,0,4220,0,88
2021-02-23,Gibraltar,EURO,0,4220,2,90
2021-02-24,Gibraltar,EURO,4,4224,1,91
2021-02-25,Gibraltar,EURO,2,4226,0,91
2021-02-26,Gibraltar,EURO,0,4226,0,91
2021-02-27,Gibraltar,EURO,1,4227,1,92
2021-02-28,Gibraltar,EURO,1,4228,0,92
2021-03-01,Gibraltar,EURO,2,4230,1,93
2021-03-02,Gibraltar,EURO,1,4231,0,93
2021-03-03,Gibraltar,EURO,0,4231,0,93
2021-03-04,Gibraltar,EURO,4,4235,0,93
2021-03-05,Gibraltar,EURO,0,4235,0,93
2021-03-06,Gibraltar,EURO,0,4235,0,93
2021-03-07,Gibraltar,EURO,1,4236,0,93
2021-03-08,Gibraltar,EURO,3,4239,0,93
2021-03-09,Gibraltar,EURO,2,4241,0,93
2021-03-10,Gibraltar,EURO,0,4241,0,93
2021-03-11,Gibraltar,EURO,6,4247,0,93
2021-03-12,Gibraltar,EURO,1,4248,0,93
2021-03-13,Gibraltar,EURO,3,4251,0,93
2021-03-14,Gibraltar,EURO,4,4255,0,93
2021-03-15,Gibraltar,EURO,0,4255,1,94
2021-03-16,Gibraltar,EURO,0,4255,0,94
2021-03-17,Gibraltar,EURO,0,4255,0,94
2021-03-18,Gibraltar,EURO,6,4261,0,94
2021-03-19,Gibraltar,EURO,1,4262,0,94
2021-03-20,Gibraltar,EURO,0,4262,0,94
2021-03-21,Gibraltar,EURO,0,4262,0,94
2021-03-22,Gibraltar,EURO,0,4262,0,94
2021-03-23,Gibraltar,EURO,0,4262,0,94
2021-03-24,Gibraltar,EURO,0,4262,0,94
2021-03-25,Gibraltar,EURO,1,4263,0,94
2021-03-26,Gibraltar,EURO,0,4263,0,94
2021-03-27,Gibraltar,EURO,1,4264,0,94
2021-03-28,Gibraltar,EURO,1,4265,0,94
2021-03-29,Gibraltar,EURO,0,4265,0,94
2021-03-30,Gibraltar,EURO,0,4265,0,94
2021-03-31,Gibraltar,EURO,0,4265,0,94
2021-04-01,Gibraltar,EURO,1,4266,0,94
2021-04-02,Gibraltar,EURO,0,4266,0,94
2021-04-03,Gibraltar,EURO,1,4267,0,94
2021-04-04,Gibraltar,EURO,0,4267,0,94
2021-04-05,Gibraltar,EURO,0,4267,0,94
2021-04-06,Gibraltar,EURO,0,4267,0,94
2021-04-07,Gibraltar,EURO,0,4267,0,94
2021-04-08,Gibraltar,EURO,0,4267,0,94
2021-04-09,Gibraltar,EURO,0,4267,0,94
2021-04-10,Gibraltar,EURO,1,4268,0,94
2021-04-11,Gibraltar,EURO,1,4269,0,94
2021-04-12,Gibraltar,EURO,0,4269,0,94
2021-04-13,Gibraltar,EURO,0,4269,0,94
2021-04-14,Gibraltar,EURO,0,4269,0,94
2021-04-15,Gibraltar,EURO,0,4269,0,94
2021-04-16,Gibraltar,EURO,13,4282,0,94
2021-04-17,Gibraltar,EURO,0,4282,0,94
2021-04-18,Gibraltar,EURO,1,4283,0,94
2021-04-19,Gibraltar,EURO,0,4283,0,94
2021-04-20,Gibraltar,EURO,0,4283,0,94
2021-04-21,Gibraltar,EURO,0,4283,0,94
2021-04-22,Gibraltar,EURO,0,4283,0,94
2021-04-23,Gibraltar,EURO,0,4283,0,94
2021-04-24,Gibraltar,EURO,0,4283,0,94
2021-04-25,Gibraltar,EURO,0,4283,0,94
2021-04-26,Gibraltar,EURO,0,4283,0,94
2021-04-27,Gibraltar,EURO,0,4283,0,94
2021-04-28,Gibraltar,EURO,0,4283,0,94
2021-04-29,Gibraltar,EURO,0,4283,0,94
2021-04-30,Gibraltar,EURO,0,4283,0,94
2021-05-01,Gibraltar,EURO,0,4283,0,94
2021-05-02,Gibraltar,EURO,0,4283,0,94
2021-05-03,Gibraltar,EURO,0,4283,0,94
2021-05-04,Gibraltar,EURO,0,4283,0,94
2021-05-05,Gibraltar,EURO,0,4283,0,94
2021-05-06,Gibraltar,EURO,3,4286,0,94
2021-05-07,Gibraltar,EURO,0,4286,0,94
2021-05-08,Gibraltar,EURO,0,4286,0,94
2021-05-09,Gibraltar,EURO,0,4286,0,94
2021-05-10,Gibraltar,EURO,0,4286,0,94
2021-05-11,Gibraltar,EURO,0,4286,0,94
2021-05-12,Gibraltar,EURO,0,4286,0,94
2021-05-13,Gibraltar,EURO,0,4286,0,94
2021-05-14,Gibraltar,EURO,0,4286,0,94
2021-05-15,Gibraltar,EURO,0,4286,0,94
2021-05-16,Gibraltar,EURO,0,4286,0,94
2021-05-17,Gibraltar,EURO,0,4286,0,94
2021-05-18,Gibraltar,EURO,0,4286,0,94
2021-05-19,Gibraltar,EURO,0,4286,0,94
2021-05-20,Gibraltar,EURO,0,4286,0,94
2021-05-21,Gibraltar,EURO,0,4286,0,94
2021-05-22,Gibraltar,EURO,0,4286,0,94
2021-05-23,Gibraltar,EURO,0,4286,0,94
2021-05-24,Gibraltar,EURO,1,4287,0,94
2021-05-25,Gibraltar,EURO,0,4287,0,94
2021-05-26,Gibraltar,EURO,0,4287,0,94
2021-05-27,Gibraltar,EURO,3,4290,0,94
2021-05-28,Gibraltar,EURO,0,4290,0,94
2021-05-29,Gibraltar,EURO,2,4292,0,94
2021-05-30,Gibraltar,EURO,1,4293,0,94
2021-01-01,Greece,EURO,656,140011,53,4880
2021-01-02,Greece,EURO,207,140218,45,4925
2021-01-03,Greece,EURO,430,140648,36,4961
2021-01-04,Greece,EURO,316,140964,42,5003
2021-01-05,Greece,EURO,1117,142081,53,5056
2021-01-06,Greece,EURO,836,142917,46,5102
2021-01-07,Greece,EURO,266,143183,39,5141
2021-01-08,Greece,EURO,860,144043,32,5173
2021-01-09,Greece,EURO,804,144847,44,5217
2021-01-10,Greece,EURO,434,145281,35,5252
2021-01-11,Greece,EURO,286,145567,31,5283
2021-01-12,Greece,EURO,869,146436,29,5312
2021-01-13,Greece,EURO,621,147057,27,5339
2021-01-14,Greece,EURO,525,147582,27,5366
2021-01-15,Greece,EURO,567,148149,37,5403
2021-01-16,Greece,EURO,549,148698,28,5431
2021-01-17,Greece,EURO,244,148942,25,5456
2021-01-18,Greece,EURO,169,149111,26,5482
2021-01-19,Greece,EURO,536,149647,20,5502
2021-01-20,Greece,EURO,570,150217,28,5530
2021-01-21,Greece,EURO,503,150720,28,5558
2021-01-22,Greece,EURO,575,151295,26,5584
2021-01-23,Greece,EURO,628,151923,26,5610
2021-01-24,Greece,EURO,353,152276,30,5640
2021-01-25,Greece,EURO,187,152463,18,5658
2021-01-26,Greece,EURO,1088,153551,24,5682
2021-01-27,Greece,EURO,873,154424,31,5713
2021-01-28,Greece,EURO,768,155192,23,5736
2021-01-29,Greece,EURO,876,156068,24,5760
2021-01-30,Greece,EURO,909,156977,18,5778
2021-01-31,Greece,EURO,488,157465,25,5803
2021-02-01,Greece,EURO,425,157890,23,5826
2021-02-02,Greece,EURO,1415,159305,21,5847
2021-02-03,Greece,EURO,1177,160482,30,5877
2021-02-04,Greece,EURO,1042,161524,26,5903
2021-02-05,Greece,EURO,1217,162741,23,5926
2021-02-06,Greece,EURO,1348,164089,25,5951
2021-02-07,Greece,EURO,689,164778,21,5972
2021-02-08,Greece,EURO,487,165265,25,5997
2021-02-09,Greece,EURO,1715,166980,22,6019
2021-02-10,Greece,EURO,1506,168486,16,6035
2021-02-11,Greece,EURO,1358,169844,21,6056
2021-02-12,Greece,EURO,1376,171220,20,6076
2021-02-13,Greece,EURO,1374,172594,25,6101
2021-02-14,Greece,EURO,715,173309,28,6129
2021-02-15,Greece,EURO,382,173691,22,6151
2021-02-16,Greece,EURO,1402,175093,30,6181
2021-02-17,Greece,EURO,699,175792,25,6206
2021-02-18,Greece,EURO,1315,177107,24,6230
2021-02-19,Greece,EURO,1583,178690,24,6254
2021-02-20,Greece,EURO,1518,180208,26,6280
2021-02-21,Greece,EURO,874,181082,24,6304
2021-02-22,Greece,EURO,687,181769,30,6334
2021-02-23,Greece,EURO,2287,184056,23,6357
2021-02-24,Greece,EURO,1907,185963,30,6387
2021-02-25,Greece,EURO,1722,187685,33,6420
2021-02-26,Greece,EURO,1884,189569,39,6459
2021-02-27,Greece,EURO,1973,191542,36,6495
2021-02-28,Greece,EURO,1169,192711,23,6518
2021-03-01,Greece,EURO,833,193544,36,6554
2021-03-02,Greece,EURO,3013,196557,28,6582
2021-03-03,Greece,EURO,2308,198865,35,6617
2021-03-04,Greece,EURO,2240,201105,39,6656
2021-03-05,Greece,EURO,2264,203369,31,6687
2021-03-06,Greece,EURO,2413,205782,43,6730
2021-03-07,Greece,EURO,1305,207087,57,6787
2021-03-08,Greece,EURO,879,207966,38,6825
2021-03-09,Greece,EURO,3432,211398,55,6880
2021-03-10,Greece,EURO,2716,214114,41,6921
2021-03-11,Greece,EURO,2421,216535,37,6958
2021-03-12,Greece,EURO,2559,219094,62,7020
2021-03-13,Greece,EURO,2819,221913,63,7083
2021-03-14,Greece,EURO,1639,223552,47,7130
2021-03-15,Greece,EURO,1055,224607,58,7188
2021-03-16,Greece,EURO,1129,225736,57,7245
2021-03-17,Greece,EURO,4058,229794,51,7296
2021-03-18,Greece,EURO,3004,232798,47,7343
2021-03-19,Greece,EURO,2770,235568,64,7407
2021-03-20,Greece,EURO,2862,238430,64,7471
2021-03-21,Greece,EURO,1516,239946,44,7515
2021-03-22,Greece,EURO,1087,241033,65,7580
2021-03-23,Greece,EURO,4156,245189,62,7642
2021-03-24,Greece,EURO,3119,248308,58,7700
2021-03-25,Greece,EURO,2749,251057,63,7763
2021-03-26,Greece,EURO,949,252006,66,7829
2021-03-27,Greece,EURO,3813,255819,73,7902
2021-03-28,Greece,EURO,1771,257590,44,7946
2021-03-29,Greece,EURO,1119,258709,69,8015
2021-03-30,Greece,EURO,4679,263388,77,8092
2021-03-31,Greece,EURO,3762,267150,63,8155
2021-04-01,Greece,EURO,3213,270363,75,8230
2021-04-02,Greece,EURO,3432,273795,55,8285
2021-04-03,Greece,EURO,3565,277360,89,8374
2021-04-04,Greece,EURO,1982,279342,77,8451
2021-04-05,Greece,EURO,1379,280721,79,8530
2021-04-06,Greece,EURO,4915,285636,74,8604
2021-04-07,Greece,EURO,3613,289249,72,8676
2021-04-08,Greece,EURO,3218,292467,66,8742
2021-04-09,Greece,EURO,3125,295592,71,8813
2021-04-10,Greece,EURO,3120,298712,81,8894
2021-04-11,Greece,EURO,1681,300393,73,8967
2021-04-12,Greece,EURO,1107,301500,81,9048
2021-04-13,Greece,EURO,4387,305887,70,9118
2021-04-14,Greece,EURO,3188,309075,92,9210
2021-04-15,Greece,EURO,3073,312148,77,9287
2021-04-16,Greece,EURO,3216,315364,99,9386
2021-04-17,Greece,EURO,2891,318255,78,9464
2021-04-18,Greece,EURO,1539,319794,74,9538
2021-04-19,Greece,EURO,1215,321009,68,9606
2021-04-20,Greece,EURO,4253,325262,73,9679
2021-04-21,Greece,EURO,3022,328284,84,9763
2021-04-22,Greece,EURO,2807,331091,67,9830
2021-04-23,Greece,EURO,2634,333725,86,9916
2021-04-24,Greece,EURO,2749,336474,70,9986
2021-04-25,Greece,EURO,1410,337884,72,10058
2021-04-26,Greece,EURO,1023,338907,67,10125
2021-04-27,Greece,EURO,3442,342349,90,10215
2021-04-28,Greece,EURO,2621,344970,66,10281
2021-04-29,Greece,EURO,2419,347389,78,10359
2021-04-30,Greece,EURO,2359,349748,66,10425
2021-05-01,Greece,EURO,1545,351293,64,10489
2021-05-02,Greece,EURO,1337,352630,69,10558
2021-05-03,Greece,EURO,830,353460,74,10632
2021-05-04,Greece,EURO,1449,354909,93,10725
2021-05-05,Greece,EURO,1822,356731,90,10815
2021-05-06,Greece,EURO,3577,360308,65,10880
2021-05-07,Greece,EURO,2687,362995,67,10947
2021-05-08,Greece,EURO,2732,365727,79,11026
2021-05-09,Greece,EURO,1575,367302,57,11083
2021-05-10,Greece,EURO,1230,368532,59,11142
2021-05-11,Greece,EURO,3516,372048,45,11187
2021-05-12,Greece,EURO,2381,374429,50,11237
2021-05-13,Greece,EURO,2076,376505,60,11297
2021-05-14,Greece,EURO,2410,378915,50,11347
2021-05-15,Greece,EURO,2171,381086,56,11403
2021-05-16,Greece,EURO,1278,382364,48,11451
2021-05-17,Greece,EURO,1047,383411,39,11490
2021-05-18,Greece,EURO,3009,386420,56,11546
2021-05-19,Greece,EURO,2042,388462,46,11592
2021-05-20,Greece,EURO,1805,390267,61,11653
2021-05-21,Greece,EURO,1900,392167,53,11706
2021-05-22,Greece,EURO,1746,393913,43,11749
2021-05-23,Greece,EURO,1002,394915,37,11786
2021-05-24,Greece,EURO,822,395737,46,11832
2021-05-25,Greece,EURO,2603,398340,46,11878
2021-05-26,Greece,EURO,1822,400162,50,11928
2021-05-27,Greece,EURO,1704,401866,42,11970
2021-05-28,Greece,EURO,1567,403433,37,12007
2021-05-29,Greece,EURO,1549,404982,27,12034
2021-05-30,Greece,EURO,885,405867,38,12072
2021-01-01,Greenland,EURO,0,27,0,0
2021-01-02,Greenland,EURO,0,27,0,0
2021-01-03,Greenland,EURO,0,27,0,0
2021-01-04,Greenland,EURO,0,27,0,0
2021-01-05,Greenland,EURO,0,27,0,0
2021-01-06,Greenland,EURO,1,28,0,0
2021-01-07,Greenland,EURO,0,28,0,0
2021-01-08,Greenland,EURO,0,28,0,0
2021-01-09,Greenland,EURO,1,29,0,0
2021-01-10,Greenland,EURO,0,29,0,0
2021-01-11,Greenland,EURO,0,29,0,0
2021-01-12,Greenland,EURO,0,29,0,0
2021-01-13,Greenland,EURO,0,29,0,0
2021-01-14,Greenland,EURO,0,29,0,0
2021-01-15,Greenland,EURO,1,30,0,0
2021-01-16,Greenland,EURO,0,30,0,0
2021-01-17,Greenland,EURO,0,30,0,0
2021-01-18,Greenland,EURO,0,30,0,0
2021-01-19,Greenland,EURO,0,30,0,0
2021-01-20,Greenland,EURO,0,30,0,0
2021-01-21,Greenland,EURO,0,30,0,0
2021-01-22,Greenland,EURO,0,30,0,0
2021-01-23,Greenland,EURO,0,30,0,0
2021-01-24,Greenland,EURO,0,30,0,0
2021-01-25,Greenland,EURO,0,30,0,0
2021-01-26,Greenland,EURO,0,30,0,0
2021-01-27,Greenland,EURO,0,30,0,0
2021-01-28,Greenland,EURO,0,30,0,0
2021-01-29,Greenland,EURO,0,30,0,0
2021-01-30,Greenland,EURO,0,30,0,0
2021-01-31,Greenland,EURO,0,30,0,0
2021-02-01,Greenland,EURO,0,30,0,0
2021-02-02,Greenland,EURO,0,30,0,0
2021-02-03,Greenland,EURO,0,30,0,0
2021-02-04,Greenland,EURO,0,30,0,0
2021-02-05,Greenland,EURO,0,30,0,0
2021-02-06,Greenland,EURO,0,30,0,0
2021-02-07,Greenland,EURO,0,30,0,0
2021-02-08,Greenland,EURO,0,30,0,0
2021-02-09,Greenland,EURO,0,30,0,0
2021-02-10,Greenland,EURO,0,30,0,0
2021-02-11,Greenland,EURO,0,30,0,0
2021-02-12,Greenland,EURO,0,30,0,0
2021-02-13,Greenland,EURO,0,30,0,0
2021-02-14,Greenland,EURO,0,30,0,0
2021-02-15,Greenland,EURO,0,30,0,0
2021-02-16,Greenland,EURO,0,30,0,0
2021-02-17,Greenland,EURO,0,30,0,0
2021-02-18,Greenland,EURO,0,30,0,0
2021-02-19,Greenland,EURO,0,30,0,0
2021-02-20,Greenland,EURO,0,30,0,0
2021-02-21,Greenland,EURO,0,30,0,0
2021-02-22,Greenland,EURO,0,30,0,0
2021-02-23,Greenland,EURO,0,30,0,0
2021-02-24,Greenland,EURO,0,30,0,0
2021-02-25,Greenland,EURO,0,30,0,0
2021-02-26,Greenland,EURO,0,30,0,0
2021-02-27,Greenland,EURO,0,30,0,0
2021-02-28,Greenland,EURO,0,30,0,0
2021-03-01,Greenland,EURO,0,30,0,0
2021-03-02,Greenland,EURO,0,30,0,0
2021-03-03,Greenland,EURO,0,30,0,0
2021-03-04,Greenland,EURO,1,31,0,0
2021-03-05,Greenland,EURO,0,31,0,0
2021-03-06,Greenland,EURO,0,31,0,0
2021-03-07,Greenland,EURO,0,31,0,0
2021-03-08,Greenland,EURO,0,31,0,0
2021-03-09,Greenland,EURO,0,31,0,0
2021-03-10,Greenland,EURO,0,31,0,0
2021-03-11,Greenland,EURO,0,31,0,0
2021-03-12,Greenland,EURO,0,31,0,0
2021-03-13,Greenland,EURO,0,31,0,0
2021-03-14,Greenland,EURO,0,31,0,0
2021-03-15,Greenland,EURO,0,31,0,0
2021-03-16,Greenland,EURO,0,31,0,0
2021-03-17,Greenland,EURO,0,31,0,0
2021-03-18,Greenland,EURO,0,31,0,0
2021-03-19,Greenland,EURO,0,31,0,0
2021-03-20,Greenland,EURO,0,31,0,0
2021-03-21,Greenland,EURO,0,31,0,0
2021-03-22,Greenland,EURO,0,31,0,0
2021-03-23,Greenland,EURO,0,31,0,0
2021-03-24,Greenland,EURO,0,31,0,0
2021-03-25,Greenland,EURO,0,31,0,0
2021-03-26,Greenland,EURO,0,31,0,0
2021-03-27,Greenland,EURO,0,31,0,0
2021-03-28,Greenland,EURO,0,31,0,0
2021-03-29,Greenland,EURO,0,31,0,0
2021-03-30,Greenland,EURO,0,31,0,0
2021-03-31,Greenland,EURO,0,31,0,0
2021-04-01,Greenland,EURO,0,31,0,0
2021-04-02,Greenland,EURO,0,31,0,0
2021-04-03,Greenland,EURO,0,31,0,0
2021-04-04,Greenland,EURO,0,31,0,0
2021-04-05,Greenland,EURO,0,31,0,0
2021-04-06,Greenland,EURO,0,31,0,0
2021-04-07,Greenland,EURO,0,31,0,0
2021-04-08,Greenland,EURO,0,31,0,0
2021-04-09,Greenland,EURO,0,31,0,0
2021-04-10,Greenland,EURO,0,31,0,0
2021-04-11,Greenland,EURO,0,31,0,0
2021-04-12,Greenland,EURO,0,31,0,0
2021-04-13,Greenland,EURO,0,31,0,0
2021-04-14,Greenland,EURO,0,31,0,0
2021-04-15,Greenland,EURO,0,31,0,0
2021-04-16,Greenland,EURO,0,31,0,0
2021-04-17,Greenland,EURO,0,31,0,0
2021-04-18,Greenland,EURO,0,31,0,0
2021-04-19,Greenland,EURO,0,31,0,0
2021-04-20,Greenland,EURO,0,31,0,0
2021-04-21,Greenland,EURO,0,31,0,0
2021-04-22,Greenland,EURO,0,31,0,0
2021-04-23,Greenland,EURO,0,31,0,0
2021-04-24,Greenland,EURO,0,31,0,0
2021-04-25,Greenland,EURO,0,31,0,0
2021-04-26,Greenland,EURO,0,31,0,0
2021-04-27,Greenland,EURO,0,31,0,0
2021-04-28,Greenland,EURO,0,31,0,0
2021-04-29,Greenland,EURO,0,31,0,0
2021-04-30,Greenland,EURO,0,31,0,0
2021-05-01,Greenland,EURO,0,31,0,0
2021-05-02,Greenland,EURO,0,31,0,0
2021-05-03,Greenland,EURO,0,31,0,0
2021-05-04,Greenland,EURO,0,31,0,0
2021-05-05,Greenland,EURO,0,31,0,0
2021-05-06,Greenland,EURO,0,31,0,0
2021-05-07,Greenland,EURO,0,31,0,0
2021-05-08,Greenland,EURO,0,31,0,0
2021-05-09,Greenland,EURO,0,31,0,0
2021-05-10,Greenland,EURO,0,31,0,0
2021-05-11,Greenland,EURO,0,31,0,0
2021-05-12,Greenland,EURO,0,31,0,0
2021-05-13,Greenland,EURO,0,31,0,0
2021-05-14,Greenland,EURO,0,31,0,0
2021-05-15,Greenland,EURO,0,31,0,0
2021-05-16,Greenland,EURO,0,31,0,0
2021-05-17,Greenland,EURO,0,31,0,0
2021-05-18,Greenland,EURO,0,31,0,0
2021-05-19,Greenland,EURO,0,31,0,0
2021-05-20,Greenland,EURO,3,34,0,0
2021-05-21,Greenland,EURO,0,34,0,0
2021-05-22,Greenland,EURO,0,34,0,0
2021-05-23,Greenland,EURO,0,34,0,0
2021-05-24,Greenland,EURO,0,34,0,0
2021-05-25,Greenland,EURO,0,34,0,0
2021-05-26,Greenland,EURO,0,34,0,0
2021-05-27,Greenland,EURO,2,36,0,0
2021-05-28,Greenland,EURO,0,36,0,0
2021-05-29,Greenland,EURO,1,37,0,0
2021-05-30,Greenland,EURO,3,40,0,0
2021-01-01,Grenada,AMRO,0,130,0,1
2021-01-02,Grenada,AMRO,0,130,0,1
2021-01-03,Grenada,AMRO,0,130,0,1
2021-01-04,Grenada,AMRO,0,130,0,1
2021-01-05,Grenada,AMRO,0,130,0,1
2021-01-06,Grenada,AMRO,0,130,0,1
2021-01-07,Grenada,AMRO,0,130,0,1
2021-01-08,Grenada,AMRO,0,130,0,1
2021-01-09,Grenada,AMRO,1,131,0,1
2021-01-10,Grenada,AMRO,4,135,0,1
2021-01-11,Grenada,AMRO,0,135,0,1
2021-01-12,Grenada,AMRO,0,135,0,1
2021-01-13,Grenada,AMRO,4,139,0,1
2021-01-14,Grenada,AMRO,0,139,0,1
2021-01-15,Grenada,AMRO,0,139,0,1
2021-01-16,Grenada,AMRO,0,139,0,1
2021-01-17,Grenada,AMRO,0,139,0,1
2021-01-18,Grenada,AMRO,0,139,0,1
2021-01-19,Grenada,AMRO,0,139,0,1
2021-01-20,Grenada,AMRO,0,139,0,1
2021-01-21,Grenada,AMRO,0,139,0,1
2021-01-22,Grenada,AMRO,0,139,0,1
2021-01-23,Grenada,AMRO,8,147,0,1
2021-01-24,Grenada,AMRO,0,147,0,1
2021-01-25,Grenada,AMRO,1,148,0,1
2021-01-26,Grenada,AMRO,0,148,0,1
2021-01-27,Grenada,AMRO,0,148,0,1
2021-01-28,Grenada,AMRO,0,148,0,1
2021-01-29,Grenada,AMRO,0,148,0,1
2021-01-30,Grenada,AMRO,0,148,0,1
2021-01-31,Grenada,AMRO,0,148,0,1
2021-02-01,Grenada,AMRO,0,148,0,1
2021-02-02,Grenada,AMRO,0,148,0,1
2021-02-03,Grenada,AMRO,0,148,0,1
2021-02-04,Grenada,AMRO,0,148,0,1
2021-02-05,Grenada,AMRO,0,148,0,1
2021-02-06,Grenada,AMRO,0,148,0,1
2021-02-07,Grenada,AMRO,0,148,0,1
2021-02-08,Grenada,AMRO,0,148,0,1
2021-02-09,Grenada,AMRO,0,148,0,1
2021-02-10,Grenada,AMRO,0,148,0,1
2021-02-11,Grenada,AMRO,0,148,0,1
2021-02-12,Grenada,AMRO,0,148,0,1
2021-02-13,Grenada,AMRO,0,148,0,1
2021-02-14,Grenada,AMRO,0,148,0,1
2021-02-15,Grenada,AMRO,0,148,0,1
2021-02-16,Grenada,AMRO,0,148,0,1
2021-02-17,Grenada,AMRO,0,148,0,1
2021-02-18,Grenada,AMRO,0,148,0,1
2021-02-19,Grenada,AMRO,0,148,0,1
2021-02-20,Grenada,AMRO,0,148,0,1
2021-02-21,Grenada,AMRO,0,148,0,1
2021-02-22,Grenada,AMRO,0,148,0,1
2021-02-23,Grenada,AMRO,0,148,0,1
2021-02-24,Grenada,AMRO,0,148,0,1
2021-02-25,Grenada,AMRO,0,148,0,1
2021-02-26,Grenada,AMRO,0,148,0,1
2021-02-27,Grenada,AMRO,0,148,0,1
2021-02-28,Grenada,AMRO,0,148,0,1
2021-03-01,Grenada,AMRO,0,148,0,1
2021-03-02,Grenada,AMRO,0,148,0,1
2021-03-03,Grenada,AMRO,0,148,0,1
2021-03-04,Grenada,AMRO,3,151,0,1
2021-03-05,Grenada,AMRO,0,151,0,1
2021-03-06,Grenada,AMRO,0,151,0,1
2021-03-07,Grenada,AMRO,0,151,0,1
2021-03-08,Grenada,AMRO,0,151,0,1
2021-03-09,Grenada,AMRO,0,151,0,1
2021-03-10,Grenada,AMRO,0,151,0,1
2021-03-11,Grenada,AMRO,0,151,0,1
2021-03-12,Grenada,AMRO,0,151,0,1
2021-03-13,Grenada,AMRO,0,151,0,1
2021-03-14,Grenada,AMRO,0,151,0,1
2021-03-15,Grenada,AMRO,0,151,0,1
2021-03-16,Grenada,AMRO,3,154,0,1
2021-03-17,Grenada,AMRO,0,154,0,1
2021-03-18,Grenada,AMRO,0,154,0,1
2021-03-19,Grenada,AMRO,0,154,0,1
2021-03-20,Grenada,AMRO,0,154,0,1
2021-03-21,Grenada,AMRO,0,154,0,1
2021-03-22,Grenada,AMRO,0,154,0,1
2021-03-23,Grenada,AMRO,0,154,0,1
2021-03-24,Grenada,AMRO,0,154,0,1
2021-03-25,Grenada,AMRO,0,154,0,1
2021-03-26,Grenada,AMRO,1,155,0,1
2021-03-27,Grenada,AMRO,0,155,0,1
2021-03-28,Grenada,AMRO,0,155,0,1
2021-03-29,Grenada,AMRO,0,155,0,1
2021-03-30,Grenada,AMRO,0,155,0,1
2021-03-31,Grenada,AMRO,0,155,0,1
2021-04-01,Grenada,AMRO,0,155,0,1
2021-04-02,Grenada,AMRO,0,155,0,1
2021-04-03,Grenada,AMRO,0,155,0,1
2021-04-04,Grenada,AMRO,0,155,0,1
2021-04-05,Grenada,AMRO,1,156,0,1
2021-04-06,Grenada,AMRO,0,156,0,1
2021-04-07,Grenada,AMRO,0,156,0,1
2021-04-08,Grenada,AMRO,0,156,0,1
2021-04-09,Grenada,AMRO,1,157,0,1
2021-04-10,Grenada,AMRO,0,157,0,1
2021-04-11,Grenada,AMRO,0,157,0,1
2021-04-12,Grenada,AMRO,0,157,0,1
2021-04-13,Grenada,AMRO,1,158,0,1
2021-04-14,Grenada,AMRO,0,158,0,1
2021-04-15,Grenada,AMRO,0,158,0,1
2021-04-16,Grenada,AMRO,1,159,0,1
2021-04-17,Grenada,AMRO,0,159,0,1
2021-04-18,Grenada,AMRO,0,159,0,1
2021-04-19,Grenada,AMRO,0,159,0,1
2021-04-20,Grenada,AMRO,0,159,0,1
2021-04-21,Grenada,AMRO,0,159,0,1
2021-04-22,Grenada,AMRO,0,159,0,1
2021-04-23,Grenada,AMRO,0,159,0,1
2021-04-24,Grenada,AMRO,0,159,0,1
2021-04-25,Grenada,AMRO,0,159,0,1
2021-04-26,Grenada,AMRO,0,159,0,1
2021-04-27,Grenada,AMRO,1,160,0,1
2021-04-28,Grenada,AMRO,0,160,0,1
2021-04-29,Grenada,AMRO,0,160,0,1
2021-04-30,Grenada,AMRO,1,161,0,1
2021-05-01,Grenada,AMRO,0,161,0,1
2021-05-02,Grenada,AMRO,0,161,0,1
2021-05-03,Grenada,AMRO,0,161,0,1
2021-05-04,Grenada,AMRO,0,161,0,1
2021-05-05,Grenada,AMRO,0,161,0,1
2021-05-06,Grenada,AMRO,0,161,0,1
2021-05-07,Grenada,AMRO,0,161,0,1
2021-05-08,Grenada,AMRO,0,161,0,1
2021-05-09,Grenada,AMRO,0,161,0,1
2021-05-10,Grenada,AMRO,0,161,0,1
2021-05-11,Grenada,AMRO,0,161,0,1
2021-05-12,Grenada,AMRO,0,161,0,1
2021-05-13,Grenada,AMRO,0,161,0,1
2021-05-14,Grenada,AMRO,0,161,0,1
2021-05-15,Grenada,AMRO,0,161,0,1
2021-05-16,Grenada,AMRO,0,161,0,1
2021-05-17,Grenada,AMRO,0,161,0,1
2021-05-18,Grenada,AMRO,0,161,0,1
2021-05-19,Grenada,AMRO,0,161,0,1
2021-05-20,Grenada,AMRO,0,161,0,1
2021-05-21,Grenada,AMRO,0,161,0,1
2021-05-22,Grenada,AMRO,0,161,0,1
2021-05-23,Grenada,AMRO,0,161,0,1
2021-05-24,Grenada,AMRO,0,161,0,1
2021-05-25,Grenada,AMRO,0,161,0,1
2021-05-26,Grenada,AMRO,0,161,0,1
2021-05-27,Grenada,AMRO,0,161,0,1
2021-05-28,Grenada,AMRO,0,161,0,1
2021-05-29,Grenada,AMRO,0,161,0,1
2021-05-30,Grenada,AMRO,0,161,0,1
2021-01-01,Guadeloupe,AMRO,0,8620,0,155
2021-01-02,Guadeloupe,AMRO,0,8620,0,155
2021-01-03,Guadeloupe,AMRO,0,8620,0,155
2021-01-04,Guadeloupe,AMRO,0,8620,0,155
2021-01-05,Guadeloupe,AMRO,82,8702,0,155
2021-01-06,Guadeloupe,AMRO,0,8702,0,155
2021-01-07,Guadeloupe,AMRO,0,8702,0,155
2021-01-08,Guadeloupe,AMRO,0,8702,0,155
2021-01-09,Guadeloupe,AMRO,0,8702,0,155
2021-01-10,Guadeloupe,AMRO,0,8702,0,155
2021-01-11,Guadeloupe,AMRO,0,8702,0,155
2021-01-12,Guadeloupe,AMRO,132,8834,1,156
2021-01-13,Guadeloupe,AMRO,0,8834,0,156
2021-01-14,Guadeloupe,AMRO,0,8834,0,156
2021-01-15,Guadeloupe,AMRO,0,8834,0,156
2021-01-16,Guadeloupe,AMRO,0,8834,0,156
2021-01-17,Guadeloupe,AMRO,0,8834,0,156
2021-01-18,Guadeloupe,AMRO,0,8834,0,156
2021-01-19,Guadeloupe,AMRO,114,8948,0,156
2021-01-20,Guadeloupe,AMRO,0,8948,0,156
2021-01-21,Guadeloupe,AMRO,0,8948,0,156
2021-01-22,Guadeloupe,AMRO,0,8948,0,156
2021-01-23,Guadeloupe,AMRO,108,9056,1,157
2021-01-24,Guadeloupe,AMRO,0,9056,0,157
2021-01-25,Guadeloupe,AMRO,0,9056,0,157
2021-01-26,Guadeloupe,AMRO,0,9056,0,157
2021-01-27,Guadeloupe,AMRO,0,9056,0,157
2021-01-28,Guadeloupe,AMRO,0,9056,0,157
2021-01-29,Guadeloupe,AMRO,0,9056,0,157
2021-01-30,Guadeloupe,AMRO,0,9056,0,157
2021-01-31,Guadeloupe,AMRO,100,9156,0,157
2021-02-01,Guadeloupe,AMRO,0,9156,0,157
2021-02-02,Guadeloupe,AMRO,0,9156,1,158
2021-02-03,Guadeloupe,AMRO,0,9156,0,158
2021-02-04,Guadeloupe,AMRO,0,9156,0,158
2021-02-05,Guadeloupe,AMRO,0,9156,0,158
2021-02-06,Guadeloupe,AMRO,0,9156,0,158
2021-02-07,Guadeloupe,AMRO,0,9156,0,158
2021-02-08,Guadeloupe,AMRO,0,9156,0,158
2021-02-09,Guadeloupe,AMRO,146,9302,1,159
2021-02-10,Guadeloupe,AMRO,0,9302,0,159
2021-02-11,Guadeloupe,AMRO,0,9302,0,159
2021-02-12,Guadeloupe,AMRO,0,9302,0,159
2021-02-13,Guadeloupe,AMRO,0,9302,0,159
2021-02-14,Guadeloupe,AMRO,153,9455,1,160
2021-02-15,Guadeloupe,AMRO,0,9455,0,160
2021-02-16,Guadeloupe,AMRO,0,9455,0,160
2021-02-17,Guadeloupe,AMRO,0,9455,0,160
2021-02-18,Guadeloupe,AMRO,0,9455,0,160
2021-02-19,Guadeloupe,AMRO,0,9455,0,160
2021-02-20,Guadeloupe,AMRO,0,9455,0,160
2021-02-21,Guadeloupe,AMRO,0,9455,0,160
2021-02-22,Guadeloupe,AMRO,0,9455,0,160
2021-02-23,Guadeloupe,AMRO,155,9610,3,163
2021-02-24,Guadeloupe,AMRO,0,9610,0,163
2021-02-25,Guadeloupe,AMRO,0,9610,0,163
2021-02-26,Guadeloupe,AMRO,0,9610,0,163
2021-02-27,Guadeloupe,AMRO,358,9968,1,164
2021-02-28,Guadeloupe,AMRO,0,9968,0,164
2021-03-01,Guadeloupe,AMRO,0,9968,0,164
2021-03-02,Guadeloupe,AMRO,0,9968,0,164
2021-03-03,Guadeloupe,AMRO,0,9968,0,164
2021-03-04,Guadeloupe,AMRO,0,9968,0,164
2021-03-05,Guadeloupe,AMRO,0,9968,0,164
2021-03-06,Guadeloupe,AMRO,490,10458,4,168
2021-03-07,Guadeloupe,AMRO,0,10458,0,168
2021-03-08,Guadeloupe,AMRO,0,10458,0,168
2021-03-09,Guadeloupe,AMRO,0,10458,0,168
2021-03-10,Guadeloupe,AMRO,0,10458,0,168
2021-03-11,Guadeloupe,AMRO,0,10458,0,168
2021-03-12,Guadeloupe,AMRO,0,10458,0,168
2021-03-13,Guadeloupe,AMRO,0,10458,0,168
2021-03-14,Guadeloupe,AMRO,267,10725,0,168
2021-03-15,Guadeloupe,AMRO,0,10725,0,168
2021-03-16,Guadeloupe,AMRO,0,10725,0,168
2021-03-17,Guadeloupe,AMRO,0,10725,0,168
2021-03-18,Guadeloupe,AMRO,0,10725,0,168
2021-03-19,Guadeloupe,AMRO,0,10725,0,168
2021-03-20,Guadeloupe,AMRO,0,10725,0,168
2021-03-21,Guadeloupe,AMRO,370,11095,1,169
2021-03-22,Guadeloupe,AMRO,0,11095,0,169
2021-03-23,Guadeloupe,AMRO,0,11095,0,169
2021-03-24,Guadeloupe,AMRO,0,11095,0,169
2021-03-25,Guadeloupe,AMRO,0,11095,0,169
2021-03-26,Guadeloupe,AMRO,0,11095,0,169
2021-03-27,Guadeloupe,AMRO,0,11095,0,169
2021-03-28,Guadeloupe,AMRO,417,11512,4,173
2021-03-29,Guadeloupe,AMRO,0,11512,0,173
2021-03-30,Guadeloupe,AMRO,0,11512,0,173
2021-03-31,Guadeloupe,AMRO,0,11512,0,173
2021-04-01,Guadeloupe,AMRO,0,11512,0,173
2021-04-02,Guadeloupe,AMRO,0,11512,5,178
2021-04-03,Guadeloupe,AMRO,378,11890,5,183
2021-04-04,Guadeloupe,AMRO,0,11890,0,183
2021-04-05,Guadeloupe,AMRO,0,11890,0,183
2021-04-06,Guadeloupe,AMRO,0,11890,0,183
2021-04-07,Guadeloupe,AMRO,0,11890,0,183
2021-04-08,Guadeloupe,AMRO,0,11890,0,183
2021-04-09,Guadeloupe,AMRO,0,11890,0,183
2021-04-10,Guadeloupe,AMRO,414,12304,6,189
2021-04-11,Guadeloupe,AMRO,0,12304,0,189
2021-04-12,Guadeloupe,AMRO,0,12304,0,189
2021-04-13,Guadeloupe,AMRO,0,12304,0,189
2021-04-14,Guadeloupe,AMRO,0,12304,0,189
2021-04-15,Guadeloupe,AMRO,0,12304,0,189
2021-04-16,Guadeloupe,AMRO,0,12304,0,189
2021-04-17,Guadeloupe,AMRO,0,12304,0,189
2021-04-18,Guadeloupe,AMRO,623,12927,5,194
2021-04-19,Guadeloupe,AMRO,0,12927,0,194
2021-04-20,Guadeloupe,AMRO,0,12927,0,194
2021-04-21,Guadeloupe,AMRO,0,12927,0,194
2021-04-22,Guadeloupe,AMRO,0,12927,0,194
2021-04-23,Guadeloupe,AMRO,0,12927,0,194
2021-04-24,Guadeloupe,AMRO,0,12927,0,194
2021-04-25,Guadeloupe,AMRO,843,13770,17,211
2021-04-26,Guadeloupe,AMRO,0,13770,0,211
2021-04-27,Guadeloupe,AMRO,0,13770,0,211
2021-04-28,Guadeloupe,AMRO,0,13770,0,211
2021-04-29,Guadeloupe,AMRO,0,13770,0,211
2021-04-30,Guadeloupe,AMRO,0,13770,0,211
2021-05-01,Guadeloupe,AMRO,0,13770,0,211
2021-05-02,Guadeloupe,AMRO,864,14634,17,228
2021-05-03,Guadeloupe,AMRO,0,14634,0,228
2021-05-04,Guadeloupe,AMRO,0,14634,0,228
2021-05-05,Guadeloupe,AMRO,0,14634,0,228
2021-05-06,Guadeloupe,AMRO,0,14634,0,228
2021-05-07,Guadeloupe,AMRO,0,14634,0,228
2021-05-08,Guadeloupe,AMRO,795,15429,8,236
2021-05-09,Guadeloupe,AMRO,0,15429,0,236
2021-05-10,Guadeloupe,AMRO,0,15429,0,236
2021-05-11,Guadeloupe,AMRO,0,15429,0,236
2021-05-12,Guadeloupe,AMRO,0,15429,0,236
2021-05-13,Guadeloupe,AMRO,0,15429,0,236
2021-05-14,Guadeloupe,AMRO,0,15429,0,236
2021-05-15,Guadeloupe,AMRO,0,15429,0,236
2021-05-16,Guadeloupe,AMRO,650,16079,9,245
2021-05-17,Guadeloupe,AMRO,0,16079,0,245
2021-05-18,Guadeloupe,AMRO,0,16079,0,245
2021-05-19,Guadeloupe,AMRO,0,16079,0,245
2021-05-20,Guadeloupe,AMRO,0,16079,0,245
2021-05-21,Guadeloupe,AMRO,0,16079,0,245
2021-05-22,Guadeloupe,AMRO,0,16079,0,245
2021-05-23,Guadeloupe,AMRO,438,16517,10,255
2021-05-24,Guadeloupe,AMRO,0,16517,0,255
2021-05-25,Guadeloupe,AMRO,0,16517,0,255
2021-05-26,Guadeloupe,AMRO,0,16517,0,255
2021-05-27,Guadeloupe,AMRO,0,16517,0,255
2021-05-28,Guadeloupe,AMRO,0,16517,0,255
2021-05-29,Guadeloupe,AMRO,0,16517,0,255
2021-05-30,Guadeloupe,AMRO,357,16874,0,255
2021-01-01,Guam,WPRO,10,7139,1,122
2021-01-02,Guam,WPRO,9,7148,0,122
2021-01-03,Guam,WPRO,0,7148,1,123
2021-01-04,Guam,WPRO,1,7149,0,123
2021-01-05,Guam,WPRO,14,7163,0,123
2021-01-06,Guam,WPRO,10,7173,0,123
2021-01-07,Guam,WPRO,19,7192,0,123
2021-01-08,Guam,WPRO,8,7200,1,124
2021-01-09,Guam,WPRO,13,7213,0,124
2021-01-10,Guam,WPRO,5,7218,0,124
2021-01-11,Guam,WPRO,8,7226,0,124
2021-01-12,Guam,WPRO,8,7234,0,124
2021-01-13,Guam,WPRO,5,7239,0,124
2021-01-14,Guam,WPRO,11,7250,0,124
2021-01-15,Guam,WPRO,13,7263,0,124
2021-01-16,Guam,WPRO,13,7276,1,125
2021-01-17,Guam,WPRO,7,7283,1,126
2021-01-18,Guam,WPRO,3,7286,1,127
2021-01-19,Guam,WPRO,1,7287,1,128
2021-01-20,Guam,WPRO,22,7309,0,128
2021-01-21,Guam,WPRO,5,7314,0,128
2021-01-22,Guam,WPRO,7,7321,0,128
2021-01-23,Guam,WPRO,19,7340,0,128
2021-01-24,Guam,WPRO,0,7340,0,128
2021-01-25,Guam,WPRO,0,7340,0,128
2021-01-26,Guam,WPRO,7,7347,1,129
2021-01-27,Guam,WPRO,12,7359,0,129
2021-01-28,Guam,WPRO,2,7361,0,129
2021-01-29,Guam,WPRO,4,7365,0,129
2021-01-30,Guam,WPRO,7,7372,0,129
2021-01-31,Guam,WPRO,7,7379,0,129
2021-02-01,Guam,WPRO,1,7380,0,129
2021-02-02,Guam,WPRO,21,7401,0,129
2021-02-03,Guam,WPRO,2,7403,0,129
2021-02-04,Guam,WPRO,8,7411,0,129
2021-02-05,Guam,WPRO,4,7415,0,129
2021-02-06,Guam,WPRO,14,7429,0,129
2021-02-07,Guam,WPRO,7,7436,0,129
2021-02-08,Guam,WPRO,6,7442,1,130
2021-02-09,Guam,WPRO,15,7457,0,130
2021-02-10,Guam,WPRO,9,7466,0,130
2021-02-11,Guam,WPRO,10,7476,0,130
2021-02-12,Guam,WPRO,2,7478,0,130
2021-02-13,Guam,WPRO,3,7481,0,130
2021-02-14,Guam,WPRO,3,7484,0,130
2021-02-15,Guam,WPRO,3,7487,0,130
2021-02-16,Guam,WPRO,4,7491,0,130
2021-02-17,Guam,WPRO,2,7493,0,130
2021-02-18,Guam,WPRO,2,7495,0,130
2021-02-19,Guam,WPRO,2,7497,0,130
2021-02-20,Guam,WPRO,9,7506,0,130
2021-02-21,Guam,WPRO,1,7507,0,130
2021-02-22,Guam,WPRO,4,7511,0,130
2021-02-23,Guam,WPRO,7,7518,0,130
2021-02-24,Guam,WPRO,0,7518,0,130
2021-02-25,Guam,WPRO,2,7520,0,130
2021-02-26,Guam,WPRO,1,7521,0,130
2021-02-27,Guam,WPRO,4,7525,0,130
2021-02-28,Guam,WPRO,1,7526,1,131
2021-03-01,Guam,WPRO,1,7527,0,131
2021-03-02,Guam,WPRO,1,7528,0,131
2021-03-03,Guam,WPRO,5,7533,0,131
2021-03-04,Guam,WPRO,3,7536,0,131
2021-03-05,Guam,WPRO,2,7538,0,131
2021-03-06,Guam,WPRO,1,7539,2,133
2021-03-07,Guam,WPRO,1,7540,0,133
2021-03-08,Guam,WPRO,0,7540,0,133
2021-03-09,Guam,WPRO,2,7542,0,133
2021-03-10,Guam,WPRO,1,7543,0,133
2021-03-11,Guam,WPRO,3,7546,0,133
2021-03-12,Guam,WPRO,2,7548,0,133
2021-03-13,Guam,WPRO,9,7557,0,133
2021-03-14,Guam,WPRO,1,7558,0,133
2021-03-15,Guam,WPRO,0,7558,0,133
2021-03-16,Guam,WPRO,5,7563,1,134
2021-03-17,Guam,WPRO,0,7563,0,134
2021-03-18,Guam,WPRO,3,7566,0,134
2021-03-19,Guam,WPRO,4,7570,0,134
2021-03-20,Guam,WPRO,0,7570,0,134
2021-03-21,Guam,WPRO,0,7570,0,134
2021-03-22,Guam,WPRO,0,7570,0,134
2021-03-23,Guam,WPRO,4,7574,0,134
2021-03-24,Guam,WPRO,2,7576,0,134
2021-03-25,Guam,WPRO,3,7579,0,134
2021-03-26,Guam,WPRO,5,7584,0,134
2021-03-27,Guam,WPRO,2,7586,0,134
2021-03-28,Guam,WPRO,1,7587,0,134
2021-03-29,Guam,WPRO,3,7590,0,134
2021-03-30,Guam,WPRO,4,7594,0,134
2021-03-31,Guam,WPRO,1,7595,0,134
2021-04-01,Guam,WPRO,2,7597,0,134
2021-04-02,Guam,WPRO,3,7600,0,134
2021-04-03,Guam,WPRO,2,7602,2,136
2021-04-04,Guam,WPRO,4,7606,0,136
2021-04-05,Guam,WPRO,0,7606,0,136
2021-04-06,Guam,WPRO,7,7613,0,136
2021-04-07,Guam,WPRO,2,7615,0,136
2021-04-08,Guam,WPRO,3,7618,0,136
2021-04-09,Guam,WPRO,2,7620,0,136
2021-04-10,Guam,WPRO,3,7623,0,136
2021-04-11,Guam,WPRO,2,7625,0,136
2021-04-12,Guam,WPRO,2,7627,0,136
2021-04-13,Guam,WPRO,4,7631,0,136
2021-04-14,Guam,WPRO,5,7636,0,136
2021-04-15,Guam,WPRO,4,7640,0,136
2021-04-16,Guam,WPRO,5,7645,0,136
2021-04-17,Guam,WPRO,3,7648,0,136
2021-04-18,Guam,WPRO,6,7654,0,136
2021-04-19,Guam,WPRO,4,7658,0,136
2021-04-20,Guam,WPRO,10,7668,0,136
2021-04-21,Guam,WPRO,5,7673,0,136
2021-04-22,Guam,WPRO,6,7679,0,136
2021-04-23,Guam,WPRO,12,7691,0,136
2021-04-24,Guam,WPRO,2,7693,0,136
2021-04-25,Guam,WPRO,4,7697,0,136
2021-04-26,Guam,WPRO,0,7697,0,136
2021-04-27,Guam,WPRO,8,7705,0,136
2021-04-28,Guam,WPRO,16,7721,0,136
2021-04-29,Guam,WPRO,12,7733,0,136
2021-04-30,Guam,WPRO,8,7741,0,136
2021-05-01,Guam,WPRO,5,7746,0,136
2021-05-02,Guam,WPRO,11,7757,0,136
2021-05-03,Guam,WPRO,6,7763,0,136
2021-05-04,Guam,WPRO,7,7770,0,136
2021-05-05,Guam,WPRO,14,7784,1,137
2021-05-06,Guam,WPRO,11,7795,1,138
2021-05-07,Guam,WPRO,4,7799,1,139
2021-05-08,Guam,WPRO,3,7802,0,139
2021-05-09,Guam,WPRO,11,7813,0,139
2021-05-10,Guam,WPRO,2,7815,0,139
2021-05-11,Guam,WPRO,3,7818,0,139
2021-05-12,Guam,WPRO,1,7819,0,139
2021-05-13,Guam,WPRO,15,7834,0,139
2021-05-14,Guam,WPRO,1,7835,0,139
2021-05-15,Guam,WPRO,9,7844,0,139
2021-05-16,Guam,WPRO,11,7855,0,139
2021-05-17,Guam,WPRO,1,7856,0,139
2021-05-18,Guam,WPRO,12,7868,0,139
2021-05-19,Guam,WPRO,5,7873,0,139
2021-05-20,Guam,WPRO,9,7882,0,139
2021-05-21,Guam,WPRO,6,7888,0,139
2021-05-22,Guam,WPRO,7,7895,0,139
2021-05-23,Guam,WPRO,1,7896,0,139
2021-05-24,Guam,WPRO,2,7898,0,139
2021-05-25,Guam,WPRO,1,7899,0,139
2021-05-26,Guam,WPRO,5,7904,0,139
2021-05-27,Guam,WPRO,2,7906,0,139
2021-05-28,Guam,WPRO,10,7916,0,139
2021-05-29,Guam,WPRO,2,7918,0,139
2021-05-30,Guam,WPRO,0,7918,0,139
2021-01-01,Guatemala,AMRO,846,138012,10,4813
2021-01-02,Guatemala,AMRO,224,138236,7,4820
2021-01-03,Guatemala,AMRO,80,138316,7,4827
2021-01-04,Guatemala,AMRO,159,138475,6,4833
2021-01-05,Guatemala,AMRO,181,138656,2,4835
2021-01-06,Guatemala,AMRO,763,139419,24,4859
2021-01-07,Guatemala,AMRO,783,140202,40,4899
2021-01-08,Guatemala,AMRO,872,141074,29,4928
2021-01-09,Guatemala,AMRO,990,142064,44,4972
2021-01-10,Guatemala,AMRO,1063,143127,27,4999
2021-01-11,Guatemala,AMRO,116,143243,26,5025
2021-01-12,Guatemala,AMRO,717,143960,0,5025
2021-01-13,Guatemala,AMRO,1044,145004,92,5117
2021-01-14,Guatemala,AMRO,982,145986,0,5117
2021-01-15,Guatemala,AMRO,951,146937,34,5151
2021-01-16,Guatemala,AMRO,623,147560,26,5177
2021-01-17,Guatemala,AMRO,1038,148598,43,5220
2021-01-18,Guatemala,AMRO,290,148888,34,5254
2021-01-19,Guatemala,AMRO,258,149146,24,5278
2021-01-20,Guatemala,AMRO,1131,150277,35,5313
2021-01-21,Guatemala,AMRO,1047,151324,30,5343
2021-01-22,Guatemala,AMRO,1071,152395,46,5389
2021-01-23,Guatemala,AMRO,561,152956,31,5420
2021-01-24,Guatemala,AMRO,934,153890,36,5456
2021-01-25,Guatemala,AMRO,322,154212,9,5465
2021-01-26,Guatemala,AMRO,218,154430,4,5469
2021-01-27,Guatemala,AMRO,1029,155459,17,5486
2021-01-28,Guatemala,AMRO,1038,156497,27,5513
2021-01-29,Guatemala,AMRO,1098,157595,30,5543
2021-01-30,Guatemala,AMRO,741,158336,39,5582
2021-01-31,Guatemala,AMRO,782,159118,36,5618
2021-02-01,Guatemala,AMRO,386,159504,25,5643
2021-02-02,Guatemala,AMRO,128,159632,30,5673
2021-02-03,Guatemala,AMRO,667,160299,36,5709
2021-02-04,Guatemala,AMRO,667,160966,27,5736
2021-02-05,Guatemala,AMRO,699,161665,49,5785
2021-02-06,Guatemala,AMRO,630,162295,31,5816
2021-02-07,Guatemala,AMRO,642,162937,38,5854
2021-02-08,Guatemala,AMRO,200,163137,30,5884
2021-02-09,Guatemala,AMRO,110,163247,38,5922
2021-02-10,Guatemala,AMRO,746,163993,33,5955
2021-02-11,Guatemala,AMRO,753,164746,34,5989
2021-02-12,Guatemala,AMRO,786,165532,34,6023
2021-02-13,Guatemala,AMRO,751,166283,34,6057
2021-02-14,Guatemala,AMRO,788,167071,37,6094
2021-02-15,Guatemala,AMRO,208,167279,30,6124
2021-02-16,Guatemala,AMRO,104,167383,26,6150
2021-02-17,Guatemala,AMRO,720,168103,8,6158
2021-02-18,Guatemala,AMRO,777,168880,6,6164
2021-02-19,Guatemala,AMRO,730,169610,22,6186
2021-02-20,Guatemala,AMRO,665,170275,34,6220
2021-02-21,Guatemala,AMRO,656,170931,29,6249
2021-02-22,Guatemala,AMRO,239,171170,33,6282
2021-02-23,Guatemala,AMRO,119,171289,24,6306
2021-02-24,Guatemala,AMRO,783,172072,9,6315
2021-02-25,Guatemala,AMRO,692,172764,12,6327
2021-02-26,Guatemala,AMRO,378,173142,7,6334
2021-02-27,Guatemala,AMRO,672,173814,14,6348
2021-02-28,Guatemala,AMRO,521,174335,26,6374
2021-03-01,Guatemala,AMRO,207,174542,19,6393
2021-03-02,Guatemala,AMRO,111,174653,9,6402
2021-03-03,Guatemala,AMRO,0,174653,0,6402
2021-03-04,Guatemala,AMRO,758,175411,10,6412
2021-03-05,Guatemala,AMRO,839,176250,15,6427
2021-03-06,Guatemala,AMRO,626,176876,8,6435
2021-03-07,Guatemala,AMRO,1461,178337,32,6467
2021-03-08,Guatemala,AMRO,223,178560,6,6473
2021-03-09,Guatemala,AMRO,210,178770,6,6479
2021-03-10,Guatemala,AMRO,793,179563,14,6493
2021-03-11,Guatemala,AMRO,830,180393,29,6522
2021-03-12,Guatemala,AMRO,750,181143,9,6531
2021-03-13,Guatemala,AMRO,831,181974,15,6546
2021-03-14,Guatemala,AMRO,705,182679,17,6563
2021-03-15,Guatemala,AMRO,202,182881,5,6568
2021-03-16,Guatemala,AMRO,133,183014,7,6575
2021-03-17,Guatemala,AMRO,971,183985,24,6599
2021-03-18,Guatemala,AMRO,6,183991,20,6619
2021-03-19,Guatemala,AMRO,943,184934,0,6619
2021-03-20,Guatemala,AMRO,1806,186740,44,6663
2021-03-21,Guatemala,AMRO,919,187659,22,6685
2021-03-22,Guatemala,AMRO,252,187911,15,6700
2021-03-23,Guatemala,AMRO,208,188119,10,6710
2021-03-24,Guatemala,AMRO,948,189067,20,6730
2021-03-25,Guatemala,AMRO,0,189067,0,6730
2021-03-26,Guatemala,AMRO,2140,191207,35,6765
2021-03-27,Guatemala,AMRO,926,192133,10,6775
2021-03-28,Guatemala,AMRO,917,193050,19,6794
2021-03-29,Guatemala,AMRO,327,193377,8,6802
2021-03-30,Guatemala,AMRO,179,193556,7,6809
2021-03-31,Guatemala,AMRO,278,193834,14,6823
2021-04-01,Guatemala,AMRO,564,194398,17,6840
2021-04-02,Guatemala,AMRO,0,194398,0,6840
2021-04-03,Guatemala,AMRO,358,194756,20,6860
2021-04-04,Guatemala,AMRO,280,195036,15,6875
2021-04-05,Guatemala,AMRO,435,195471,16,6891
2021-04-06,Guatemala,AMRO,209,195680,3,6894
2021-04-07,Guatemala,AMRO,1340,197020,9,6903
2021-04-08,Guatemala,AMRO,1354,198374,25,6928
2021-04-09,Guatemala,AMRO,1590,199964,27,6955
2021-04-10,Guatemala,AMRO,1331,201295,22,6977
2021-04-11,Guatemala,AMRO,1345,202640,24,7001
2021-04-12,Guatemala,AMRO,431,203071,15,7016
2021-04-13,Guatemala,AMRO,238,203309,4,7020
2021-04-14,Guatemala,AMRO,2013,205322,37,7057
2021-04-15,Guatemala,AMRO,3372,208694,63,7120
2021-04-16,Guatemala,AMRO,0,208694,0,7120
2021-04-17,Guatemala,AMRO,1973,210667,40,7160
2021-04-18,Guatemala,AMRO,1640,212307,30,7190
2021-04-19,Guatemala,AMRO,427,212734,31,7221
2021-04-20,Guatemala,AMRO,315,213049,20,7241
2021-04-21,Guatemala,AMRO,1651,214700,38,7279
2021-04-22,Guatemala,AMRO,1629,216329,30,7309
2021-04-23,Guatemala,AMRO,1816,218145,36,7345
2021-04-24,Guatemala,AMRO,1644,219789,29,7374
2021-04-25,Guatemala,AMRO,1518,221307,21,7395
2021-04-26,Guatemala,AMRO,391,221698,15,7410
2021-04-27,Guatemala,AMRO,241,221939,18,7428
2021-04-28,Guatemala,AMRO,1086,223025,25,7453
2021-04-29,Guatemala,AMRO,1596,224621,25,7478
2021-04-30,Guatemala,AMRO,1626,226247,22,7500
2021-05-01,Guatemala,AMRO,1424,227671,24,7524
2021-05-02,Guatemala,AMRO,806,228477,19,7543
2021-05-03,Guatemala,AMRO,207,228684,15,7558
2021-05-04,Guatemala,AMRO,187,228871,20,7578
2021-05-05,Guatemala,AMRO,1224,230095,28,7606
2021-05-06,Guatemala,AMRO,1194,231289,36,7642
2021-05-07,Guatemala,AMRO,1150,232439,35,7677
2021-05-08,Guatemala,AMRO,1257,233696,18,7695
2021-05-09,Guatemala,AMRO,1187,234883,22,7717
2021-05-10,Guatemala,AMRO,206,235089,16,7733
2021-05-11,Guatemala,AMRO,215,235304,3,7736
2021-05-12,Guatemala,AMRO,962,236266,40,7776
2021-05-13,Guatemala,AMRO,1416,237682,39,7815
2021-05-14,Guatemala,AMRO,1105,238787,17,7832
2021-05-15,Guatemala,AMRO,1383,240170,13,7845
2021-05-16,Guatemala,AMRO,0,240170,0,7845
2021-05-17,Guatemala,AMRO,1299,241469,42,7887
2021-05-18,Guatemala,AMRO,59,241528,6,7893
2021-05-19,Guatemala,AMRO,1256,242784,20,7913
2021-05-20,Guatemala,AMRO,1049,243833,15,7928
2021-05-21,Guatemala,AMRO,1414,245247,24,7952
2021-05-22,Guatemala,AMRO,909,246156,25,7977
2021-05-23,Guatemala,AMRO,950,247106,19,7996
2021-05-24,Guatemala,AMRO,348,247454,4,8000
2021-05-25,Guatemala,AMRO,190,247644,9,8009
2021-05-26,Guatemala,AMRO,1180,248824,13,8022
2021-05-27,Guatemala,AMRO,1472,250296,36,8058
2021-05-28,Guatemala,AMRO,1040,251336,12,8070
2021-05-29,Guatemala,AMRO,1593,252929,24,8094
2021-05-30,Guatemala,AMRO,908,253837,27,8121
2021-01-01,Guernsey,EURO,1,298,0,16
2021-01-02,Guernsey,EURO,0,298,0,16
2021-01-03,Guernsey,EURO,1,299,0,16
2021-01-04,Guernsey,EURO,0,299,0,16
2021-01-05,Guernsey,EURO,1,300,0,16
2021-01-06,Guernsey,EURO,0,300,0,16
2021-01-07,Guernsey,EURO,1,301,0,16
2021-01-08,Guernsey,EURO,1,302,0,16
2021-01-09,Guernsey,EURO,0,302,0,16
2021-01-10,Guernsey,EURO,0,302,0,16
2021-01-11,Guernsey,EURO,2,304,0,16
2021-01-12,Guernsey,EURO,1,305,0,16
2021-01-13,Guernsey,EURO,1,306,0,16
2021-01-14,Guernsey,EURO,1,307,0,16
2021-01-15,Guernsey,EURO,1,308,0,16
2021-01-16,Guernsey,EURO,0,308,0,16
2021-01-17,Guernsey,EURO,1,309,0,16
2021-01-18,Guernsey,EURO,0,309,0,16
2021-01-19,Guernsey,EURO,0,309,0,16
2021-01-20,Guernsey,EURO,0,309,0,16
2021-01-21,Guernsey,EURO,0,309,0,16
2021-01-22,Guernsey,EURO,1,310,0,16
2021-01-23,Guernsey,EURO,0,310,0,16
2021-01-24,Guernsey,EURO,0,310,0,16
2021-01-25,Guernsey,EURO,4,314,0,16
2021-01-26,Guernsey,EURO,7,321,0,16
2021-01-27,Guernsey,EURO,38,359,0,16
2021-01-28,Guernsey,EURO,10,369,0,16
2021-01-29,Guernsey,EURO,22,391,0,16
2021-01-30,Guernsey,EURO,23,414,0,16
2021-01-31,Guernsey,EURO,35,449,0,16
2021-02-01,Guernsey,EURO,44,493,0,16
2021-02-02,Guernsey,EURO,46,539,0,16
2021-02-03,Guernsey,EURO,46,585,0,16
2021-02-04,Guernsey,EURO,30,615,0,16
2021-02-05,Guernsey,EURO,36,651,0,16
2021-02-06,Guernsey,EURO,21,672,0,16
2021-02-07,Guernsey,EURO,17,689,0,16
2021-02-08,Guernsey,EURO,22,711,0,16
2021-02-09,Guernsey,EURO,9,720,0,16
2021-02-10,Guernsey,EURO,21,741,0,16
2021-02-11,Guernsey,EURO,11,752,0,16
2021-02-12,Guernsey,EURO,8,760,0,16
2021-02-13,Guernsey,EURO,10,770,0,16
2021-02-14,Guernsey,EURO,12,782,1,17
2021-02-15,Guernsey,EURO,7,789,0,17
2021-02-16,Guernsey,EURO,8,797,0,17
2021-02-17,Guernsey,EURO,7,804,0,17
2021-02-18,Guernsey,EURO,0,804,0,17
2021-02-19,Guernsey,EURO,2,806,0,17
2021-02-20,Guernsey,EURO,2,808,0,17
2021-02-21,Guernsey,EURO,2,810,0,17
2021-02-22,Guernsey,EURO,2,812,0,17
2021-02-23,Guernsey,EURO,1,813,0,17
2021-02-24,Guernsey,EURO,4,817,0,17
2021-02-25,Guernsey,EURO,0,817,0,17
2021-02-26,Guernsey,EURO,1,818,0,17
2021-02-27,Guernsey,EURO,0,818,0,17
2021-02-28,Guernsey,EURO,1,819,0,17
2021-03-01,Guernsey,EURO,2,821,0,17
2021-03-02,Guernsey,EURO,0,821,0,17
2021-03-03,Guernsey,EURO,0,821,0,17
2021-03-04,Guernsey,EURO,0,821,0,17
2021-03-05,Guernsey,EURO,0,821,0,17
2021-03-06,Guernsey,EURO,0,821,0,17
2021-03-07,Guernsey,EURO,0,821,0,17
2021-03-08,Guernsey,EURO,0,821,0,17
2021-03-09,Guernsey,EURO,0,821,0,17
2021-03-10,Guernsey,EURO,0,821,0,17
2021-03-11,Guernsey,EURO,0,821,0,17
2021-03-12,Guernsey,EURO,0,821,0,17
2021-03-13,Guernsey,EURO,0,821,0,17
2021-03-14,Guernsey,EURO,0,821,0,17
2021-03-15,Guernsey,EURO,0,821,0,17
2021-03-16,Guernsey,EURO,0,821,0,17
2021-03-17,Guernsey,EURO,0,821,0,17
2021-03-18,Guernsey,EURO,0,821,0,17
2021-03-19,Guernsey,EURO,0,821,0,17
2021-03-20,Guernsey,EURO,0,821,0,17
2021-03-21,Guernsey,EURO,0,821,0,17
2021-03-22,Guernsey,EURO,0,821,0,17
2021-03-23,Guernsey,EURO,0,821,0,17
2021-03-24,Guernsey,EURO,0,821,0,17
2021-03-25,Guernsey,EURO,0,821,0,17
2021-03-26,Guernsey,EURO,0,821,0,17
2021-03-27,Guernsey,EURO,0,821,0,17
2021-03-28,Guernsey,EURO,0,821,0,17
2021-03-29,Guernsey,EURO,0,821,0,17
2021-03-30,Guernsey,EURO,0,821,0,17
2021-03-31,Guernsey,EURO,0,821,0,17
2021-04-01,Guernsey,EURO,0,821,0,17
2021-04-02,Guernsey,EURO,0,821,0,17
2021-04-03,Guernsey,EURO,0,821,0,17
2021-04-04,Guernsey,EURO,0,821,0,17
2021-04-05,Guernsey,EURO,0,821,0,17
2021-04-06,Guernsey,EURO,0,821,0,17
2021-04-07,Guernsey,EURO,0,821,0,17
2021-04-08,Guernsey,EURO,0,821,0,17
2021-04-09,Guernsey,EURO,0,821,0,17
2021-04-10,Guernsey,EURO,0,821,0,17
2021-04-11,Guernsey,EURO,0,821,0,17
2021-04-12,Guernsey,EURO,0,821,0,17
2021-04-13,Guernsey,EURO,0,821,0,17
2021-04-14,Guernsey,EURO,0,821,0,17
2021-04-15,Guernsey,EURO,0,821,0,17
2021-04-16,Guernsey,EURO,1,822,0,17
2021-04-17,Guernsey,EURO,0,822,0,17
2021-04-18,Guernsey,EURO,0,822,0,17
2021-04-19,Guernsey,EURO,0,822,0,17
2021-04-20,Guernsey,EURO,0,822,0,17
2021-04-21,Guernsey,EURO,0,822,0,17
2021-04-22,Guernsey,EURO,0,822,0,17
2021-04-23,Guernsey,EURO,0,822,0,17
2021-04-24,Guernsey,EURO,0,822,0,17
2021-04-25,Guernsey,EURO,0,822,0,17
2021-04-26,Guernsey,EURO,0,822,0,17
2021-04-27,Guernsey,EURO,0,822,0,17
2021-04-28,Guernsey,EURO,0,822,0,17
2021-04-29,Guernsey,EURO,0,822,0,17
2021-04-30,Guernsey,EURO,0,822,0,17
2021-05-01,Guernsey,EURO,0,822,0,17
2021-05-02,Guernsey,EURO,0,822,0,17
2021-05-03,Guernsey,EURO,0,822,0,17
2021-05-04,Guernsey,EURO,0,822,0,17
2021-05-05,Guernsey,EURO,0,822,0,17
2021-05-06,Guernsey,EURO,0,822,0,17
2021-05-07,Guernsey,EURO,0,822,0,17
2021-05-08,Guernsey,EURO,0,822,0,17
2021-05-09,Guernsey,EURO,0,822,0,17
2021-05-10,Guernsey,EURO,0,822,0,17
2021-05-11,Guernsey,EURO,0,822,0,17
2021-05-12,Guernsey,EURO,0,822,0,17
2021-05-13,Guernsey,EURO,0,822,0,17
2021-05-14,Guernsey,EURO,0,822,0,17
2021-05-15,Guernsey,EURO,0,822,0,17
2021-05-16,Guernsey,EURO,0,822,0,17
2021-05-17,Guernsey,EURO,0,822,0,17
2021-05-18,Guernsey,EURO,0,822,0,17
2021-05-19,Guernsey,EURO,0,822,0,17
2021-05-20,Guernsey,EURO,0,822,0,17
2021-05-21,Guernsey,EURO,0,822,0,17
2021-05-22,Guernsey,EURO,0,822,0,17
2021-05-23,Guernsey,EURO,0,822,0,17
2021-05-24,Guernsey,EURO,0,822,0,17
2021-05-25,Guernsey,EURO,0,822,0,17
2021-05-26,Guernsey,EURO,0,822,0,17
2021-05-27,Guernsey,EURO,0,822,0,17
2021-05-28,Guernsey,EURO,0,822,0,17
2021-05-29,Guernsey,EURO,0,822,0,17
2021-05-30,Guernsey,EURO,0,822,0,17
2021-01-01,Guinea,AFRO,15,13722,1,81
2021-01-02,Guinea,AFRO,0,13722,0,81
2021-01-03,Guinea,AFRO,62,13784,0,81
2021-01-04,Guinea,AFRO,0,13784,0,81
2021-01-05,Guinea,AFRO,15,13799,0,81
2021-01-06,Guinea,AFRO,19,13818,0,81
2021-01-07,Guinea,AFRO,27,13845,0,81
2021-01-08,Guinea,AFRO,17,13862,0,81
2021-01-09,Guinea,AFRO,42,13904,0,81
2021-01-10,Guinea,AFRO,0,13904,0,81
2021-01-11,Guinea,AFRO,38,13942,0,81
2021-01-12,Guinea,AFRO,25,13967,0,81
2021-01-13,Guinea,AFRO,22,13989,0,81
2021-01-14,Guinea,AFRO,36,14025,0,81
2021-01-15,Guinea,AFRO,26,14051,0,81
2021-01-16,Guinea,AFRO,14,14065,0,81
2021-01-17,Guinea,AFRO,33,14098,0,81
2021-01-18,Guinea,AFRO,16,14114,0,81
2021-01-19,Guinea,AFRO,51,14165,0,81
2021-01-20,Guinea,AFRO,7,14172,0,81
2021-01-21,Guinea,AFRO,35,14207,0,81
2021-01-22,Guinea,AFRO,29,14236,0,81
2021-01-23,Guinea,AFRO,26,14262,0,81
2021-01-24,Guinea,AFRO,38,14300,0,81
2021-01-25,Guinea,AFRO,19,14319,0,81
2021-01-26,Guinea,AFRO,56,14375,0,81
2021-01-27,Guinea,AFRO,4,14379,1,82
2021-01-28,Guinea,AFRO,38,14417,0,82
2021-01-29,Guinea,AFRO,18,14435,0,82
2021-01-30,Guinea,AFRO,16,14451,0,82
2021-01-31,Guinea,AFRO,24,14475,0,82
2021-02-01,Guinea,AFRO,57,14532,0,82
2021-02-02,Guinea,AFRO,14,14546,0,82
2021-02-03,Guinea,AFRO,9,14555,1,83
2021-02-04,Guinea,AFRO,13,14568,0,83
2021-02-05,Guinea,AFRO,61,14629,1,84
2021-02-06,Guinea,AFRO,0,14629,0,84
2021-02-07,Guinea,AFRO,36,14665,0,84
2021-02-08,Guinea,AFRO,22,14687,0,84
2021-02-09,Guinea,AFRO,56,14743,0,84
2021-02-10,Guinea,AFRO,21,14764,0,84
2021-02-11,Guinea,AFRO,27,14791,0,84
2021-02-12,Guinea,AFRO,37,14828,0,84
2021-02-13,Guinea,AFRO,32,14860,0,84
2021-02-14,Guinea,AFRO,35,14895,0,84
2021-02-15,Guinea,AFRO,51,14946,0,84
2021-02-16,Guinea,AFRO,21,14967,1,85
2021-02-17,Guinea,AFRO,53,15020,0,85
2021-02-18,Guinea,AFRO,68,15088,0,85
2021-02-19,Guinea,AFRO,66,15154,0,85
2021-02-20,Guinea,AFRO,62,15216,1,86
2021-02-21,Guinea,AFRO,87,15303,0,86
2021-02-22,Guinea,AFRO,92,15395,0,86
2021-02-23,Guinea,AFRO,92,15487,1,87
2021-02-24,Guinea,AFRO,0,15487,0,87
2021-02-25,Guinea,AFRO,93,15580,0,87
2021-02-26,Guinea,AFRO,100,15680,1,88
2021-02-27,Guinea,AFRO,109,15789,0,88
2021-02-28,Guinea,AFRO,105,15894,1,89
2021-03-01,Guinea,AFRO,98,15992,0,89
2021-03-02,Guinea,AFRO,13,16005,0,89
2021-03-03,Guinea,AFRO,76,16081,2,91
2021-03-04,Guinea,AFRO,73,16154,0,91
2021-03-05,Guinea,AFRO,137,16291,1,92
2021-03-06,Guinea,AFRO,129,16420,1,93
2021-03-07,Guinea,AFRO,120,16540,0,93
2021-03-08,Guinea,AFRO,130,16670,2,95
2021-03-09,Guinea,AFRO,242,16912,2,97
2021-03-10,Guinea,AFRO,0,16912,0,97
2021-03-11,Guinea,AFRO,296,17208,4,101
2021-03-12,Guinea,AFRO,164,17372,0,101
2021-03-13,Guinea,AFRO,220,17592,1,102
2021-03-14,Guinea,AFRO,0,17592,0,102
2021-03-15,Guinea,AFRO,259,17851,1,103
2021-03-16,Guinea,AFRO,0,17851,0,103
2021-03-17,Guinea,AFRO,121,17972,1,104
2021-03-18,Guinea,AFRO,313,18285,2,106
2021-03-19,Guinea,AFRO,0,18285,0,106
2021-03-20,Guinea,AFRO,277,18562,2,108
2021-03-21,Guinea,AFRO,0,18562,0,108
2021-03-22,Guinea,AFRO,315,18877,3,111
2021-03-23,Guinea,AFRO,68,18945,2,113
2021-03-24,Guinea,AFRO,0,18945,0,113
2021-03-25,Guinea,AFRO,139,19084,0,113
2021-03-26,Guinea,AFRO,148,19232,0,113
2021-03-27,Guinea,AFRO,171,19403,3,116
2021-03-28,Guinea,AFRO,98,19501,0,116
2021-03-29,Guinea,AFRO,169,19670,4,120
2021-03-30,Guinea,AFRO,103,19773,3,123
2021-03-31,Guinea,AFRO,135,19908,2,125
2021-04-01,Guinea,AFRO,0,19908,0,125
2021-04-02,Guinea,AFRO,175,20083,2,127
2021-04-03,Guinea,AFRO,145,20228,1,128
2021-04-04,Guinea,AFRO,91,20319,1,129
2021-04-05,Guinea,AFRO,187,20506,1,130
2021-04-06,Guinea,AFRO,4,20510,0,130
2021-04-07,Guinea,AFRO,0,20510,0,130
2021-04-08,Guinea,AFRO,44,20554,1,131
2021-04-09,Guinea,AFRO,0,20554,0,131
2021-04-10,Guinea,AFRO,192,20746,1,132
2021-04-11,Guinea,AFRO,61,20807,1,133
2021-04-12,Guinea,AFRO,142,20949,1,134
2021-04-13,Guinea,AFRO,83,21032,2,136
2021-04-14,Guinea,AFRO,74,21106,0,136
2021-04-15,Guinea,AFRO,0,21106,0,136
2021-04-16,Guinea,AFRO,193,21299,0,136
2021-04-17,Guinea,AFRO,93,21392,2,138
2021-04-18,Guinea,AFRO,68,21460,0,138
2021-04-19,Guinea,AFRO,152,21612,0,138
2021-04-20,Guinea,AFRO,0,21612,0,138
2021-04-21,Guinea,AFRO,21,21633,1,139
2021-04-22,Guinea,AFRO,33,21666,0,139
2021-04-23,Guinea,AFRO,79,21745,0,139
2021-04-24,Guinea,AFRO,58,21803,0,139
2021-04-25,Guinea,AFRO,0,21803,0,139
2021-04-26,Guinea,AFRO,150,21953,1,140
2021-04-27,Guinea,AFRO,32,21985,1,141
2021-04-28,Guinea,AFRO,61,22046,0,141
2021-04-29,Guinea,AFRO,41,22087,0,141
2021-04-30,Guinea,AFRO,128,22215,3,144
2021-05-01,Guinea,AFRO,0,22215,0,144
2021-05-02,Guinea,AFRO,32,22247,0,144
2021-05-03,Guinea,AFRO,86,22333,2,146
2021-05-04,Guinea,AFRO,0,22333,0,146
2021-05-05,Guinea,AFRO,35,22368,0,146
2021-05-06,Guinea,AFRO,100,22468,2,148
2021-05-07,Guinea,AFRO,85,22553,1,149
2021-05-08,Guinea,AFRO,0,22553,0,149
2021-05-09,Guinea,AFRO,80,22633,1,150
2021-05-10,Guinea,AFRO,0,22633,0,150
2021-05-11,Guinea,AFRO,0,22633,0,150
2021-05-12,Guinea,AFRO,74,22707,1,151
2021-05-13,Guinea,AFRO,0,22707,0,151
2021-05-14,Guinea,AFRO,0,22707,0,151
2021-05-15,Guinea,AFRO,27,22734,0,151
2021-05-16,Guinea,AFRO,0,22734,0,151
2021-05-17,Guinea,AFRO,0,22734,0,151
2021-05-18,Guinea,AFRO,35,22769,1,152
2021-05-19,Guinea,AFRO,84,22853,1,153
2021-05-20,Guinea,AFRO,0,22853,0,153
2021-05-21,Guinea,AFRO,26,22879,1,154
2021-05-22,Guinea,AFRO,84,22963,1,155
2021-05-23,Guinea,AFRO,25,22988,3,158
2021-05-24,Guinea,AFRO,0,22988,0,158
2021-05-25,Guinea,AFRO,64,23052,1,159
2021-05-26,Guinea,AFRO,8,23060,1,160
2021-05-27,Guinea,AFRO,20,23080,0,160
2021-05-28,Guinea,AFRO,30,23110,1,161
2021-05-29,Guinea,AFRO,0,23110,0,161
2021-05-30,Guinea,AFRO,62,23172,0,161
2021-01-01,Guinea-Bissau,AFRO,0,2447,0,45
2021-01-02,Guinea-Bissau,AFRO,0,2447,0,45
2021-01-03,Guinea-Bissau,AFRO,0,2447,0,45
2021-01-04,Guinea-Bissau,AFRO,0,2447,0,45
2021-01-05,Guinea-Bissau,AFRO,0,2447,0,45
2021-01-06,Guinea-Bissau,AFRO,0,2447,0,45
2021-01-07,Guinea-Bissau,AFRO,0,2447,0,45
2021-01-08,Guinea-Bissau,AFRO,0,2447,0,45
2021-01-09,Guinea-Bissau,AFRO,0,2447,0,45
2021-01-10,Guinea-Bissau,AFRO,0,2447,0,45
2021-01-11,Guinea-Bissau,AFRO,0,2447,0,45
2021-01-12,Guinea-Bissau,AFRO,0,2447,0,45
2021-01-13,Guinea-Bissau,AFRO,0,2447,0,45
2021-01-14,Guinea-Bissau,AFRO,0,2447,0,45
2021-01-15,Guinea-Bissau,AFRO,0,2447,0,45
2021-01-16,Guinea-Bissau,AFRO,0,2447,0,45
2021-01-17,Guinea-Bissau,AFRO,31,2478,0,45
2021-01-18,Guinea-Bissau,AFRO,0,2478,0,45
2021-01-19,Guinea-Bissau,AFRO,0,2478,0,45
2021-01-20,Guinea-Bissau,AFRO,32,2510,0,45
2021-01-21,Guinea-Bissau,AFRO,0,2510,0,45
2021-01-22,Guinea-Bissau,AFRO,7,2517,0,45
2021-01-23,Guinea-Bissau,AFRO,8,2525,0,45
2021-01-24,Guinea-Bissau,AFRO,6,2531,0,45
2021-01-25,Guinea-Bissau,AFRO,2,2533,0,45
2021-01-26,Guinea-Bissau,AFRO,0,2533,0,45
2021-01-27,Guinea-Bissau,AFRO,9,2542,0,45
2021-01-28,Guinea-Bissau,AFRO,2,2544,0,45
2021-01-29,Guinea-Bissau,AFRO,61,2605,0,45
2021-01-30,Guinea-Bissau,AFRO,9,2614,0,45
2021-01-31,Guinea-Bissau,AFRO,9,2623,0,45
2021-02-01,Guinea-Bissau,AFRO,12,2635,0,45
2021-02-02,Guinea-Bissau,AFRO,0,2635,0,45
2021-02-03,Guinea-Bissau,AFRO,20,2655,0,45
2021-02-04,Guinea-Bissau,AFRO,7,2662,0,45
2021-02-05,Guinea-Bissau,AFRO,31,2693,1,46
2021-02-06,Guinea-Bissau,AFRO,59,2752,0,46
2021-02-07,Guinea-Bissau,AFRO,20,2772,0,46
2021-02-08,Guinea-Bissau,AFRO,8,2780,0,46
2021-02-09,Guinea-Bissau,AFRO,0,2780,0,46
2021-02-10,Guinea-Bissau,AFRO,30,2810,0,46
2021-02-11,Guinea-Bissau,AFRO,16,2826,0,46
2021-02-12,Guinea-Bissau,AFRO,22,2848,0,46
2021-02-13,Guinea-Bissau,AFRO,21,2869,0,46
2021-02-14,Guinea-Bissau,AFRO,16,2885,0,46
2021-02-15,Guinea-Bissau,AFRO,39,2924,0,46
2021-02-16,Guinea-Bissau,AFRO,0,2924,0,46
2021-02-17,Guinea-Bissau,AFRO,26,2950,0,46
2021-02-18,Guinea-Bissau,AFRO,49,2999,0,46
2021-02-19,Guinea-Bissau,AFRO,26,3025,0,46
2021-02-20,Guinea-Bissau,AFRO,39,3064,0,46
2021-02-21,Guinea-Bissau,AFRO,27,3091,0,46
2021-02-22,Guinea-Bissau,AFRO,24,3115,1,47
2021-02-23,Guinea-Bissau,AFRO,0,3115,0,47
2021-02-24,Guinea-Bissau,AFRO,41,3156,0,47
2021-02-25,Guinea-Bissau,AFRO,15,3171,1,48
2021-02-26,Guinea-Bissau,AFRO,44,3215,0,48
2021-02-27,Guinea-Bissau,AFRO,26,3241,0,48
2021-02-28,Guinea-Bissau,AFRO,6,3247,0,48
2021-03-01,Guinea-Bissau,AFRO,15,3262,0,48
2021-03-02,Guinea-Bissau,AFRO,0,3262,0,48
2021-03-03,Guinea-Bissau,AFRO,9,3271,0,48
2021-03-04,Guinea-Bissau,AFRO,11,3282,0,48
2021-03-05,Guinea-Bissau,AFRO,19,3301,1,49
2021-03-06,Guinea-Bissau,AFRO,2,3303,0,49
2021-03-07,Guinea-Bissau,AFRO,9,3312,0,49
2021-03-08,Guinea-Bissau,AFRO,0,3312,0,49
2021-03-09,Guinea-Bissau,AFRO,0,3312,0,49
2021-03-10,Guinea-Bissau,AFRO,7,3319,0,49
2021-03-11,Guinea-Bissau,AFRO,8,3327,2,51
2021-03-12,Guinea-Bissau,AFRO,53,3380,0,51
2021-03-13,Guinea-Bissau,AFRO,18,3398,1,52
2021-03-14,Guinea-Bissau,AFRO,38,3436,0,52
2021-03-15,Guinea-Bissau,AFRO,11,3447,0,52
2021-03-16,Guinea-Bissau,AFRO,0,3447,0,52
2021-03-17,Guinea-Bissau,AFRO,22,3469,0,52
2021-03-18,Guinea-Bissau,AFRO,19,3488,2,54
2021-03-19,Guinea-Bissau,AFRO,30,3518,0,54
2021-03-20,Guinea-Bissau,AFRO,18,3536,1,55
2021-03-21,Guinea-Bissau,AFRO,22,3558,0,55
2021-03-22,Guinea-Bissau,AFRO,10,3568,0,55
2021-03-23,Guinea-Bissau,AFRO,0,3568,0,55
2021-03-24,Guinea-Bissau,AFRO,18,3586,1,56
2021-03-25,Guinea-Bissau,AFRO,5,3591,0,56
2021-03-26,Guinea-Bissau,AFRO,16,3607,5,61
2021-03-27,Guinea-Bissau,AFRO,8,3615,0,61
2021-03-28,Guinea-Bissau,AFRO,15,3630,0,61
2021-03-29,Guinea-Bissau,AFRO,5,3635,0,61
2021-03-30,Guinea-Bissau,AFRO,0,3635,0,61
2021-03-31,Guinea-Bissau,AFRO,13,3648,0,61
2021-04-01,Guinea-Bissau,AFRO,2,3650,2,63
2021-04-02,Guinea-Bissau,AFRO,11,3661,0,63
2021-04-03,Guinea-Bissau,AFRO,0,3661,2,65
2021-04-04,Guinea-Bissau,AFRO,0,3661,0,65
2021-04-05,Guinea-Bissau,AFRO,1,3662,1,66
2021-04-06,Guinea-Bissau,AFRO,0,3662,0,66
2021-04-07,Guinea-Bissau,AFRO,0,3662,0,66
2021-04-08,Guinea-Bissau,AFRO,1,3663,0,66
2021-04-09,Guinea-Bissau,AFRO,1,3664,0,66
2021-04-10,Guinea-Bissau,AFRO,11,3675,0,66
2021-04-11,Guinea-Bissau,AFRO,3,3678,0,66
2021-04-12,Guinea-Bissau,AFRO,2,3680,0,66
2021-04-13,Guinea-Bissau,AFRO,0,3680,0,66
2021-04-14,Guinea-Bissau,AFRO,13,3693,0,66
2021-04-15,Guinea-Bissau,AFRO,1,3694,0,66
2021-04-16,Guinea-Bissau,AFRO,12,3706,0,66
2021-04-17,Guinea-Bissau,AFRO,4,3710,0,66
2021-04-18,Guinea-Bissau,AFRO,0,3710,0,66
2021-04-19,Guinea-Bissau,AFRO,2,3712,0,66
2021-04-20,Guinea-Bissau,AFRO,0,3712,0,66
2021-04-21,Guinea-Bissau,AFRO,1,3713,0,66
2021-04-22,Guinea-Bissau,AFRO,0,3713,0,66
2021-04-23,Guinea-Bissau,AFRO,8,3721,0,66
2021-04-24,Guinea-Bissau,AFRO,1,3722,0,66
2021-04-25,Guinea-Bissau,AFRO,2,3724,1,67
2021-04-26,Guinea-Bissau,AFRO,2,3726,0,67
2021-04-27,Guinea-Bissau,AFRO,0,3726,0,67
2021-04-28,Guinea-Bissau,AFRO,0,3726,0,67
2021-04-29,Guinea-Bissau,AFRO,5,3731,0,67
2021-04-30,Guinea-Bissau,AFRO,2,3733,0,67
2021-05-01,Guinea-Bissau,AFRO,1,3734,0,67
2021-05-02,Guinea-Bissau,AFRO,2,3736,0,67
2021-05-03,Guinea-Bissau,AFRO,0,3736,0,67
2021-05-04,Guinea-Bissau,AFRO,0,3736,0,67
2021-05-05,Guinea-Bissau,AFRO,1,3737,0,67
2021-05-06,Guinea-Bissau,AFRO,1,3738,0,67
2021-05-07,Guinea-Bissau,AFRO,0,3738,0,67
2021-05-08,Guinea-Bissau,AFRO,1,3739,0,67
2021-05-09,Guinea-Bissau,AFRO,0,3739,0,67
2021-05-10,Guinea-Bissau,AFRO,2,3741,0,67
2021-05-11,Guinea-Bissau,AFRO,0,3741,0,67
2021-05-12,Guinea-Bissau,AFRO,0,3741,0,67
2021-05-13,Guinea-Bissau,AFRO,0,3741,0,67
2021-05-14,Guinea-Bissau,AFRO,2,3743,0,67
2021-05-15,Guinea-Bissau,AFRO,2,3745,0,67
2021-05-16,Guinea-Bissau,AFRO,1,3746,0,67
2021-05-17,Guinea-Bissau,AFRO,0,3746,0,67
2021-05-18,Guinea-Bissau,AFRO,0,3746,0,67
2021-05-19,Guinea-Bissau,AFRO,0,3746,1,68
2021-05-20,Guinea-Bissau,AFRO,0,3746,0,68
2021-05-21,Guinea-Bissau,AFRO,0,3746,0,68
2021-05-22,Guinea-Bissau,AFRO,3,3749,0,68
2021-05-23,Guinea-Bissau,AFRO,0,3749,0,68
2021-05-24,Guinea-Bissau,AFRO,2,3751,0,68
2021-05-25,Guinea-Bissau,AFRO,0,3751,0,68
2021-05-26,Guinea-Bissau,AFRO,2,3753,0,68
2021-05-27,Guinea-Bissau,AFRO,0,3753,0,68
2021-05-28,Guinea-Bissau,AFRO,3,3756,0,68
2021-05-29,Guinea-Bissau,AFRO,4,3760,0,68
2021-05-30,Guinea-Bissau,AFRO,1,3761,0,68
2021-01-01,Guyana,AMRO,18,6319,0,164
2021-01-02,Guyana,AMRO,13,6332,0,164
2021-01-03,Guyana,AMRO,19,6351,0,164
2021-01-04,Guyana,AMRO,7,6358,0,164
2021-01-05,Guyana,AMRO,0,6358,0,164
2021-01-06,Guyana,AMRO,21,6379,2,166
2021-01-07,Guyana,AMRO,28,6407,0,166
2021-01-08,Guyana,AMRO,0,6407,0,166
2021-01-09,Guyana,AMRO,62,6469,1,167
2021-01-10,Guyana,AMRO,0,6469,0,167
2021-01-11,Guyana,AMRO,72,6541,0,167
2021-01-12,Guyana,AMRO,33,6574,2,169
2021-01-13,Guyana,AMRO,14,6588,1,170
2021-01-14,Guyana,AMRO,65,6653,0,170
2021-01-15,Guyana,AMRO,43,6696,0,170
2021-01-16,Guyana,AMRO,49,6745,0,170
2021-01-17,Guyana,AMRO,60,6805,0,170
2021-01-18,Guyana,AMRO,46,6851,0,170
2021-01-19,Guyana,AMRO,57,6908,0,170
2021-01-20,Guyana,AMRO,23,6931,0,170
2021-01-21,Guyana,AMRO,19,6950,0,170
2021-01-22,Guyana,AMRO,65,7015,0,170
2021-01-23,Guyana,AMRO,52,7067,0,170
2021-01-24,Guyana,AMRO,76,7143,0,170
2021-01-25,Guyana,AMRO,79,7222,0,170
2021-01-26,Guyana,AMRO,76,7298,2,172
2021-01-27,Guyana,AMRO,19,7317,0,172
2021-01-28,Guyana,AMRO,29,7346,0,172
2021-01-29,Guyana,AMRO,34,7380,2,174
2021-01-30,Guyana,AMRO,90,7470,1,175
2021-01-31,Guyana,AMRO,58,7528,0,175
2021-02-01,Guyana,AMRO,53,7581,1,176
2021-02-02,Guyana,AMRO,60,7641,0,176
2021-02-03,Guyana,AMRO,13,7654,1,177
2021-02-04,Guyana,AMRO,24,7678,0,177
2021-02-05,Guyana,AMRO,36,7714,0,177
2021-02-06,Guyana,AMRO,66,7780,0,177
2021-02-07,Guyana,AMRO,107,7887,2,179
2021-02-08,Guyana,AMRO,52,7939,1,180
2021-02-09,Guyana,AMRO,43,7982,0,180
2021-02-10,Guyana,AMRO,41,8023,1,181
2021-02-11,Guyana,AMRO,18,8041,0,181
2021-02-12,Guyana,AMRO,51,8092,1,182
2021-02-13,Guyana,AMRO,43,8135,2,184
2021-02-14,Guyana,AMRO,46,8181,2,186
2021-02-15,Guyana,AMRO,26,8207,0,186
2021-02-16,Guyana,AMRO,24,8231,0,186
2021-02-17,Guyana,AMRO,1,8232,0,186
2021-02-18,Guyana,AMRO,30,8262,2,188
2021-02-19,Guyana,AMRO,51,8313,1,189
2021-02-20,Guyana,AMRO,25,8338,0,189
2021-02-21,Guyana,AMRO,19,8357,0,189
2021-02-22,Guyana,AMRO,42,8399,0,189
2021-02-23,Guyana,AMRO,21,8420,0,189
2021-02-24,Guyana,AMRO,7,8427,0,189
2021-02-25,Guyana,AMRO,25,8452,1,190
2021-02-26,Guyana,AMRO,5,8457,2,192
2021-02-27,Guyana,AMRO,28,8485,3,195
2021-02-28,Guyana,AMRO,28,8513,0,195
2021-03-01,Guyana,AMRO,37,8550,0,195
2021-03-02,Guyana,AMRO,35,8585,0,195
2021-03-03,Guyana,AMRO,10,8595,2,197
2021-03-04,Guyana,AMRO,31,8626,0,197
2021-03-05,Guyana,AMRO,22,8648,2,199
2021-03-06,Guyana,AMRO,51,8699,0,199
2021-03-07,Guyana,AMRO,30,8729,1,200
2021-03-08,Guyana,AMRO,43,8772,0,200
2021-03-09,Guyana,AMRO,35,8807,1,201
2021-03-10,Guyana,AMRO,7,8814,2,203
2021-03-11,Guyana,AMRO,33,8847,1,204
2021-03-12,Guyana,AMRO,81,8928,1,205
2021-03-13,Guyana,AMRO,65,8993,1,206
2021-03-14,Guyana,AMRO,76,9069,0,206
2021-03-15,Guyana,AMRO,52,9121,0,206
2021-03-16,Guyana,AMRO,39,9160,1,207
2021-03-17,Guyana,AMRO,27,9187,0,207
2021-03-18,Guyana,AMRO,51,9238,1,208
2021-03-19,Guyana,AMRO,84,9322,1,209
2021-03-20,Guyana,AMRO,120,9442,3,212
2021-03-21,Guyana,AMRO,44,9486,0,212
2021-03-22,Guyana,AMRO,99,9585,2,214
2021-03-23,Guyana,AMRO,64,9649,1,215
2021-03-24,Guyana,AMRO,19,9668,1,216
2021-03-25,Guyana,AMRO,64,9732,2,218
2021-03-26,Guyana,AMRO,88,9820,2,220
2021-03-27,Guyana,AMRO,78,9898,3,223
2021-03-28,Guyana,AMRO,109,10007,2,225
2021-03-29,Guyana,AMRO,65,10072,0,225
2021-03-30,Guyana,AMRO,96,10168,2,227
2021-03-31,Guyana,AMRO,14,10182,2,229
2021-04-01,Guyana,AMRO,10,10192,2,231
2021-04-02,Guyana,AMRO,57,10249,0,231
2021-04-03,Guyana,AMRO,0,10249,0,231
2021-04-04,Guyana,AMRO,197,10446,4,235
2021-04-05,Guyana,AMRO,94,10540,2,237
2021-04-06,Guyana,AMRO,40,10580,6,243
2021-04-07,Guyana,AMRO,26,10606,3,246
2021-04-08,Guyana,AMRO,31,10637,1,247
2021-04-09,Guyana,AMRO,81,10718,3,250
2021-04-10,Guyana,AMRO,135,10853,2,252
2021-04-11,Guyana,AMRO,105,10958,0,252
2021-04-12,Guyana,AMRO,86,11044,0,252
2021-04-13,Guyana,AMRO,105,11149,3,255
2021-04-14,Guyana,AMRO,40,11189,2,257
2021-04-15,Guyana,AMRO,88,11277,1,258
2021-04-16,Guyana,AMRO,97,11374,2,260
2021-04-17,Guyana,AMRO,153,11527,3,263
2021-04-18,Guyana,AMRO,115,11642,4,267
2021-04-19,Guyana,AMRO,120,11762,1,268
2021-04-20,Guyana,AMRO,101,11863,3,271
2021-04-21,Guyana,AMRO,38,11901,0,271
2021-04-22,Guyana,AMRO,71,11972,2,273
2021-04-23,Guyana,AMRO,160,12132,1,274
2021-04-24,Guyana,AMRO,102,12234,3,277
2021-04-25,Guyana,AMRO,214,12448,0,277
2021-04-26,Guyana,AMRO,152,12600,2,279
2021-04-27,Guyana,AMRO,103,12703,5,284
2021-04-28,Guyana,AMRO,51,12754,3,287
2021-04-29,Guyana,AMRO,72,12826,4,291
2021-04-30,Guyana,AMRO,137,12963,2,293
2021-05-01,Guyana,AMRO,143,13106,2,295
2021-05-02,Guyana,AMRO,177,13283,1,296
2021-05-03,Guyana,AMRO,121,13404,3,299
2021-05-04,Guyana,AMRO,114,13518,0,299
2021-05-05,Guyana,AMRO,46,13564,4,303
2021-05-06,Guyana,AMRO,92,13656,3,306
2021-05-07,Guyana,AMRO,173,13829,2,308
2021-05-08,Guyana,AMRO,128,13957,2,310
2021-05-09,Guyana,AMRO,80,14037,4,314
2021-05-10,Guyana,AMRO,166,14203,0,314
2021-05-11,Guyana,AMRO,159,14362,11,325
2021-05-12,Guyana,AMRO,80,14442,2,327
2021-05-13,Guyana,AMRO,89,14531,4,331
2021-05-14,Guyana,AMRO,128,14659,0,331
2021-05-15,Guyana,AMRO,186,14845,2,333
2021-05-16,Guyana,AMRO,143,14988,2,335
2021-05-17,Guyana,AMRO,180,15168,3,338
2021-05-18,Guyana,AMRO,103,15271,3,341
2021-05-19,Guyana,AMRO,81,15352,3,344
2021-05-20,Guyana,AMRO,102,15454,1,345
2021-05-21,Guyana,AMRO,153,15607,4,349
2021-05-22,Guyana,AMRO,136,15743,0,349
2021-05-23,Guyana,AMRO,0,15743,0,349
2021-05-24,Guyana,AMRO,271,16014,6,355
2021-05-25,Guyana,AMRO,116,16130,4,359
2021-05-26,Guyana,AMRO,105,16235,2,361
2021-05-27,Guyana,AMRO,85,16320,7,368
2021-05-28,Guyana,AMRO,236,16556,6,374
2021-05-29,Guyana,AMRO,98,16654,2,376
2021-05-30,Guyana,AMRO,70,16724,4,380
2021-01-01,Haiti,AMRO,16,10015,0,236
2021-01-02,Haiti,AMRO,0,10015,0,236
2021-01-03,Haiti,AMRO,62,10077,0,236
2021-01-04,Haiti,AMRO,50,10127,0,236
2021-01-05,Haiti,AMRO,0,10127,0,236
2021-01-06,Haiti,AMRO,0,10127,0,236
2021-01-07,Haiti,AMRO,0,10127,0,236
2021-01-08,Haiti,AMRO,76,10203,0,236
2021-01-09,Haiti,AMRO,38,10241,1,237
2021-01-10,Haiti,AMRO,0,10241,0,237
2021-01-11,Haiti,AMRO,31,10272,1,238
2021-01-12,Haiti,AMRO,0,10272,0,238
2021-01-13,Haiti,AMRO,114,10386,0,238
2021-01-14,Haiti,AMRO,29,10415,0,238
2021-01-15,Haiti,AMRO,154,10569,0,238
2021-01-16,Haiti,AMRO,66,10635,0,238
2021-01-17,Haiti,AMRO,146,10781,2,240
2021-01-18,Haiti,AMRO,0,10781,0,240
2021-01-19,Haiti,AMRO,71,10852,0,240
2021-01-20,Haiti,AMRO,55,10907,0,240
2021-01-21,Haiti,AMRO,56,10963,0,240
2021-01-22,Haiti,AMRO,0,10963,0,240
2021-01-23,Haiti,AMRO,72,11035,3,243
2021-01-24,Haiti,AMRO,64,11099,0,243
2021-01-25,Haiti,AMRO,82,11181,0,243
2021-01-26,Haiti,AMRO,105,11286,0,243
2021-01-27,Haiti,AMRO,0,11286,0,243
2021-01-28,Haiti,AMRO,0,11286,0,243
2021-01-29,Haiti,AMRO,116,11402,1,244
2021-01-30,Haiti,AMRO,58,11460,1,245
2021-01-31,Haiti,AMRO,73,11533,0,245
2021-02-01,Haiti,AMRO,0,11533,0,245
2021-02-02,Haiti,AMRO,57,11590,0,245
2021-02-03,Haiti,AMRO,82,11672,0,245
2021-02-04,Haiti,AMRO,20,11692,0,245
2021-02-05,Haiti,AMRO,0,11692,0,245
2021-02-06,Haiti,AMRO,66,11758,0,245
2021-02-07,Haiti,AMRO,48,11806,1,246
2021-02-08,Haiti,AMRO,0,11806,0,246
2021-02-09,Haiti,AMRO,102,11908,0,246
2021-02-10,Haiti,AMRO,61,11969,0,246
2021-02-11,Haiti,AMRO,22,11991,0,246
2021-02-12,Haiti,AMRO,25,12016,0,246
2021-02-13,Haiti,AMRO,0,12016,0,246
2021-02-14,Haiti,AMRO,127,12143,1,247
2021-02-15,Haiti,AMRO,0,12143,0,247
2021-02-16,Haiti,AMRO,49,12192,0,247
2021-02-17,Haiti,AMRO,14,12206,0,247
2021-02-18,Haiti,AMRO,0,12206,0,247
2021-02-19,Haiti,AMRO,0,12206,0,247
2021-02-20,Haiti,AMRO,48,12254,0,247
2021-02-21,Haiti,AMRO,20,12274,0,247
2021-02-22,Haiti,AMRO,35,12309,0,247
2021-02-23,Haiti,AMRO,0,12309,0,247
2021-02-24,Haiti,AMRO,43,12352,0,247
2021-02-25,Haiti,AMRO,0,12352,0,247
2021-02-26,Haiti,AMRO,0,12352,0,247
2021-02-27,Haiti,AMRO,78,12430,3,250
2021-02-28,Haiti,AMRO,0,12430,0,250
2021-03-01,Haiti,AMRO,18,12448,0,250
2021-03-02,Haiti,AMRO,45,12493,0,250
2021-03-03,Haiti,AMRO,38,12531,0,250
2021-03-04,Haiti,AMRO,5,12536,0,250
2021-03-05,Haiti,AMRO,0,12536,0,250
2021-03-06,Haiti,AMRO,0,12536,0,250
2021-03-07,Haiti,AMRO,0,12536,0,250
2021-03-08,Haiti,AMRO,0,12536,0,250
2021-03-09,Haiti,AMRO,0,12536,0,250
2021-03-10,Haiti,AMRO,58,12594,0,250
2021-03-11,Haiti,AMRO,0,12594,0,250
2021-03-12,Haiti,AMRO,38,12632,0,250
2021-03-13,Haiti,AMRO,0,12632,0,250
2021-03-14,Haiti,AMRO,0,12632,0,250
2021-03-15,Haiti,AMRO,0,12632,0,250
2021-03-16,Haiti,AMRO,32,12664,0,250
2021-03-17,Haiti,AMRO,5,12669,0,250
2021-03-18,Haiti,AMRO,17,12686,1,251
2021-03-19,Haiti,AMRO,2,12688,0,251
2021-03-20,Haiti,AMRO,12,12700,0,251
2021-03-21,Haiti,AMRO,14,12714,0,251
2021-03-22,Haiti,AMRO,0,12714,0,251
2021-03-23,Haiti,AMRO,8,12722,0,251
2021-03-24,Haiti,AMRO,10,12732,0,251
2021-03-25,Haiti,AMRO,0,12732,0,251
2021-03-26,Haiti,AMRO,4,12736,0,251
2021-03-27,Haiti,AMRO,0,12736,0,251
2021-03-28,Haiti,AMRO,0,12736,0,251
2021-03-29,Haiti,AMRO,0,12736,0,251
2021-03-30,Haiti,AMRO,22,12758,0,251
2021-03-31,Haiti,AMRO,0,12758,0,251
2021-04-01,Haiti,AMRO,4,12762,0,251
2021-04-02,Haiti,AMRO,26,12788,0,251
2021-04-03,Haiti,AMRO,0,12788,0,251
2021-04-04,Haiti,AMRO,0,12788,0,251
2021-04-05,Haiti,AMRO,0,12788,0,251
2021-04-06,Haiti,AMRO,15,12803,0,251
2021-04-07,Haiti,AMRO,0,12803,0,251
2021-04-08,Haiti,AMRO,0,12803,0,251
2021-04-09,Haiti,AMRO,13,12816,0,251
2021-04-10,Haiti,AMRO,24,12840,0,251
2021-04-11,Haiti,AMRO,0,12840,0,251
2021-04-12,Haiti,AMRO,0,12840,0,251
2021-04-13,Haiti,AMRO,15,12855,0,251
2021-04-14,Haiti,AMRO,0,12855,0,251
2021-04-15,Haiti,AMRO,2,12857,0,251
2021-04-16,Haiti,AMRO,19,12876,0,251
2021-04-17,Haiti,AMRO,9,12885,0,251
2021-04-18,Haiti,AMRO,33,12918,0,251
2021-04-19,Haiti,AMRO,0,12918,0,251
2021-04-20,Haiti,AMRO,0,12918,0,251
2021-04-21,Haiti,AMRO,0,12918,0,251
2021-04-22,Haiti,AMRO,26,12944,0,251
2021-04-23,Haiti,AMRO,0,12944,0,251
2021-04-24,Haiti,AMRO,0,12944,0,251
2021-04-25,Haiti,AMRO,14,12958,0,251
2021-04-26,Haiti,AMRO,0,12958,1,252
2021-04-27,Haiti,AMRO,41,12999,1,253
2021-04-28,Haiti,AMRO,18,13017,1,254
2021-04-29,Haiti,AMRO,39,13056,0,254
2021-04-30,Haiti,AMRO,0,13056,0,254
2021-05-01,Haiti,AMRO,0,13056,0,254
2021-05-02,Haiti,AMRO,38,13094,0,254
2021-05-03,Haiti,AMRO,0,13094,0,254
2021-05-04,Haiti,AMRO,41,13135,3,257
2021-05-05,Haiti,AMRO,14,13149,3,260
2021-05-06,Haiti,AMRO,15,13164,3,263
2021-05-07,Haiti,AMRO,0,13164,0,263
2021-05-08,Haiti,AMRO,0,13164,0,263
2021-05-09,Haiti,AMRO,0,13164,0,263
2021-05-10,Haiti,AMRO,0,13164,0,263
2021-05-11,Haiti,AMRO,15,13179,1,264
2021-05-12,Haiti,AMRO,48,13227,2,266
2021-05-13,Haiti,AMRO,28,13255,2,268
2021-05-14,Haiti,AMRO,13,13268,1,269
2021-05-15,Haiti,AMRO,85,13353,2,271
2021-05-16,Haiti,AMRO,40,13393,0,271
2021-05-17,Haiti,AMRO,67,13460,0,271
2021-05-18,Haiti,AMRO,60,13520,3,274
2021-05-19,Haiti,AMRO,78,13598,2,276
2021-05-20,Haiti,AMRO,0,13598,0,276
2021-05-21,Haiti,AMRO,26,13624,0,276
2021-05-22,Haiti,AMRO,0,13624,0,276
2021-05-23,Haiti,AMRO,111,13735,4,280
2021-05-24,Haiti,AMRO,171,13906,8,288
2021-05-25,Haiti,AMRO,131,14037,4,292
2021-05-26,Haiti,AMRO,91,14128,10,302
2021-05-27,Haiti,AMRO,130,14258,5,307
2021-05-28,Haiti,AMRO,93,14351,2,309
2021-05-29,Haiti,AMRO,102,14453,2,311
2021-05-30,Haiti,AMRO,112,14565,6,317
2021-01-01,Holy See,EURO,0,26,0,0
2021-01-02,Holy See,EURO,0,26,0,0
2021-01-03,Holy See,EURO,0,26,0,0
2021-01-04,Holy See,EURO,0,26,0,0
2021-01-05,Holy See,EURO,0,26,0,0
2021-01-06,Holy See,EURO,0,26,0,0
2021-01-07,Holy See,EURO,0,26,0,0
2021-01-08,Holy See,EURO,0,26,0,0
2021-01-09,Holy See,EURO,0,26,0,0
2021-01-10,Holy See,EURO,0,26,0,0
2021-01-11,Holy See,EURO,0,26,0,0
2021-01-12,Holy See,EURO,0,26,0,0
2021-01-13,Holy See,EURO,0,26,0,0
2021-01-14,Holy See,EURO,0,26,0,0
2021-01-15,Holy See,EURO,0,26,0,0
2021-01-16,Holy See,EURO,0,26,0,0
2021-01-17,Holy See,EURO,0,26,0,0
2021-01-18,Holy See,EURO,0,26,0,0
2021-01-19,Holy See,EURO,0,26,0,0
2021-01-20,Holy See,EURO,0,26,0,0
2021-01-21,Holy See,EURO,0,26,0,0
2021-01-22,Holy See,EURO,0,26,0,0
2021-01-23,Holy See,EURO,0,26,0,0
2021-01-24,Holy See,EURO,0,26,0,0
2021-01-25,Holy See,EURO,0,26,0,0
2021-01-26,Holy See,EURO,0,26,0,0
2021-01-27,Holy See,EURO,0,26,0,0
2021-01-28,Holy See,EURO,0,26,0,0
2021-01-29,Holy See,EURO,0,26,0,0
2021-01-30,Holy See,EURO,0,26,0,0
2021-01-31,Holy See,EURO,0,26,0,0
2021-02-01,Holy See,EURO,0,26,0,0
2021-02-02,Holy See,EURO,0,26,0,0
2021-02-03,Holy See,EURO,0,26,0,0
2021-02-04,Holy See,EURO,0,26,0,0
2021-02-05,Holy See,EURO,0,26,0,0
2021-02-06,Holy See,EURO,0,26,0,0
2021-02-07,Holy See,EURO,0,26,0,0
2021-02-08,Holy See,EURO,0,26,0,0
2021-02-09,Holy See,EURO,0,26,0,0
2021-02-10,Holy See,EURO,0,26,0,0
2021-02-11,Holy See,EURO,0,26,0,0
2021-02-12,Holy See,EURO,0,26,0,0
2021-02-13,Holy See,EURO,0,26,0,0
2021-02-14,Holy See,EURO,0,26,0,0
2021-02-15,Holy See,EURO,0,26,0,0
2021-02-16,Holy See,EURO,0,26,0,0
2021-02-17,Holy See,EURO,0,26,0,0
2021-02-18,Holy See,EURO,0,26,0,0
2021-02-19,Holy See,EURO,0,26,0,0
2021-02-20,Holy See,EURO,0,26,0,0
2021-02-21,Holy See,EURO,0,26,0,0
2021-02-22,Holy See,EURO,0,26,0,0
2021-02-23,Holy See,EURO,0,26,0,0
2021-02-24,Holy See,EURO,0,26,0,0
2021-02-25,Holy See,EURO,0,26,0,0
2021-02-26,Holy See,EURO,0,26,0,0
2021-02-27,Holy See,EURO,0,26,0,0
2021-02-28,Holy See,EURO,0,26,0,0
2021-03-01,Holy See,EURO,0,26,0,0
2021-03-02,Holy See,EURO,0,26,0,0
2021-03-03,Holy See,EURO,0,26,0,0
2021-03-04,Holy See,EURO,0,26,0,0
2021-03-05,Holy See,EURO,0,26,0,0
2021-03-06,Holy See,EURO,0,26,0,0
2021-03-07,Holy See,EURO,0,26,0,0
2021-03-08,Holy See,EURO,0,26,0,0
2021-03-09,Holy See,EURO,0,26,0,0
2021-03-10,Holy See,EURO,0,26,0,0
2021-03-11,Holy See,EURO,0,26,0,0
2021-03-12,Holy See,EURO,0,26,0,0
2021-03-13,Holy See,EURO,0,26,0,0
2021-03-14,Holy See,EURO,0,26,0,0
2021-03-15,Holy See,EURO,0,26,0,0
2021-03-16,Holy See,EURO,0,26,0,0
2021-03-17,Holy See,EURO,0,26,0,0
2021-03-18,Holy See,EURO,0,26,0,0
2021-03-19,Holy See,EURO,0,26,0,0
2021-03-20,Holy See,EURO,0,26,0,0
2021-03-21,Holy See,EURO,0,26,0,0
2021-03-22,Holy See,EURO,0,26,0,0
2021-03-23,Holy See,EURO,0,26,0,0
2021-03-24,Holy See,EURO,0,26,0,0
2021-03-25,Holy See,EURO,0,26,0,0
2021-03-26,Holy See,EURO,0,26,0,0
2021-03-27,Holy See,EURO,0,26,0,0
2021-03-28,Holy See,EURO,0,26,0,0
2021-03-29,Holy See,EURO,0,26,0,0
2021-03-30,Holy See,EURO,0,26,0,0
2021-03-31,Holy See,EURO,0,26,0,0
2021-04-01,Holy See,EURO,0,26,0,0
2021-04-02,Holy See,EURO,0,26,0,0
2021-04-03,Holy See,EURO,0,26,0,0
2021-04-04,Holy See,EURO,0,26,0,0
2021-04-05,Holy See,EURO,0,26,0,0
2021-04-06,Holy See,EURO,0,26,0,0
2021-04-07,Holy See,EURO,0,26,0,0
2021-04-08,Holy See,EURO,0,26,0,0
2021-04-09,Holy See,EURO,0,26,0,0
2021-04-10,Holy See,EURO,0,26,0,0
2021-04-11,Holy See,EURO,0,26,0,0
2021-04-12,Holy See,EURO,0,26,0,0
2021-04-13,Holy See,EURO,0,26,0,0
2021-04-14,Holy See,EURO,0,26,0,0
2021-04-15,Holy See,EURO,0,26,0,0
2021-04-16,Holy See,EURO,0,26,0,0
2021-04-17,Holy See,EURO,0,26,0,0
2021-04-18,Holy See,EURO,0,26,0,0
2021-04-19,Holy See,EURO,0,26,0,0
2021-04-20,Holy See,EURO,0,26,0,0
2021-04-21,Holy See,EURO,0,26,0,0
2021-04-22,Holy See,EURO,0,26,0,0
2021-04-23,Holy See,EURO,0,26,0,0
2021-04-24,Holy See,EURO,0,26,0,0
2021-04-25,Holy See,EURO,0,26,0,0
2021-04-26,Holy See,EURO,0,26,0,0
2021-04-27,Holy See,EURO,0,26,0,0
2021-04-28,Holy See,EURO,0,26,0,0
2021-04-29,Holy See,EURO,0,26,0,0
2021-04-30,Holy See,EURO,0,26,0,0
2021-05-01,Holy See,EURO,0,26,0,0
2021-05-02,Holy See,EURO,0,26,0,0
2021-05-03,Holy See,EURO,0,26,0,0
2021-05-04,Holy See,EURO,0,26,0,0
2021-05-05,Holy See,EURO,0,26,0,0
2021-05-06,Holy See,EURO,0,26,0,0
2021-05-07,Holy See,EURO,0,26,0,0
2021-05-08,Holy See,EURO,0,26,0,0
2021-05-09,Holy See,EURO,0,26,0,0
2021-05-10,Holy See,EURO,0,26,0,0
2021-05-11,Holy See,EURO,0,26,0,0
2021-05-12,Holy See,EURO,0,26,0,0
2021-05-13,Holy See,EURO,0,26,0,0
2021-05-14,Holy See,EURO,0,26,0,0
2021-05-15,Holy See,EURO,0,26,0,0
2021-05-16,Holy See,EURO,0,26,0,0
2021-05-17,Holy See,EURO,0,26,0,0
2021-05-18,Holy See,EURO,0,26,0,0
2021-05-19,Holy See,EURO,0,26,0,0
2021-05-20,Holy See,EURO,0,26,0,0
2021-05-21,Holy See,EURO,0,26,0,0
2021-05-22,Holy See,EURO,0,26,0,0
2021-05-23,Holy See,EURO,0,26,0,0
2021-05-24,Holy See,EURO,0,26,0,0
2021-05-25,Holy See,EURO,0,26,0,0
2021-05-26,Holy See,EURO,0,26,0,0
2021-05-27,Holy See,EURO,0,26,0,0
2021-05-28,Holy See,EURO,0,26,0,0
2021-05-29,Holy See,EURO,0,26,0,0
2021-05-30,Holy See,EURO,0,26,0,0
2021-01-01,Honduras,AMRO,915,121827,19,3130
2021-01-02,Honduras,AMRO,936,122763,11,3141
2021-01-03,Honduras,AMRO,211,122974,19,3160
2021-01-04,Honduras,AMRO,170,123144,13,3173
2021-01-05,Honduras,AMRO,225,123369,7,3180
2021-01-06,Honduras,AMRO,29,123398,1,3181
2021-01-07,Honduras,AMRO,424,123822,5,3186
2021-01-08,Honduras,AMRO,1077,124899,6,3192
2021-01-09,Honduras,AMRO,658,125557,52,3244
2021-01-10,Honduras,AMRO,839,126396,22,3266
2021-01-11,Honduras,AMRO,830,127226,9,3275
2021-01-12,Honduras,AMRO,719,127945,-2,3273
2021-01-13,Honduras,AMRO,756,128701,12,3285
2021-01-14,Honduras,AMRO,1104,129805,9,3294
2021-01-15,Honduras,AMRO,1204,131009,26,3320
2021-01-16,Honduras,AMRO,954,131963,15,3335
2021-01-17,Honduras,AMRO,449,132412,9,3344
2021-01-18,Honduras,AMRO,1095,133507,4,3348
2021-01-19,Honduras,AMRO,604,134111,6,3354
2021-01-20,Honduras,AMRO,827,134938,14,3368
2021-01-21,Honduras,AMRO,1130,136068,23,3391
2021-01-22,Honduras,AMRO,830,136898,15,3406
2021-01-23,Honduras,AMRO,1146,138044,16,3422
2021-01-24,Honduras,AMRO,1138,139182,17,3439
2021-01-25,Honduras,AMRO,1056,140238,2,3441
2021-01-26,Honduras,AMRO,691,140929,6,3447
2021-01-27,Honduras,AMRO,1055,141984,15,3462
2021-01-28,Honduras,AMRO,896,142880,24,3486
2021-01-29,Honduras,AMRO,1127,144007,26,3512
2021-01-30,Honduras,AMRO,985,144992,37,3549
2021-01-31,Honduras,AMRO,1118,146110,26,3575
2021-02-01,Honduras,AMRO,990,147100,17,3592
2021-02-02,Honduras,AMRO,743,147843,18,3610
2021-02-03,Honduras,AMRO,1108,148951,4,3614
2021-02-04,Honduras,AMRO,840,149791,24,3638
2021-02-05,Honduras,AMRO,1312,151103,24,3662
2021-02-06,Honduras,AMRO,1122,152225,7,3669
2021-02-07,Honduras,AMRO,1028,153253,25,3694
2021-02-08,Honduras,AMRO,652,153905,16,3710
2021-02-09,Honduras,AMRO,663,154568,11,3721
2021-02-10,Honduras,AMRO,1167,155735,21,3742
2021-02-11,Honduras,AMRO,871,156606,47,3789
2021-02-12,Honduras,AMRO,862,157468,17,3806
2021-02-13,Honduras,AMRO,887,158355,32,3838
2021-02-14,Honduras,AMRO,669,159024,10,3848
2021-02-15,Honduras,AMRO,764,159788,9,3857
2021-02-16,Honduras,AMRO,383,160171,9,3866
2021-02-17,Honduras,AMRO,812,160983,27,3893
2021-02-18,Honduras,AMRO,744,161727,20,3913
2021-02-19,Honduras,AMRO,857,162584,20,3933
2021-02-20,Honduras,AMRO,721,163305,32,3965
2021-02-21,Honduras,AMRO,772,164077,10,3975
2021-02-22,Honduras,AMRO,418,164495,17,3992
2021-02-23,Honduras,AMRO,600,165095,4,3996
2021-02-24,Honduras,AMRO,642,165737,29,4025
2021-02-25,Honduras,AMRO,810,166547,15,4040
2021-02-26,Honduras,AMRO,947,167494,36,4076
2021-02-27,Honduras,AMRO,749,168243,23,4099
2021-02-28,Honduras,AMRO,668,168911,18,4117
2021-03-01,Honduras,AMRO,843,169754,24,4141
2021-03-02,Honduras,AMRO,550,170304,10,4151
2021-03-03,Honduras,AMRO,681,170985,23,4174
2021-03-04,Honduras,AMRO,773,171758,13,4187
2021-03-05,Honduras,AMRO,342,172100,27,4214
2021-03-06,Honduras,AMRO,477,172577,17,4231
2021-03-07,Honduras,AMRO,443,173020,16,4247
2021-03-08,Honduras,AMRO,0,173020,0,4247
2021-03-09,Honduras,AMRO,709,173729,13,4260
2021-03-10,Honduras,AMRO,514,174243,23,4283
2021-03-11,Honduras,AMRO,265,174508,14,4297
2021-03-12,Honduras,AMRO,934,175442,4,4301
2021-03-13,Honduras,AMRO,985,176427,10,4311
2021-03-14,Honduras,AMRO,741,177168,14,4325
2021-03-15,Honduras,AMRO,664,177832,6,4331
2021-03-16,Honduras,AMRO,445,178277,3,4334
2021-03-17,Honduras,AMRO,648,178925,26,4360
2021-03-18,Honduras,AMRO,590,179515,13,4373
2021-03-19,Honduras,AMRO,756,180271,17,4390
2021-03-20,Honduras,AMRO,525,180796,12,4402
2021-03-21,Honduras,AMRO,561,181357,20,4422
2021-03-22,Honduras,AMRO,574,181931,8,4430
2021-03-23,Honduras,AMRO,478,182409,13,4443
2021-03-24,Honduras,AMRO,871,183280,26,4469
2021-03-25,Honduras,AMRO,751,184031,20,4489
2021-03-26,Honduras,AMRO,790,184821,17,4506
2021-03-27,Honduras,AMRO,663,185484,21,4527
2021-03-28,Honduras,AMRO,853,186337,9,4536
2021-03-29,Honduras,AMRO,678,187015,21,4557
2021-03-30,Honduras,AMRO,445,187460,1,4558
2021-03-31,Honduras,AMRO,515,187975,27,4585
2021-04-01,Honduras,AMRO,539,188514,14,4599
2021-04-02,Honduras,AMRO,529,189043,6,4605
2021-04-03,Honduras,AMRO,683,189726,0,4605
2021-04-04,Honduras,AMRO,0,189726,17,4622
2021-04-05,Honduras,AMRO,752,190478,18,4640
2021-04-06,Honduras,AMRO,153,190631,4,4644
2021-04-07,Honduras,AMRO,505,191136,37,4681
2021-04-08,Honduras,AMRO,1277,192413,5,4686
2021-04-09,Honduras,AMRO,616,193029,17,4703
2021-04-10,Honduras,AMRO,754,193783,12,4715
2021-04-11,Honduras,AMRO,765,194548,51,4766
2021-04-12,Honduras,AMRO,977,195525,4,4770
2021-04-13,Honduras,AMRO,255,195780,34,4804
2021-04-14,Honduras,AMRO,306,196086,57,4861
2021-04-15,Honduras,AMRO,618,196704,12,4873
2021-04-16,Honduras,AMRO,1510,198214,32,4905
2021-04-17,Honduras,AMRO,761,198975,24,4929
2021-04-18,Honduras,AMRO,707,199682,5,4934
2021-04-19,Honduras,AMRO,577,200259,20,4954
2021-04-20,Honduras,AMRO,676,200935,3,4957
2021-04-21,Honduras,AMRO,742,201677,6,4963
2021-04-22,Honduras,AMRO,736,202413,13,4976
2021-04-23,Honduras,AMRO,946,203359,5,4981
2021-04-24,Honduras,AMRO,1469,204828,66,5047
2021-04-25,Honduras,AMRO,868,205696,48,5095
2021-04-26,Honduras,AMRO,685,206381,5,5100
2021-04-27,Honduras,AMRO,526,206907,41,5141
2021-04-28,Honduras,AMRO,413,207320,52,5193
2021-04-29,Honduras,AMRO,1036,208356,19,5212
2021-04-30,Honduras,AMRO,1134,209490,11,5223
2021-05-01,Honduras,AMRO,1586,211076,38,5261
2021-05-02,Honduras,AMRO,1257,212333,20,5281
2021-05-03,Honduras,AMRO,834,213167,37,5318
2021-05-04,Honduras,AMRO,803,213970,16,5334
2021-05-05,Honduras,AMRO,505,214475,33,5367
2021-05-06,Honduras,AMRO,1358,215833,19,5386
2021-05-07,Honduras,AMRO,1131,216964,53,5439
2021-05-08,Honduras,AMRO,631,217595,63,5502
2021-05-09,Honduras,AMRO,735,218330,83,5585
2021-05-10,Honduras,AMRO,958,219288,32,5617
2021-05-11,Honduras,AMRO,897,220185,48,5665
2021-05-12,Honduras,AMRO,803,220988,36,5701
2021-05-13,Honduras,AMRO,1130,222118,88,5789
2021-05-14,Honduras,AMRO,874,222992,64,5853
2021-05-15,Honduras,AMRO,930,223922,45,5898
2021-05-16,Honduras,AMRO,1334,225256,39,5937
2021-05-17,Honduras,AMRO,708,225964,17,5954
2021-05-18,Honduras,AMRO,755,226719,6,5960
2021-05-19,Honduras,AMRO,797,227516,10,5970
2021-05-20,Honduras,AMRO,771,228287,49,6019
2021-05-21,Honduras,AMRO,924,229211,32,6051
2021-05-22,Honduras,AMRO,1100,230311,42,6093
2021-05-23,Honduras,AMRO,1249,231560,40,6133
2021-05-24,Honduras,AMRO,581,232141,10,6143
2021-05-25,Honduras,AMRO,531,232672,3,6146
2021-05-26,Honduras,AMRO,444,233116,42,6188
2021-05-27,Honduras,AMRO,800,233916,22,6210
2021-05-28,Honduras,AMRO,1007,234923,30,6240
2021-05-29,Honduras,AMRO,676,235599,19,6259
2021-05-30,Honduras,AMRO,852,236451,25,6284
2021-01-01,Hungary,EURO,2764,325278,130,9667
2021-01-02,Hungary,EURO,1410,326688,114,9781
2021-01-03,Hungary,EURO,1307,327995,103,9884
2021-01-04,Hungary,EURO,856,328851,93,9977
2021-01-05,Hungary,EURO,870,329721,103,10080
2021-01-06,Hungary,EURO,2047,331768,118,10198
2021-01-07,Hungary,EURO,3068,334836,127,10325
2021-01-08,Hungary,EURO,2907,337743,115,10440
2021-01-09,Hungary,EURO,2716,340459,114,10554
2021-01-10,Hungary,EURO,1778,342237,94,10648
2021-01-11,Hungary,EURO,1419,343656,77,10725
2021-01-12,Hungary,EURO,696,344352,128,10853
2021-01-13,Hungary,EURO,1358,345710,95,10948
2021-01-14,Hungary,EURO,1926,347636,118,11066
2021-01-15,Hungary,EURO,1513,349149,111,11177
2021-01-16,Hungary,EURO,1438,350587,87,11264
2021-01-17,Hungary,EURO,1241,351828,77,11341
2021-01-18,Hungary,EURO,875,352703,68,11409
2021-01-19,Hungary,EURO,573,353276,111,11520
2021-01-20,Hungary,EURO,976,354252,95,11615
2021-01-21,Hungary,EURO,1410,355662,98,11713
2021-01-22,Hungary,EURO,1311,356973,98,11811
2021-01-23,Hungary,EURO,1344,358317,93,11904
2021-01-24,Hungary,EURO,1257,359574,64,11968
2021-01-25,Hungary,EURO,844,360418,56,12024
2021-01-26,Hungary,EURO,459,360877,89,12113
2021-01-27,Hungary,EURO,1004,361881,85,12198
2021-01-28,Hungary,EURO,1569,363450,93,12291
2021-01-29,Hungary,EURO,1459,364909,83,12374
2021-01-30,Hungary,EURO,1370,366279,89,12463
2021-01-31,Hungary,EURO,1307,367586,61,12524
2021-02-01,Hungary,EURO,1124,368710,54,12578
2021-02-02,Hungary,EURO,578,369288,78,12656
2021-02-03,Hungary,EURO,1048,370336,83,12739
2021-02-04,Hungary,EURO,1652,371988,93,12832
2021-02-05,Hungary,EURO,1576,373564,98,12930
2021-02-06,Hungary,EURO,1561,375125,96,13026
2021-02-07,Hungary,EURO,1370,376495,64,13090
2021-02-08,Hungary,EURO,1160,377655,65,13155
2021-02-09,Hungary,EURO,1079,378734,94,13249
2021-02-10,Hungary,EURO,1279,380013,98,13347
2021-02-11,Hungary,EURO,1862,381875,97,13444
2021-02-12,Hungary,EURO,1860,383735,99,13543
2021-02-13,Hungary,EURO,2020,385755,93,13636
2021-02-14,Hungary,EURO,1707,387462,70,13706
2021-02-15,Hungary,EURO,1337,388799,46,13752
2021-02-16,Hungary,EURO,823,389622,85,13837
2021-02-17,Hungary,EURO,1548,391170,94,13931
2021-02-18,Hungary,EURO,2853,394023,104,14035
2021-02-19,Hungary,EURO,3093,397116,110,14145
2021-02-20,Hungary,EURO,2995,400111,107,14252
2021-02-21,Hungary,EURO,2912,403023,47,14299
2021-02-22,Hungary,EURO,2623,405646,48,14347
2021-02-23,Hungary,EURO,1628,407274,103,14450
2021-02-24,Hungary,EURO,2855,410129,102,14552
2021-02-25,Hungary,EURO,4385,414514,120,14672
2021-02-26,Hungary,EURO,4668,419182,123,14795
2021-02-27,Hungary,EURO,4948,424130,107,14902
2021-02-28,Hungary,EURO,4469,428599,72,14974
2021-03-01,Hungary,EURO,4326,432925,84,15058
2021-03-02,Hungary,EURO,2764,435689,130,15188
2021-03-03,Hungary,EURO,4211,439900,136,15324
2021-03-04,Hungary,EURO,6278,446178,152,15476
2021-03-05,Hungary,EURO,6369,452547,143,15619
2021-03-06,Hungary,EURO,7269,459816,146,15765
2021-03-07,Hungary,EURO,6201,466017,108,15873
2021-03-08,Hungary,EURO,2696,468713,115,15988
2021-03-09,Hungary,EURO,6494,475207,158,16146
2021-03-10,Hungary,EURO,5653,480860,179,16325
2021-03-11,Hungary,EURO,8312,489172,172,16497
2021-03-12,Hungary,EURO,9011,498183,130,16627
2021-03-13,Hungary,EURO,9444,507627,163,16790
2021-03-14,Hungary,EURO,8863,516490,162,16952
2021-03-15,Hungary,EURO,7706,524196,131,17083
2021-03-16,Hungary,EURO,4926,529122,143,17226
2021-03-17,Hungary,EURO,3456,532578,195,17421
2021-03-18,Hungary,EURO,6502,539080,207,17628
2021-03-19,Hungary,EURO,10759,549839,213,17841
2021-03-20,Hungary,EURO,11132,560971,227,18068
2021-03-21,Hungary,EURO,10625,571596,194,18262
2021-03-22,Hungary,EURO,9046,580642,189,18451
2021-03-23,Hungary,EURO,5481,586123,252,18703
2021-03-24,Hungary,EURO,7587,593710,249,18952
2021-03-25,Hungary,EURO,9637,603347,272,19224
2021-03-26,Hungary,EURO,11265,614612,275,19499
2021-03-27,Hungary,EURO,10167,624779,253,19752
2021-03-28,Hungary,EURO,9082,633861,220,19972
2021-03-29,Hungary,EURO,7263,641124,189,20161
2021-03-30,Hungary,EURO,4609,645733,274,20435
2021-03-31,Hungary,EURO,6700,652433,302,20737
2021-04-01,Hungary,EURO,9288,661721,258,20995
2021-04-02,Hungary,EURO,9055,670776,267,21262
2021-04-03,Hungary,EURO,8637,679413,242,21504
2021-04-04,Hungary,EURO,6566,685979,211,21715
2021-04-05,Hungary,EURO,3874,689853,213,21928
2021-04-06,Hungary,EURO,1890,691743,170,22098
2021-04-07,Hungary,EURO,1933,693676,311,22409
2021-04-08,Hungary,EURO,4814,698490,272,22681
2021-04-09,Hungary,EURO,7325,705815,285,22966
2021-04-10,Hungary,EURO,8053,713868,245,23211
2021-04-11,Hungary,EURO,6296,720164,206,23417
2021-04-12,Hungary,EURO,5077,725241,291,23708
2021-04-13,Hungary,EURO,2837,728078,272,23980
2021-04-14,Hungary,EURO,3597,731675,285,24265
2021-04-15,Hungary,EURO,5307,736982,256,24521
2021-04-16,Hungary,EURO,5216,742198,241,24762
2021-04-17,Hungary,EURO,4604,746802,217,24979
2021-04-18,Hungary,EURO,3706,750508,205,25184
2021-04-19,Hungary,EURO,2680,753188,197,25381
2021-04-20,Hungary,EURO,1645,754833,199,25580
2021-04-21,Hungary,EURO,2527,757360,207,25787
2021-04-22,Hungary,EURO,3607,760967,214,26001
2021-04-23,Hungary,EURO,3427,764394,207,26208
2021-04-24,Hungary,EURO,2796,767190,212,26420
2021-04-25,Hungary,EURO,2328,769518,205,26625
2021-04-26,Hungary,EURO,1936,771454,176,26801
2021-04-27,Hungary,EURO,1253,772707,183,26984
2021-04-28,Hungary,EURO,1692,774399,188,27172
2021-04-29,Hungary,EURO,2584,776983,186,27358
2021-04-30,Hungary,EURO,2365,779348,182,27540
2021-05-01,Hungary,EURO,1951,781299,161,27701
2021-05-02,Hungary,EURO,1593,782892,101,27802
2021-05-03,Hungary,EURO,1219,784111,106,27908
2021-05-04,Hungary,EURO,726,784837,137,28045
2021-05-05,Hungary,EURO,1130,785967,128,28173
2021-05-06,Hungary,EURO,1680,787647,124,28297
2021-05-07,Hungary,EURO,1541,789188,106,28403
2021-05-08,Hungary,EURO,1376,790564,101,28504
2021-05-09,Hungary,EURO,1145,791709,98,28602
2021-05-10,Hungary,EURO,680,792389,91,28693
2021-05-11,Hungary,EURO,490,792879,99,28792
2021-05-12,Hungary,EURO,905,793784,96,28888
2021-05-13,Hungary,EURO,1416,795200,82,28970
2021-05-14,Hungary,EURO,1190,796390,71,29041
2021-05-15,Hungary,EURO,1039,797429,73,29114
2021-05-16,Hungary,EURO,718,798147,61,29175
2021-05-17,Hungary,EURO,426,798573,38,29213
2021-05-18,Hungary,EURO,382,798955,64,29277
2021-05-19,Hungary,EURO,633,799588,52,29329
2021-05-20,Hungary,EURO,780,800368,51,29380
2021-05-21,Hungary,EURO,657,801025,47,29427
2021-05-22,Hungary,EURO,647,801672,48,29475
2021-05-23,Hungary,EURO,416,802088,44,29519
2021-05-24,Hungary,EURO,258,802346,41,29560
2021-05-25,Hungary,EURO,164,802510,21,29581
2021-05-26,Hungary,EURO,213,802723,41,29622
2021-05-27,Hungary,EURO,396,803119,32,29654
2021-05-28,Hungary,EURO,448,803567,28,29682
2021-05-29,Hungary,EURO,465,804032,27,29709
2021-05-30,Hungary,EURO,0,804032,0,29709
2021-01-01,Iceland,EURO,0,5754,0,29
2021-01-02,Iceland,EURO,0,5754,0,29
2021-01-03,Iceland,EURO,0,5754,0,29
2021-01-04,Iceland,EURO,41,5795,0,29
2021-01-05,Iceland,EURO,0,5795,0,29
2021-01-06,Iceland,EURO,16,5811,0,29
2021-01-07,Iceland,EURO,21,5832,0,29
2021-01-08,Iceland,EURO,13,5845,0,29
2021-01-09,Iceland,EURO,22,5867,0,29
2021-01-10,Iceland,EURO,13,5880,0,29
2021-01-11,Iceland,EURO,10,5890,0,29
2021-01-12,Iceland,EURO,8,5898,0,29
2021-01-13,Iceland,EURO,14,5912,0,29
2021-01-14,Iceland,EURO,23,5935,0,29
2021-01-15,Iceland,EURO,13,5948,0,29
2021-01-16,Iceland,EURO,8,5956,0,29
2021-01-17,Iceland,EURO,0,5956,0,29
2021-01-18,Iceland,EURO,0,5956,0,29
2021-01-19,Iceland,EURO,14,5970,0,29
2021-01-20,Iceland,EURO,0,5970,0,29
2021-01-21,Iceland,EURO,5,5975,0,29
2021-01-22,Iceland,EURO,6,5981,0,29
2021-01-23,Iceland,EURO,0,5981,0,29
2021-01-24,Iceland,EURO,0,5981,0,29
2021-01-25,Iceland,EURO,9,5990,0,29
2021-01-26,Iceland,EURO,0,5990,0,29
2021-01-27,Iceland,EURO,2,5992,0,29
2021-01-28,Iceland,EURO,8,6000,0,29
2021-01-29,Iceland,EURO,1,6001,0,29
2021-01-30,Iceland,EURO,1,6002,0,29
2021-01-31,Iceland,EURO,0,6002,0,29
2021-02-01,Iceland,EURO,7,6009,0,29
2021-02-02,Iceland,EURO,0,6009,0,29
2021-02-03,Iceland,EURO,2,6011,0,29
2021-02-04,Iceland,EURO,2,6013,0,29
2021-02-05,Iceland,EURO,3,6016,0,29
2021-02-06,Iceland,EURO,4,6020,0,29
2021-02-07,Iceland,EURO,0,6020,0,29
2021-02-08,Iceland,EURO,0,6020,0,29
2021-02-09,Iceland,EURO,0,6020,0,29
2021-02-10,Iceland,EURO,5,6025,0,29
2021-02-11,Iceland,EURO,1,6026,0,29
2021-02-12,Iceland,EURO,0,6026,0,29
2021-02-13,Iceland,EURO,7,6033,0,29
2021-02-14,Iceland,EURO,0,6033,0,29
2021-02-15,Iceland,EURO,0,6033,0,29
2021-02-16,Iceland,EURO,6,6039,0,29
2021-02-17,Iceland,EURO,0,6039,0,29
2021-02-18,Iceland,EURO,5,6044,0,29
2021-02-19,Iceland,EURO,0,6044,0,29
2021-02-20,Iceland,EURO,1,6045,0,29
2021-02-21,Iceland,EURO,0,6045,0,29
2021-02-22,Iceland,EURO,0,6045,0,29
2021-02-23,Iceland,EURO,4,6049,0,29
2021-02-24,Iceland,EURO,0,6049,0,29
2021-02-25,Iceland,EURO,0,6049,0,29
2021-02-26,Iceland,EURO,0,6049,0,29
2021-02-27,Iceland,EURO,0,6049,0,29
2021-02-28,Iceland,EURO,0,6049,0,29
2021-03-01,Iceland,EURO,5,6054,0,29
2021-03-02,Iceland,EURO,1,6055,0,29
2021-03-03,Iceland,EURO,0,6055,0,29
2021-03-04,Iceland,EURO,3,6058,0,29
2021-03-05,Iceland,EURO,0,6058,0,29
2021-03-06,Iceland,EURO,1,6059,0,29
2021-03-07,Iceland,EURO,0,6059,0,29
2021-03-08,Iceland,EURO,5,6064,0,29
2021-03-09,Iceland,EURO,0,6064,0,29
2021-03-10,Iceland,EURO,3,6067,0,29
2021-03-11,Iceland,EURO,2,6069,0,29
2021-03-12,Iceland,EURO,3,6072,0,29
2021-03-13,Iceland,EURO,0,6072,0,29
2021-03-14,Iceland,EURO,0,6072,0,29
2021-03-15,Iceland,EURO,11,6083,0,29
2021-03-16,Iceland,EURO,0,6083,0,29
2021-03-17,Iceland,EURO,4,6087,0,29
2021-03-18,Iceland,EURO,4,6091,0,29
2021-03-19,Iceland,EURO,0,6091,0,29
2021-03-20,Iceland,EURO,6,6097,0,29
2021-03-21,Iceland,EURO,0,6097,0,29
2021-03-22,Iceland,EURO,22,6119,0,29
2021-03-23,Iceland,EURO,0,6119,0,29
2021-03-24,Iceland,EURO,3,6122,0,29
2021-03-25,Iceland,EURO,36,6158,0,29
2021-03-26,Iceland,EURO,5,6163,0,29
2021-03-27,Iceland,EURO,0,6163,0,29
2021-03-28,Iceland,EURO,0,6163,0,29
2021-03-29,Iceland,EURO,0,6163,0,29
2021-03-30,Iceland,EURO,20,6183,0,29
2021-03-31,Iceland,EURO,11,6194,0,29
2021-04-01,Iceland,EURO,11,6205,0,29
2021-04-02,Iceland,EURO,0,6205,0,29
2021-04-03,Iceland,EURO,0,6205,0,29
2021-04-04,Iceland,EURO,20,6225,0,29
2021-04-05,Iceland,EURO,0,6225,0,29
2021-04-06,Iceland,EURO,16,6241,0,29
2021-04-07,Iceland,EURO,0,6241,0,29
2021-04-08,Iceland,EURO,10,6251,0,29
2021-04-09,Iceland,EURO,5,6256,0,29
2021-04-10,Iceland,EURO,2,6258,0,29
2021-04-11,Iceland,EURO,0,6258,0,29
2021-04-12,Iceland,EURO,0,6258,0,29
2021-04-13,Iceland,EURO,9,6267,0,29
2021-04-14,Iceland,EURO,7,6274,0,29
2021-04-15,Iceland,EURO,1,6275,0,29
2021-04-16,Iceland,EURO,4,6279,0,29
2021-04-17,Iceland,EURO,7,6286,0,29
2021-04-18,Iceland,EURO,0,6286,0,29
2021-04-19,Iceland,EURO,0,6286,0,29
2021-04-20,Iceland,EURO,43,6329,0,29
2021-04-21,Iceland,EURO,21,6350,0,29
2021-04-22,Iceland,EURO,12,6362,0,29
2021-04-23,Iceland,EURO,17,6379,0,29
2021-04-24,Iceland,EURO,11,6390,0,29
2021-04-25,Iceland,EURO,0,6390,0,29
2021-04-26,Iceland,EURO,0,6390,0,29
2021-04-27,Iceland,EURO,39,6429,0,29
2021-04-28,Iceland,EURO,18,6447,0,29
2021-04-29,Iceland,EURO,9,6456,0,29
2021-04-30,Iceland,EURO,10,6466,0,29
2021-05-01,Iceland,EURO,6,6472,0,29
2021-05-02,Iceland,EURO,0,6472,0,29
2021-05-03,Iceland,EURO,0,6472,0,29
2021-05-04,Iceland,EURO,11,6483,0,29
2021-05-05,Iceland,EURO,8,6491,0,29
2021-05-06,Iceland,EURO,6,6497,0,29
2021-05-07,Iceland,EURO,3,6500,0,29
2021-05-08,Iceland,EURO,6,6506,0,29
2021-05-09,Iceland,EURO,0,6506,0,29
2021-05-10,Iceland,EURO,0,6506,0,29
2021-05-11,Iceland,EURO,13,6519,0,29
2021-05-12,Iceland,EURO,3,6522,0,29
2021-05-13,Iceland,EURO,4,6526,0,29
2021-05-14,Iceland,EURO,0,6526,0,29
2021-05-15,Iceland,EURO,11,6537,0,29
2021-05-16,Iceland,EURO,0,6537,0,29
2021-05-17,Iceland,EURO,0,6537,0,29
2021-05-18,Iceland,EURO,11,6548,0,29
2021-05-19,Iceland,EURO,1,6549,0,29
2021-05-20,Iceland,EURO,2,6551,0,29
2021-05-21,Iceland,EURO,4,6555,0,29
2021-05-22,Iceland,EURO,1,6556,0,29
2021-05-23,Iceland,EURO,0,6556,0,29
2021-05-24,Iceland,EURO,0,6556,0,29
2021-05-25,Iceland,EURO,4,6560,1,30
2021-05-26,Iceland,EURO,4,6564,0,30
2021-05-27,Iceland,EURO,0,6564,0,30
2021-05-28,Iceland,EURO,12,6576,0,30
2021-05-29,Iceland,EURO,0,6576,0,30
2021-05-30,Iceland,EURO,0,6576,0,30
2021-01-01,India,SEARO,20035,10286709,256,148994
2021-01-02,India,SEARO,19079,10305788,224,149218
2021-01-03,India,SEARO,18177,10323965,217,149435
2021-01-04,India,SEARO,16504,10340469,214,149649
2021-01-05,India,SEARO,16375,10356844,201,149850
2021-01-06,India,SEARO,18088,10374932,264,150114
2021-01-07,India,SEARO,20346,10395278,222,150336
2021-01-08,India,SEARO,18139,10413417,234,150570
2021-01-09,India,SEARO,18222,10431639,228,150798
2021-01-10,India,SEARO,18645,10450284,201,150999
2021-01-11,India,SEARO,16311,10466595,161,151160
2021-01-12,India,SEARO,12584,10479179,167,151327
2021-01-13,India,SEARO,15968,10495147,202,151529
2021-01-14,India,SEARO,16946,10512093,198,151727
2021-01-15,India,SEARO,15590,10527683,191,151918
2021-01-16,India,SEARO,15158,10542841,175,152093
2021-01-17,India,SEARO,15144,10557985,181,152274
2021-01-18,India,SEARO,13788,10571773,145,152419
2021-01-19,India,SEARO,10064,10581837,137,152556
2021-01-20,India,SEARO,13823,10595660,162,152718
2021-01-21,India,SEARO,15223,10610883,151,152869
2021-01-22,India,SEARO,14545,10625428,163,153032
2021-01-23,India,SEARO,14256,10639684,152,153184
2021-01-24,India,SEARO,14849,10654533,155,153339
2021-01-25,India,SEARO,13203,10667736,131,153470
2021-01-26,India,SEARO,9102,10676838,117,153587
2021-01-27,India,SEARO,12689,10689527,137,153724
2021-01-28,India,SEARO,11666,10701193,123,153847
2021-01-29,India,SEARO,18855,10720048,163,154010
2021-01-30,India,SEARO,13083,10733131,137,154147
2021-01-31,India,SEARO,13052,10746183,127,154274
2021-02-01,India,SEARO,11427,10757610,118,154392
2021-02-02,India,SEARO,8635,10766245,94,154486
2021-02-03,India,SEARO,11039,10777284,110,154596
2021-02-04,India,SEARO,12899,10790183,107,154703
2021-02-05,India,SEARO,12408,10802591,120,154823
2021-02-06,India,SEARO,11713,10814304,95,154918
2021-02-07,India,SEARO,12059,10826363,78,154996
2021-02-08,India,SEARO,11831,10838194,84,155080
2021-02-09,India,SEARO,9110,10847304,78,155158
2021-02-10,India,SEARO,11067,10858371,94,155252
2021-02-11,India,SEARO,12923,10871294,108,155360
2021-02-12,India,SEARO,9309,10880603,87,155447
2021-02-13,India,SEARO,12143,10892746,103,155550
2021-02-14,India,SEARO,12194,10904940,92,155642
2021-02-15,India,SEARO,11649,10916589,90,155732
2021-02-16,India,SEARO,9121,10925710,81,155813
2021-02-17,India,SEARO,11610,10937320,100,155913
2021-02-18,India,SEARO,12881,10950201,101,156014
2021-02-19,India,SEARO,13193,10963394,97,156111
2021-02-20,India,SEARO,13993,10977387,101,156212
2021-02-21,India,SEARO,14264,10991651,90,156302
2021-02-22,India,SEARO,14199,11005850,83,156385
2021-02-23,India,SEARO,10584,11016434,78,156463
2021-02-24,India,SEARO,13742,11030176,104,156567
2021-02-25,India,SEARO,16738,11046914,138,156705
2021-02-26,India,SEARO,16577,11063491,120,156825
2021-02-27,India,SEARO,16488,11079979,113,156938
2021-02-28,India,SEARO,16752,11096731,113,157051
2021-03-01,India,SEARO,15510,11112241,106,157157
2021-03-02,India,SEARO,12286,11124527,91,157248
2021-03-03,India,SEARO,14989,11139516,98,157346
2021-03-04,India,SEARO,17407,11156923,89,157435
2021-03-05,India,SEARO,16838,11173761,113,157548
2021-03-06,India,SEARO,18327,11192088,108,157656
2021-03-07,India,SEARO,18711,11210799,100,157756
2021-03-08,India,SEARO,18599,11229398,97,157853
2021-03-09,India,SEARO,15388,11244786,77,157930
2021-03-10,India,SEARO,17921,11262707,133,158063
2021-03-11,India,SEARO,22854,11285561,126,158189
2021-03-12,India,SEARO,23285,11308846,117,158306
2021-03-13,India,SEARO,24882,11333728,140,158446
2021-03-14,India,SEARO,25320,11359048,161,158607
2021-03-15,India,SEARO,26291,11385339,118,158725
2021-03-16,India,SEARO,24492,11409831,131,158856
2021-03-17,India,SEARO,28903,11438734,188,159044
2021-03-18,India,SEARO,35871,11474605,172,159216
2021-03-19,India,SEARO,39726,11514331,154,159370
2021-03-20,India,SEARO,40953,11555284,188,159558
2021-03-21,India,SEARO,43846,11599130,197,159755
2021-03-22,India,SEARO,46951,11646081,212,159967
2021-03-23,India,SEARO,40715,11686796,199,160166
2021-03-24,India,SEARO,47262,11734058,275,160441
2021-03-25,India,SEARO,53476,11787534,251,160692
2021-03-26,India,SEARO,59118,11846652,257,160949
2021-03-27,India,SEARO,62258,11908910,291,161240
2021-03-28,India,SEARO,62714,11971624,312,161552
2021-03-29,India,SEARO,68020,12039644,291,161843
2021-03-30,India,SEARO,56211,12095855,271,162114
2021-03-31,India,SEARO,53480,12149335,354,162468
2021-04-01,India,SEARO,72330,12221665,459,162927
2021-04-02,India,SEARO,81466,12303131,469,163396
2021-04-03,India,SEARO,89129,12392260,714,164110
2021-04-04,India,SEARO,93249,12485509,513,164623
2021-04-05,India,SEARO,103558,12589067,478,165101
2021-04-06,India,SEARO,96982,12686049,446,165547
2021-04-07,India,SEARO,115736,12801785,630,166177
2021-04-08,India,SEARO,126789,12928574,685,166862
2021-04-09,India,SEARO,131968,13060542,780,167642
2021-04-10,India,SEARO,145384,13205926,794,168436
2021-04-11,India,SEARO,152879,13358805,839,169275
2021-04-12,India,SEARO,168912,13527717,904,170179
2021-04-13,India,SEARO,161736,13689453,879,171058
2021-04-14,India,SEARO,184372,13873825,1027,172085
2021-04-15,India,SEARO,200739,14074564,1038,173123
2021-04-16,India,SEARO,217353,14291917,1185,174308
2021-04-17,India,SEARO,234692,14526609,1341,175649
2021-04-18,India,SEARO,261500,14788109,1501,177150
2021-04-19,India,SEARO,273810,15061919,1619,178769
2021-04-20,India,SEARO,259170,15321089,1761,180530
2021-04-21,India,SEARO,295041,15616130,2023,182553
2021-04-22,India,SEARO,314835,15930965,2104,184657
2021-04-23,India,SEARO,332730,16263695,2263,186920
2021-04-24,India,SEARO,346786,16610481,2624,189544
2021-04-25,India,SEARO,349691,16960172,2767,192311
2021-04-26,India,SEARO,352991,17313163,2812,195123
2021-04-27,India,SEARO,323144,17636307,2771,197894
2021-04-28,India,SEARO,360960,17997267,3293,201187
2021-04-29,India,SEARO,379257,18376524,3645,204832
2021-04-30,India,SEARO,386452,18762976,3498,208330
2021-05-01,India,SEARO,401993,19164969,3523,211853
2021-05-02,India,SEARO,392488,19557457,3689,215542
2021-05-03,India,SEARO,368147,19925604,3417,218959
2021-05-04,India,SEARO,357229,20282833,3449,222408
2021-05-05,India,SEARO,382315,20665148,3780,226188
2021-05-06,India,SEARO,412262,21077410,3980,230168
2021-05-07,India,SEARO,414188,21491598,3915,234083
2021-05-08,India,SEARO,401078,21892676,4187,238270
2021-05-09,India,SEARO,403738,22296414,4092,242362
2021-05-10,India,SEARO,366161,22662575,3754,246116
2021-05-11,India,SEARO,329942,22992517,3876,249992
2021-05-12,India,SEARO,348421,23340938,4205,254197
2021-05-13,India,SEARO,362727,23703665,4120,258317
2021-05-14,India,SEARO,343144,24046809,4000,262317
2021-05-15,India,SEARO,326098,24372907,3890,266207
2021-05-16,India,SEARO,311170,24684077,4077,270284
2021-05-17,India,SEARO,281386,24965463,4106,274390
2021-05-18,India,SEARO,263533,25228996,4329,278719
2021-05-19,India,SEARO,267334,25496330,4529,283248
2021-05-20,India,SEARO,276110,25772440,3874,287122
2021-05-21,India,SEARO,259551,26031991,4209,291331
2021-05-22,India,SEARO,257299,26289290,4194,295525
2021-05-23,India,SEARO,240842,26530132,3741,299266
2021-05-24,India,SEARO,222315,26752447,4454,303720
2021-05-25,India,SEARO,196427,26948874,3511,307231
2021-05-26,India,SEARO,208921,27157795,4157,311388
2021-05-27,India,SEARO,211298,27369093,3847,315235
2021-05-28,India,SEARO,186364,27555457,3660,318895
2021-05-29,India,SEARO,173790,27729247,3617,322512
2021-05-30,India,SEARO,165553,27894800,3460,325972
2021-01-01,Indonesia,SEARO,8072,751270,191,22329
2021-01-02,Indonesia,SEARO,7203,758473,226,22555
2021-01-03,Indonesia,SEARO,6877,765350,179,22734
2021-01-04,Indonesia,SEARO,6753,772103,177,22911
2021-01-05,Indonesia,SEARO,7445,779548,198,23109
2021-01-06,Indonesia,SEARO,8854,788402,187,23296
2021-01-07,Indonesia,SEARO,9321,797723,224,23520
2021-01-08,Indonesia,SEARO,10617,808340,233,23753
2021-01-09,Indonesia,SEARO,10046,818386,194,23947
2021-01-10,Indonesia,SEARO,9640,828026,182,24129
2021-01-11,Indonesia,SEARO,8692,836718,214,24343
2021-01-12,Indonesia,SEARO,10047,846765,302,24645
2021-01-13,Indonesia,SEARO,11278,858043,306,24951
2021-01-14,Indonesia,SEARO,11557,869600,295,25246
2021-01-15,Indonesia,SEARO,12818,882418,238,25484
2021-01-16,Indonesia,SEARO,14224,896642,283,25767
2021-01-17,Indonesia,SEARO,11287,907929,220,25987
2021-01-18,Indonesia,SEARO,9086,917015,295,26282
2021-01-19,Indonesia,SEARO,10365,927380,308,26590
2021-01-20,Indonesia,SEARO,12568,939948,267,26857
2021-01-21,Indonesia,SEARO,11703,951651,346,27203
2021-01-22,Indonesia,SEARO,13632,965283,250,27453
2021-01-23,Indonesia,SEARO,12191,977474,211,27664
2021-01-24,Indonesia,SEARO,11788,989262,171,27835
2021-01-25,Indonesia,SEARO,9994,999256,297,28132
2021-01-26,Indonesia,SEARO,13094,1012350,336,28468
2021-01-27,Indonesia,SEARO,11948,1024298,387,28855
2021-01-28,Indonesia,SEARO,13695,1037993,476,29331
2021-01-29,Indonesia,SEARO,13802,1051795,187,29518
2021-01-30,Indonesia,SEARO,14518,1066313,210,29728
2021-01-31,Indonesia,SEARO,12001,1078314,270,29998
2021-02-01,Indonesia,SEARO,10994,1089308,279,30277
2021-02-02,Indonesia,SEARO,10379,1099687,304,30581
2021-02-03,Indonesia,SEARO,11984,1111671,189,30770
2021-02-04,Indonesia,SEARO,11434,1123105,231,31001
2021-02-05,Indonesia,SEARO,11749,1134854,201,31202
2021-02-06,Indonesia,SEARO,12156,1147010,191,31393
2021-02-07,Indonesia,SEARO,10827,1157837,163,31556
2021-02-08,Indonesia,SEARO,8242,1166079,207,31763
2021-02-09,Indonesia,SEARO,8700,1174779,213,31976
2021-02-10,Indonesia,SEARO,8776,1183555,191,32167
2021-02-11,Indonesia,SEARO,8435,1191990,214,32381
2021-02-12,Indonesia,SEARO,9869,1201859,275,32656
2021-02-13,Indonesia,SEARO,8844,1210703,280,32936
2021-02-14,Indonesia,SEARO,6765,1217468,247,33183
2021-02-15,Indonesia,SEARO,6462,1223930,184,33367
2021-02-16,Indonesia,SEARO,10029,1233959,229,33596
2021-02-17,Indonesia,SEARO,9687,1243646,192,33788
2021-02-18,Indonesia,SEARO,9039,1252685,181,33969
2021-02-19,Indonesia,SEARO,10614,1263299,183,34152
2021-02-20,Indonesia,SEARO,8054,1271353,164,34316
2021-02-21,Indonesia,SEARO,7300,1278653,173,34489
2021-02-22,Indonesia,SEARO,10180,1288833,202,34691
2021-02-23,Indonesia,SEARO,9775,1298608,323,35014
2021-02-24,Indonesia,SEARO,7533,1306141,240,35254
2021-02-25,Indonesia,SEARO,8493,1314634,264,35518
2021-02-26,Indonesia,SEARO,8232,1322866,268,35786
2021-02-27,Indonesia,SEARO,6208,1329074,195,35981
2021-02-28,Indonesia,SEARO,5560,1334634,185,36166
2021-03-01,Indonesia,SEARO,6680,1341314,159,36325
2021-03-02,Indonesia,SEARO,5712,1347026,193,36518
2021-03-03,Indonesia,SEARO,6808,1353834,203,36721
2021-03-04,Indonesia,SEARO,7264,1361098,176,36897
2021-03-05,Indonesia,SEARO,6971,1368069,129,37026
2021-03-06,Indonesia,SEARO,5767,1373836,128,37154
2021-03-07,Indonesia,SEARO,5826,1379662,112,37266
2021-03-08,Indonesia,SEARO,6894,1386556,281,37547
2021-03-09,Indonesia,SEARO,6389,1392945,210,37757
2021-03-10,Indonesia,SEARO,5633,1398578,175,37932
2021-03-11,Indonesia,SEARO,5144,1403722,117,38049
2021-03-12,Indonesia,SEARO,6412,1410134,180,38229
2021-03-13,Indonesia,SEARO,4607,1414741,100,38329
2021-03-14,Indonesia,SEARO,4714,1419455,97,38426
2021-03-15,Indonesia,SEARO,5589,1425044,147,38573
2021-03-16,Indonesia,SEARO,5414,1430458,180,38753
2021-03-17,Indonesia,SEARO,6825,1437283,162,38915
2021-03-18,Indonesia,SEARO,6570,1443853,227,39142
2021-03-19,Indonesia,SEARO,6279,1450132,197,39339
2021-03-20,Indonesia,SEARO,5656,1455788,108,39447
2021-03-21,Indonesia,SEARO,4396,1460184,103,39550
2021-03-22,Indonesia,SEARO,5744,1465928,161,39711
2021-03-23,Indonesia,SEARO,5297,1471225,154,39865
2021-03-24,Indonesia,SEARO,5227,1476452,118,39983
2021-03-25,Indonesia,SEARO,6107,1482559,98,40081
2021-03-26,Indonesia,SEARO,4982,1487541,85,40166
2021-03-27,Indonesia,SEARO,4461,1492002,198,40364
2021-03-28,Indonesia,SEARO,4083,1496085,85,40449
2021-03-29,Indonesia,SEARO,5008,1501093,132,40581
2021-03-30,Indonesia,SEARO,4682,1505775,173,40754
2021-03-31,Indonesia,SEARO,5937,1511712,104,40858
2021-04-01,Indonesia,SEARO,6142,1517854,196,41054
2021-04-02,Indonesia,SEARO,5325,1523179,97,41151
2021-04-03,Indonesia,SEARO,4345,1527524,91,41242
2021-04-04,Indonesia,SEARO,6731,1534255,427,41669
2021-04-05,Indonesia,SEARO,3712,1537967,146,41815
2021-04-06,Indonesia,SEARO,4549,1542516,162,41977
2021-04-07,Indonesia,SEARO,4860,1547376,87,42064
2021-04-08,Indonesia,SEARO,5504,1552880,163,42227
2021-04-09,Indonesia,SEARO,5265,1558145,121,42348
2021-04-10,Indonesia,SEARO,4723,1562868,95,42443
2021-04-11,Indonesia,SEARO,4127,1566995,87,42530
2021-04-12,Indonesia,SEARO,4829,1571824,126,42656
2021-04-13,Indonesia,SEARO,5702,1577526,126,42782
2021-04-14,Indonesia,SEARO,5656,1583182,124,42906
2021-04-15,Indonesia,SEARO,6177,1589359,167,43073
2021-04-16,Indonesia,SEARO,5363,1594722,123,43196
2021-04-17,Indonesia,SEARO,5041,1599763,132,43328
2021-04-18,Indonesia,SEARO,4585,1604348,96,43424
2021-04-19,Indonesia,SEARO,4952,1609300,143,43567
2021-04-20,Indonesia,SEARO,5549,1614849,210,43777
2021-04-21,Indonesia,SEARO,5720,1620569,230,44007
2021-04-22,Indonesia,SEARO,6243,1626812,165,44172
2021-04-23,Indonesia,SEARO,5436,1632248,174,44346
2021-04-24,Indonesia,SEARO,4544,1636792,154,44500
2021-04-25,Indonesia,SEARO,4402,1641194,94,44594
2021-04-26,Indonesia,SEARO,5944,1647138,177,44771
2021-04-27,Indonesia,SEARO,4656,1651794,168,44939
2021-04-28,Indonesia,SEARO,5241,1657035,177,45116
2021-04-29,Indonesia,SEARO,5833,1662868,218,45334
2021-04-30,Indonesia,SEARO,5500,1668368,187,45521
2021-05-01,Indonesia,SEARO,4512,1672880,131,45652
2021-05-02,Indonesia,SEARO,4394,1677274,144,45796
2021-05-03,Indonesia,SEARO,4730,1682004,153,45949
2021-05-04,Indonesia,SEARO,4369,1686373,188,46137
2021-05-05,Indonesia,SEARO,5285,1691658,212,46349
2021-05-06,Indonesia,SEARO,5647,1697305,147,46496
2021-05-07,Indonesia,SEARO,6327,1703632,167,46663
2021-05-08,Indonesia,SEARO,6130,1709762,179,46842
2021-05-09,Indonesia,SEARO,3922,1713684,170,47012
2021-05-10,Indonesia,SEARO,4891,1718575,206,47218
2021-05-11,Indonesia,SEARO,5021,1723596,247,47465
2021-05-12,Indonesia,SEARO,4608,1728204,152,47617
2021-05-13,Indonesia,SEARO,3448,1731652,99,47716
2021-05-14,Indonesia,SEARO,2633,1734285,107,47823
2021-05-15,Indonesia,SEARO,2385,1736670,144,47967
2021-05-16,Indonesia,SEARO,3080,1739750,126,48093
2021-05-17,Indonesia,SEARO,4295,1744045,212,48305
2021-05-18,Indonesia,SEARO,4185,1748230,172,48477
2021-05-19,Indonesia,SEARO,4871,1753101,192,48669
2021-05-20,Indonesia,SEARO,5797,1758898,218,48887
2021-05-21,Indonesia,SEARO,5746,1764644,186,49073
2021-05-22,Indonesia,SEARO,5296,1769940,132,49205
2021-05-23,Indonesia,SEARO,5280,1775220,123,49328
2021-05-24,Indonesia,SEARO,5907,1781127,127,49455
2021-05-25,Indonesia,SEARO,5060,1786187,172,49627
2021-05-26,Indonesia,SEARO,5034,1791221,144,49771
2021-05-27,Indonesia,SEARO,6278,1797499,136,49907
2021-05-28,Indonesia,SEARO,5862,1803361,193,50100
2021-05-29,Indonesia,SEARO,6565,1809926,162,50262
2021-05-30,Indonesia,SEARO,6115,1816041,142,50404
2021-01-01,Iran (Islamic Republic of),EMRO,6390,1225143,128,55223
2021-01-02,Iran (Islamic Republic of),EMRO,6286,1231429,114,55337
2021-01-03,Iran (Islamic Republic of),EMRO,6045,1237474,101,55438
2021-01-04,Iran (Islamic Republic of),EMRO,5960,1243434,102,55540
2021-01-05,Iran (Islamic Republic of),EMRO,6073,1249507,110,55650
2021-01-06,Iran (Islamic Republic of),EMRO,6113,1255620,98,55748
2021-01-07,Iran (Islamic Republic of),EMRO,6283,1261903,82,55830
2021-01-08,Iran (Islamic Republic of),EMRO,6360,1268263,103,55933
2021-01-09,Iran (Islamic Republic of),EMRO,6251,1274514,85,56018
2021-01-10,Iran (Islamic Republic of),EMRO,5924,1280438,82,56100
2021-01-11,Iran (Islamic Republic of),EMRO,5968,1286406,71,56171
2021-01-12,Iran (Islamic Republic of),EMRO,6208,1292614,91,56262
2021-01-13,Iran (Islamic Republic of),EMRO,6408,1299022,98,56360
2021-01-14,Iran (Islamic Republic of),EMRO,6317,1305339,97,56457
2021-01-15,Iran (Islamic Republic of),EMRO,6471,1311810,81,56538
2021-01-16,Iran (Islamic Republic of),EMRO,6485,1318295,83,56621
2021-01-17,Iran (Islamic Republic of),EMRO,6100,1324395,96,56717
2021-01-18,Iran (Islamic Republic of),EMRO,6016,1330411,86,56803
2021-01-19,Iran (Islamic Republic of),EMRO,5806,1336217,83,56886
2021-01-20,Iran (Islamic Republic of),EMRO,5917,1342134,87,56973
2021-01-21,Iran (Islamic Republic of),EMRO,6182,1348316,84,57057
2021-01-22,Iran (Islamic Republic of),EMRO,6204,1354520,93,57150
2021-01-23,Iran (Islamic Republic of),EMRO,6305,1360825,75,57225
2021-01-24,Iran (Islamic Republic of),EMRO,6207,1367032,69,57294
2021-01-25,Iran (Islamic Republic of),EMRO,5945,1372977,89,57383
2021-01-26,Iran (Islamic Republic of),EMRO,6309,1379286,98,57481
2021-01-27,Iran (Islamic Republic of),EMRO,6420,1385706,79,57560
2021-01-28,Iran (Islamic Republic of),EMRO,6608,1392314,91,57651
2021-01-29,Iran (Islamic Republic of),EMRO,6527,1398841,85,57736
2021-01-30,Iran (Islamic Republic of),EMRO,6573,1405414,71,57807
2021-01-31,Iran (Islamic Republic of),EMRO,6317,1411731,82,57889
2021-02-01,Iran (Islamic Republic of),EMRO,6268,1417999,70,57959
2021-02-02,Iran (Islamic Republic of),EMRO,6597,1424596,79,58038
2021-02-03,Iran (Islamic Republic of),EMRO,6820,1431416,72,58110
2021-02-04,Iran (Islamic Republic of),EMRO,6870,1438286,79,58189
2021-02-05,Iran (Islamic Republic of),EMRO,7040,1445326,67,58256
2021-02-06,Iran (Islamic Republic of),EMRO,7061,1452387,80,58336
2021-02-07,Iran (Islamic Republic of),EMRO,6983,1459370,76,58412
2021-02-08,Iran (Islamic Republic of),EMRO,7065,1466435,57,58469
2021-02-09,Iran (Islamic Republic of),EMRO,7321,1473756,67,58536
2021-02-10,Iran (Islamic Republic of),EMRO,7640,1481396,89,58625
2021-02-11,Iran (Islamic Republic of),EMRO,7585,1488981,61,58686
2021-02-12,Iran (Islamic Republic of),EMRO,7474,1496455,65,58751
2021-02-13,Iran (Islamic Republic of),EMRO,7298,1503753,58,58809
2021-02-14,Iran (Islamic Republic of),EMRO,7120,1510873,74,58883
2021-02-15,Iran (Islamic Republic of),EMRO,7390,1518263,62,58945
2021-02-16,Iran (Islamic Republic of),EMRO,7760,1526023,83,59028
2021-02-17,Iran (Islamic Republic of),EMRO,8011,1534034,89,59117
2021-02-18,Iran (Islamic Republic of),EMRO,8042,1542076,67,59184
2021-02-19,Iran (Islamic Republic of),EMRO,8066,1550142,80,59264
2021-02-20,Iran (Islamic Republic of),EMRO,8017,1558159,77,59341
2021-02-21,Iran (Islamic Republic of),EMRO,7922,1566081,68,59409
2021-02-22,Iran (Islamic Republic of),EMRO,7931,1574012,74,59483
2021-02-23,Iran (Islamic Republic of),EMRO,8263,1582275,89,59572
2021-02-24,Iran (Islamic Republic of),EMRO,8330,1590605,91,59663
2021-02-25,Iran (Islamic Republic of),EMRO,8270,1598875,73,59736
2021-02-26,Iran (Islamic Republic of),EMRO,8206,1607081,94,59830
2021-02-27,Iran (Islamic Republic of),EMRO,8103,1615184,69,59899
2021-02-28,Iran (Islamic Republic of),EMRO,7975,1623159,81,59980
2021-03-01,Iran (Islamic Republic of),EMRO,8010,1631169,93,60073
2021-03-02,Iran (Islamic Republic of),EMRO,8510,1639679,108,60181
2021-03-03,Iran (Islamic Republic of),EMRO,8495,1648174,86,60267
2021-03-04,Iran (Islamic Republic of),EMRO,8525,1656699,86,60353
2021-03-05,Iran (Islamic Republic of),EMRO,8404,1665103,78,60431
2021-03-06,Iran (Islamic Republic of),EMRO,8367,1673470,81,60512
2021-03-07,Iran (Islamic Republic of),EMRO,8212,1681682,82,60594
2021-03-08,Iran (Islamic Republic of),EMRO,8010,1689692,93,60687
2021-03-09,Iran (Islamic Republic of),EMRO,8313,1698005,99,60786
2021-03-10,Iran (Islamic Republic of),EMRO,8554,1706559,81,60867
2021-03-11,Iran (Islamic Republic of),EMRO,8603,1715162,61,60928
2021-03-12,Iran (Islamic Republic of),EMRO,8308,1723470,88,61016
2021-03-13,Iran (Islamic Republic of),EMRO,8088,1731558,53,61069
2021-03-14,Iran (Islamic Republic of),EMRO,7802,1739360,73,61142
2021-03-15,Iran (Islamic Republic of),EMRO,7593,1746953,88,61230
2021-03-16,Iran (Islamic Republic of),EMRO,7980,1754933,100,61330
2021-03-17,Iran (Islamic Republic of),EMRO,8380,1763313,97,61427
2021-03-18,Iran (Islamic Republic of),EMRO,7802,1771115,65,61492
2021-03-19,Iran (Islamic Republic of),EMRO,7530,1778645,89,61581
2021-03-20,Iran (Islamic Republic of),EMRO,7620,1786265,68,61649
2021-03-21,Iran (Islamic Republic of),EMRO,7540,1793805,75,61724
2021-03-22,Iran (Islamic Republic of),EMRO,7260,1801065,73,61797
2021-03-23,Iran (Islamic Republic of),EMRO,7357,1808422,80,61877
2021-03-24,Iran (Islamic Republic of),EMRO,7290,1815712,74,61951
2021-03-25,Iran (Islamic Republic of),EMRO,7605,1823317,94,62045
2021-03-26,Iran (Islamic Republic of),EMRO,7506,1830823,97,62142
2021-03-27,Iran (Islamic Republic of),EMRO,7980,1838803,81,62223
2021-03-28,Iran (Islamic Republic of),EMRO,8120,1846923,85,62308
2021-03-29,Iran (Islamic Republic of),EMRO,8751,1855674,89,62397
2021-03-30,Iran (Islamic Republic of),EMRO,9310,1864984,81,62478
2021-03-31,Iran (Islamic Republic of),EMRO,10250,1875234,91,62569
2021-04-01,Iran (Islamic Republic of),EMRO,10330,1885564,96,62665
2021-04-02,Iran (Islamic Republic of),EMRO,11750,1897314,94,62759
2021-04-03,Iran (Islamic Republic of),EMRO,11660,1908974,117,62876
2021-04-04,Iran (Islamic Republic of),EMRO,11420,1920394,123,62999
2021-04-05,Iran (Islamic Republic of),EMRO,11680,1932074,161,63160
2021-04-06,Iran (Islamic Republic of),EMRO,13890,1945964,172,63332
2021-04-07,Iran (Islamic Republic of),EMRO,17430,1963394,174,63506
2021-04-08,Iran (Islamic Republic of),EMRO,20954,1984348,193,63699
2021-04-09,Iran (Islamic Republic of),EMRO,22586,2006934,185,63884
2021-04-10,Iran (Islamic Republic of),EMRO,22478,2029412,155,64039
2021-04-11,Iran (Islamic Republic of),EMRO,19666,2049078,193,64232
2021-04-12,Iran (Islamic Republic of),EMRO,21063,2070141,258,64490
2021-04-13,Iran (Islamic Republic of),EMRO,23311,2093452,274,64764
2021-04-14,Iran (Islamic Republic of),EMRO,24760,2118212,291,65055
2021-04-15,Iran (Islamic Republic of),EMRO,25582,2143794,304,65359
2021-04-16,Iran (Islamic Republic of),EMRO,25078,2168872,321,65680
2021-04-17,Iran (Islamic Republic of),EMRO,25261,2194133,328,66008
2021-04-18,Iran (Islamic Republic of),EMRO,21312,2215445,319,66327
2021-04-19,Iran (Islamic Republic of),EMRO,21644,2237089,405,66732
2021-04-20,Iran (Islamic Republic of),EMRO,24346,2261435,398,67130
2021-04-21,Iran (Islamic Republic of),EMRO,25492,2286927,395,67525
2021-04-22,Iran (Islamic Republic of),EMRO,24886,2311813,388,67913
2021-04-23,Iran (Islamic Republic of),EMRO,24092,2335905,453,68366
2021-04-24,Iran (Islamic Republic of),EMRO,22904,2358809,380,68746
2021-04-25,Iran (Islamic Republic of),EMRO,18230,2377039,374,69120
2021-04-26,Iran (Islamic Republic of),EMRO,19165,2396204,454,69574
2021-04-27,Iran (Islamic Republic of),EMRO,21026,2417230,496,70070
2021-04-28,Iran (Islamic Republic of),EMRO,20963,2438193,462,70532
2021-04-29,Iran (Islamic Republic of),EMRO,21713,2459906,434,70966
2021-04-30,Iran (Islamic Republic of),EMRO,19899,2479805,385,71351
2021-05-01,Iran (Islamic Republic of),EMRO,19272,2499077,407,71758
2021-05-02,Iran (Islamic Republic of),EMRO,17080,2516157,332,72090
2021-05-03,Iran (Islamic Republic of),EMRO,18698,2534855,394,72484
2021-05-04,Iran (Islamic Republic of),EMRO,20732,2555587,391,72875
2021-05-05,Iran (Islamic Republic of),EMRO,20150,2575737,344,73219
2021-05-06,Iran (Islamic Republic of),EMRO,15872,2591609,349,73568
2021-05-07,Iran (Islamic Republic of),EMRO,18409,2610018,338,73906
2021-05-08,Iran (Islamic Republic of),EMRO,17076,2627094,335,74241
2021-05-09,Iran (Islamic Republic of),EMRO,13576,2640670,283,74524
2021-05-10,Iran (Islamic Republic of),EMRO,14141,2654811,386,74910
2021-05-11,Iran (Islamic Republic of),EMRO,18408,2673219,351,75261
2021-05-12,Iran (Islamic Republic of),EMRO,18133,2691352,307,75568
2021-05-13,Iran (Islamic Republic of),EMRO,16409,2707761,366,75934
2021-05-14,Iran (Islamic Republic of),EMRO,14246,2722007,297,76231
2021-05-15,Iran (Islamic Republic of),EMRO,10145,2732152,202,76433
2021-05-16,Iran (Islamic Republic of),EMRO,7723,2739875,200,76633
2021-05-17,Iran (Islamic Republic of),EMRO,11291,2751166,303,76936
2021-05-18,Iran (Islamic Republic of),EMRO,14319,2765485,286,77222
2021-05-19,Iran (Islamic Republic of),EMRO,13930,2779415,310,77532
2021-05-20,Iran (Islamic Republic of),EMRO,12789,2792204,233,77765
2021-05-21,Iran (Islamic Republic of),EMRO,12428,2804632,229,77994
2021-05-22,Iran (Islamic Republic of),EMRO,11250,2815882,200,78194
2021-05-23,Iran (Islamic Republic of),EMRO,8005,2823887,187,78381
2021-05-24,Iran (Islamic Republic of),EMRO,8631,2832518,216,78597
2021-05-25,Iran (Islamic Republic of),EMRO,11005,2843523,251,78848
2021-05-26,Iran (Islamic Republic of),EMRO,11873,2855396,208,79056
2021-05-27,Iran (Islamic Republic of),EMRO,10468,2865864,163,79219
2021-05-28,Iran (Islamic Republic of),EMRO,9994,2875858,165,79384
2021-05-29,Iran (Islamic Republic of),EMRO,10253,2886111,184,79568
2021-05-30,Iran (Islamic Republic of),EMRO,7107,2893218,173,79741
2021-01-01,Iraq,EMRO,849,595291,5,12813
2021-01-02,Iraq,EMRO,902,596193,11,12824
2021-01-03,Iraq,EMRO,840,597033,5,12829
2021-01-04,Iraq,EMRO,741,597774,5,12834
2021-01-05,Iraq,EMRO,595,598369,10,12844
2021-01-06,Iraq,EMRO,757,599126,12,12856
2021-01-07,Iraq,EMRO,839,599965,9,12865
2021-01-08,Iraq,EMRO,790,600755,4,12869
2021-01-09,Iraq,EMRO,669,601424,8,12877
2021-01-10,Iraq,EMRO,907,602331,4,12881
2021-01-11,Iraq,EMRO,607,602938,14,12895
2021-01-12,Iraq,EMRO,801,603739,11,12906
2021-01-13,Iraq,EMRO,810,604549,5,12911
2021-01-14,Iraq,EMRO,867,605416,4,12915
2021-01-15,Iraq,EMRO,770,606186,7,12922
2021-01-16,Iraq,EMRO,805,606991,10,12932
2021-01-17,Iraq,EMRO,596,607587,3,12935
2021-01-18,Iraq,EMRO,645,608232,9,12944
2021-01-19,Iraq,EMRO,797,609029,9,12953
2021-01-20,Iraq,EMRO,823,609852,9,12962
2021-01-21,Iraq,EMRO,746,610598,6,12968
2021-01-22,Iraq,EMRO,809,611407,9,12977
2021-01-23,Iraq,EMRO,685,612092,7,12984
2021-01-24,Iraq,EMRO,778,612870,4,12988
2021-01-25,Iraq,EMRO,893,613763,5,12993
2021-01-26,Iraq,EMRO,813,614576,7,13000
2021-01-27,Iraq,EMRO,804,615380,10,13010
2021-01-28,Iraq,EMRO,879,616259,8,13018
2021-01-29,Iraq,EMRO,943,617202,6,13024
2021-01-30,Iraq,EMRO,945,618147,12,13036
2021-01-31,Iraq,EMRO,775,618922,5,13041
2021-02-01,Iraq,EMRO,714,619636,6,13047
2021-02-02,Iraq,EMRO,984,620620,10,13057
2021-02-03,Iraq,EMRO,1135,621755,11,13068
2021-02-04,Iraq,EMRO,1317,623072,11,13079
2021-02-05,Iraq,EMRO,1150,624222,12,13091
2021-02-06,Iraq,EMRO,1534,625756,12,13103
2021-02-07,Iraq,EMRO,1660,627416,8,13111
2021-02-08,Iraq,EMRO,1134,628550,9,13120
2021-02-09,Iraq,EMRO,1713,630263,6,13126
2021-02-10,Iraq,EMRO,1994,632257,8,13134
2021-02-11,Iraq,EMRO,2282,634539,6,13140
2021-02-12,Iraq,EMRO,2369,636908,4,13144
2021-02-13,Iraq,EMRO,2530,639438,13,13157
2021-02-14,Iraq,EMRO,2190,641628,7,13164
2021-02-15,Iraq,EMRO,2224,643852,15,13179
2021-02-16,Iraq,EMRO,2798,646650,6,13185
2021-02-17,Iraq,EMRO,3332,649982,7,13192
2021-02-18,Iraq,EMRO,3575,653557,12,13204
2021-02-19,Iraq,EMRO,3896,657453,16,13220
2021-02-20,Iraq,EMRO,4024,661477,12,13232
2021-02-21,Iraq,EMRO,3273,664750,13,13245
2021-02-22,Iraq,EMRO,3187,667937,27,13272
2021-02-23,Iraq,EMRO,3864,671801,23,13295
2021-02-24,Iraq,EMRO,4181,675982,16,13311
2021-02-25,Iraq,EMRO,4306,680288,13,13324
2021-02-26,Iraq,EMRO,4074,684362,27,13351
2021-02-27,Iraq,EMRO,4336,688698,14,13365
2021-02-28,Iraq,EMRO,3543,692241,18,13383
2021-03-01,Iraq,EMRO,3248,695489,23,13406
2021-03-02,Iraq,EMRO,3599,699088,22,13428
2021-03-03,Iraq,EMRO,4690,703778,30,13458
2021-03-04,Iraq,EMRO,5173,708951,25,13483
2021-03-05,Iraq,EMRO,5043,713994,24,13507
2021-03-06,Iraq,EMRO,5127,719121,30,13537
2021-03-07,Iraq,EMRO,4068,723189,11,13548
2021-03-08,Iraq,EMRO,3359,726548,24,13572
2021-03-09,Iraq,EMRO,4468,731016,24,13596
2021-03-10,Iraq,EMRO,4610,735626,22,13618
2021-03-11,Iraq,EMRO,4846,740472,27,13645
2021-03-12,Iraq,EMRO,5170,745642,26,13671
2021-03-13,Iraq,EMRO,4622,750264,25,13696
2021-03-14,Iraq,EMRO,4054,754318,23,13719
2021-03-15,Iraq,EMRO,3866,758184,32,13751
2021-03-16,Iraq,EMRO,4901,763085,37,13788
2021-03-17,Iraq,EMRO,5267,768352,39,13827
2021-03-18,Iraq,EMRO,5663,774015,33,13860
2021-03-19,Iraq,EMRO,5443,779458,36,13896
2021-03-20,Iraq,EMRO,5258,784716,41,13937
2021-03-21,Iraq,EMRO,4674,789390,32,13969
2021-03-22,Iraq,EMRO,4502,793892,38,14007
2021-03-23,Iraq,EMRO,4655,798547,29,14036
2021-03-24,Iraq,EMRO,4494,803041,30,14066
2021-03-25,Iraq,EMRO,6051,809092,29,14095
2021-03-26,Iraq,EMRO,6513,815605,33,14128
2021-03-27,Iraq,EMRO,6490,822095,29,14157
2021-03-28,Iraq,EMRO,5062,827157,20,14177
2021-03-29,Iraq,EMRO,5271,832428,35,14212
2021-03-30,Iraq,EMRO,5837,838265,37,14249
2021-03-31,Iraq,EMRO,5995,844260,37,14286
2021-04-01,Iraq,EMRO,6664,850924,37,14323
2021-04-02,Iraq,EMRO,6015,856939,37,14360
2021-04-03,Iraq,EMRO,5882,862821,30,14390
2021-04-04,Iraq,EMRO,5379,868200,40,14430
2021-04-05,Iraq,EMRO,5368,873568,33,14463
2021-04-06,Iraq,EMRO,6423,879991,39,14502
2021-04-07,Iraq,EMRO,7300,887291,33,14535
2021-04-08,Iraq,EMRO,8331,895622,37,14572
2021-04-09,Iraq,EMRO,7817,903439,34,14606
2021-04-10,Iraq,EMRO,7937,911376,35,14641
2021-04-11,Iraq,EMRO,6779,918155,37,14678
2021-04-12,Iraq,EMRO,6791,924946,35,14713
2021-04-13,Iraq,EMRO,7953,932899,44,14757
2021-04-14,Iraq,EMRO,8179,941078,39,14796
2021-04-15,Iraq,EMRO,7972,949050,40,14836
2021-04-16,Iraq,EMRO,7810,956860,49,14885
2021-04-17,Iraq,EMRO,7575,964435,30,14915
2021-04-18,Iraq,EMRO,6552,970987,33,14948
2021-04-19,Iraq,EMRO,6188,977175,33,14981
2021-04-20,Iraq,EMRO,7775,984950,45,15026
2021-04-21,Iraq,EMRO,8208,993158,34,15060
2021-04-22,Iraq,EMRO,8696,1001854,38,15098
2021-04-23,Iraq,EMRO,8450,1010304,30,15128
2021-04-24,Iraq,EMRO,8017,1018321,46,15174
2021-04-25,Iraq,EMRO,6967,1025288,43,15217
2021-04-26,Iraq,EMRO,6034,1031322,40,15257
2021-04-27,Iraq,EMRO,6536,1037858,46,15303
2021-04-28,Iraq,EMRO,7152,1045010,45,15348
2021-04-29,Iraq,EMRO,6858,1051868,44,15392
2021-04-30,Iraq,EMRO,6926,1058794,41,15433
2021-05-01,Iraq,EMRO,6405,1065199,32,15465
2021-05-02,Iraq,EMRO,5167,1070366,33,15498
2021-05-03,Iraq,EMRO,4564,1074930,38,15536
2021-05-04,Iraq,EMRO,5068,1079998,30,15566
2021-05-05,Iraq,EMRO,6143,1086141,42,15608
2021-05-06,Iraq,EMRO,5813,1091954,32,15640
2021-05-07,Iraq,EMRO,6233,1098187,33,15673
2021-05-08,Iraq,EMRO,5763,1103950,29,15702
2021-05-09,Iraq,EMRO,4608,1108558,39,15741
2021-05-10,Iraq,EMRO,4167,1112725,30,15771
2021-05-11,Iraq,EMRO,4902,1117627,29,15800
2021-05-12,Iraq,EMRO,5287,1122914,34,15834
2021-05-13,Iraq,EMRO,4666,1127580,21,15855
2021-05-14,Iraq,EMRO,4512,1132092,28,15883
2021-05-15,Iraq,EMRO,2767,1134859,27,15910
2021-05-16,Iraq,EMRO,2058,1136917,20,15930
2021-05-17,Iraq,EMRO,2456,1139373,26,15956
2021-05-18,Iraq,EMRO,3552,1142925,41,15997
2021-05-19,Iraq,EMRO,4023,1146948,32,16029
2021-05-20,Iraq,EMRO,4609,1151557,40,16069
2021-05-21,Iraq,EMRO,4580,1156137,33,16102
2021-05-22,Iraq,EMRO,4357,1160494,35,16137
2021-05-23,Iraq,EMRO,3655,1164149,21,16158
2021-05-24,Iraq,EMRO,3791,1167940,32,16190
2021-05-25,Iraq,EMRO,4102,1172042,24,16214
2021-05-26,Iraq,EMRO,4938,1176980,27,16241
2021-05-27,Iraq,EMRO,4718,1181698,26,16267
2021-05-28,Iraq,EMRO,4611,1186309,22,16289
2021-05-29,Iraq,EMRO,4042,1190351,22,16311
2021-05-30,Iraq,EMRO,3257,1193608,23,16334
2021-01-01,Ireland,EURO,1767,90554,12,2197
2021-01-02,Ireland,EURO,1754,92308,11,2208
2021-01-03,Ireland,EURO,3394,95702,4,2212
2021-01-04,Ireland,EURO,4962,100664,7,2219
2021-01-05,Ireland,EURO,6110,106774,6,2225
2021-01-06,Ireland,EURO,5325,112099,17,2242
2021-01-07,Ireland,EURO,7836,119935,17,2259
2021-01-08,Ireland,EURO,6521,126456,10,2269
2021-01-09,Ireland,EURO,8248,134704,20,2289
2021-01-10,Ireland,EURO,4842,139546,9,2298
2021-01-11,Ireland,EURO,6888,146434,8,2306
2021-01-12,Ireland,EURO,4929,151363,8,2314
2021-01-13,Ireland,EURO,3086,154449,46,2360
2021-01-14,Ireland,EURO,3569,158018,63,2423
2021-01-15,Ireland,EURO,3955,161973,28,2451
2021-01-16,Ireland,EURO,3498,165471,50,2501
2021-01-17,Ireland,EURO,3231,168702,60,2561
2021-01-18,Ireland,EURO,2944,171646,13,2574
2021-01-19,Ireland,EURO,2121,173767,8,2582
2021-01-20,Ireland,EURO,2001,175768,93,2675
2021-01-21,Ireland,EURO,2488,178256,61,2736
2021-01-22,Ireland,EURO,2608,180864,51,2787
2021-01-23,Ireland,EURO,2371,183235,52,2839
2021-01-24,Ireland,EURO,1910,185145,77,2916
2021-01-25,Ireland,EURO,1378,186523,23,2939
2021-01-26,Ireland,EURO,1372,187895,7,2946
2021-01-27,Ireland,EURO,928,188823,90,3036
2021-01-28,Ireland,EURO,1335,190158,54,3090
2021-01-29,Ireland,EURO,1466,191624,47,3137
2021-01-30,Ireland,EURO,1254,192878,48,3185
2021-01-31,Ireland,EURO,1414,194292,79,3264
2021-02-01,Ireland,EURO,1247,195539,15,3279
2021-02-02,Ireland,EURO,1062,196601,10,3289
2021-02-03,Ireland,EURO,879,197480,101,3390
2021-02-04,Ireland,EURO,1013,198493,94,3484
2021-02-05,Ireland,EURO,1318,199811,75,3559
2021-02-06,Ireland,EURO,1047,200858,35,3594
2021-02-07,Ireland,EURO,827,201685,55,3649
2021-02-08,Ireland,EURO,1024,202709,12,3661
2021-02-09,Ireland,EURO,829,203538,6,3667
2021-02-10,Ireland,EURO,556,204094,68,3735
2021-02-11,Ireland,EURO,1006,205100,54,3789
2021-02-12,Ireland,EURO,867,205967,52,3841
2021-02-13,Ireland,EURO,921,206888,23,3864
2021-02-14,Ireland,EURO,1078,207966,66,3930
2021-02-15,Ireland,EURO,788,208754,17,3947
2021-02-16,Ireland,EURO,821,209575,0,3947
2021-02-17,Ireland,EURO,744,210319,33,3980
2021-02-18,Ireland,EURO,650,210969,57,4037
2021-02-19,Ireland,EURO,901,211870,47,4084
2021-02-20,Ireland,EURO,763,212633,28,4112
2021-02-21,Ireland,EURO,988,213621,26,4138
2021-02-22,Ireland,EURO,679,214300,1,4139
2021-02-23,Ireland,EURO,686,214986,1,4140
2021-02-24,Ireland,EURO,575,215561,45,4185
2021-02-25,Ireland,EURO,574,216135,56,4241
2021-02-26,Ireland,EURO,613,216748,35,4276
2021-02-27,Ireland,EURO,776,217524,29,4305
2021-02-28,Ireland,EURO,738,218262,13,4318
2021-03-01,Ireland,EURO,612,218874,6,4324
2021-03-02,Ireland,EURO,687,219561,1,4325
2021-03-03,Ireland,EURO,369,219930,14,4339
2021-03-04,Ireland,EURO,566,220496,25,4364
2021-03-05,Ireland,EURO,462,220958,39,4403
2021-03-06,Ireland,EURO,522,221480,9,4412
2021-03-07,Ireland,EURO,539,222019,14,4426
2021-03-08,Ireland,EURO,525,222544,3,4429
2021-03-09,Ireland,EURO,437,222981,0,4429
2021-03-10,Ireland,EURO,311,223292,30,4459
2021-03-11,Ireland,EURO,631,223923,47,4506
2021-03-12,Ireland,EURO,592,224515,10,4516
2021-03-13,Ireland,EURO,646,225161,10,4526
2021-03-14,Ireland,EURO,543,225704,16,4542
2021-03-15,Ireland,EURO,384,226088,0,4542
2021-03-16,Ireland,EURO,575,226663,0,4542
2021-03-17,Ireland,EURO,349,227012,18,4560
2021-03-18,Ireland,EURO,557,227569,17,4577
2021-03-19,Ireland,EURO,582,228151,0,4577
2021-03-20,Ireland,EURO,507,228658,10,4587
2021-03-21,Ireland,EURO,525,229183,9,4596
2021-03-22,Ireland,EURO,769,229952,2,4598
2021-03-23,Ireland,EURO,520,230472,1,4599
2021-03-24,Ireland,EURO,371,230843,24,4623
2021-03-25,Ireland,EURO,683,231526,18,4641
2021-03-26,Ireland,EURO,606,232132,3,4644
2021-03-27,Ireland,EURO,584,232716,20,4664
2021-03-28,Ireland,EURO,624,233340,2,4666
2021-03-29,Ireland,EURO,604,233944,13,4679
2021-03-30,Ireland,EURO,539,234483,1,4680
2021-03-31,Ireland,EURO,368,234851,14,4694
2021-04-01,Ireland,EURO,411,235262,6,4700
2021-04-02,Ireland,EURO,761,236023,18,4718
2021-04-03,Ireland,EURO,591,236614,8,4726
2021-04-04,Ireland,EURO,511,237125,2,4728
2021-04-05,Ireland,EURO,457,237582,3,4731
2021-04-06,Ireland,EURO,320,237902,0,4731
2021-04-07,Ireland,EURO,443,238345,9,4740
2021-04-08,Ireland,EURO,423,238768,5,4745
2021-04-09,Ireland,EURO,400,239168,7,4752
2021-04-10,Ireland,EURO,473,239641,34,4786
2021-04-11,Ireland,EURO,455,240096,14,4800
2021-04-12,Ireland,EURO,303,240399,2,4802
2021-04-13,Ireland,EURO,394,240793,0,4802
2021-04-14,Ireland,EURO,358,241151,18,4820
2021-04-15,Ireland,EURO,431,241582,12,4832
2021-04-16,Ireland,EURO,309,241891,8,4840
2021-04-17,Ireland,EURO,420,242311,11,4851
2021-04-18,Ireland,EURO,420,242731,4,4855
2021-04-19,Ireland,EURO,269,243000,1,4856
2021-04-20,Ireland,EURO,403,243403,0,4856
2021-04-21,Ireland,EURO,390,243793,11,4867
2021-04-22,Ireland,EURO,401,244194,15,4882
2021-04-23,Ireland,EURO,617,244811,10,4892
2021-04-24,Ireland,EURO,434,245245,1,4893
2021-04-25,Ireland,EURO,461,245706,5,4898
2021-04-26,Ireland,EURO,429,246135,1,4899
2021-04-27,Ireland,EURO,437,246572,1,4900
2021-04-28,Ireland,EURO,426,246998,10,4910
2021-04-29,Ireland,EURO,371,247369,13,4923
2021-04-30,Ireland,EURO,474,247843,3,4926
2021-05-01,Ireland,EURO,545,248388,4,4930
2021-05-02,Ireland,EURO,569,248957,3,4933
2021-05-03,Ireland,EURO,402,249359,1,4934
2021-05-04,Ireland,EURO,453,249812,0,4934
2021-05-05,Ireland,EURO,383,250195,2,4936
2021-05-06,Ireland,EURO,418,250613,7,4943
2021-05-07,Ireland,EURO,393,251006,8,4951
2021-05-08,Ireland,EURO,434,251440,4,4955
2021-05-09,Ireland,EURO,408,251848,1,4956
2021-05-10,Ireland,EURO,514,252362,2,4958
2021-05-11,Ireland,EURO,381,252743,0,4958
2021-05-12,Ireland,EURO,379,253122,9,4967
2021-05-13,Ireland,EURO,448,253570,8,4975
2021-05-14,Ireland,EURO,456,254026,0,4975
2021-05-15,Ireland,EURO,425,254451,4,4979
2021-05-16,Ireland,EURO,461,254912,0,4979
2021-05-17,Ireland,EURO,375,255287,0,4979
2021-05-18,Ireland,EURO,379,255666,0,4979
2021-05-19,Ireland,EURO,365,256031,0,4979
2021-05-20,Ireland,EURO,526,256557,0,4979
2021-05-21,Ireland,EURO,470,257027,0,4979
2021-05-22,Ireland,EURO,533,257560,0,4979
2021-05-23,Ireland,EURO,384,257944,0,4979
2021-05-24,Ireland,EURO,447,258391,0,4979
2021-05-25,Ireland,EURO,349,258740,0,4979
2021-05-26,Ireland,EURO,353,259093,0,4979
2021-05-27,Ireland,EURO,445,259538,0,4979
2021-05-28,Ireland,EURO,432,259970,0,4979
2021-05-29,Ireland,EURO,461,260431,0,4979
2021-05-30,Ireland,EURO,456,260887,0,4979
2021-01-01,Isle of Man,EURO,3,377,0,25
2021-01-02,Isle of Man,EURO,3,380,0,25
2021-01-03,Isle of Man,EURO,0,380,0,25
2021-01-04,Isle of Man,EURO,0,380,0,25
2021-01-05,Isle of Man,EURO,0,380,0,25
2021-01-06,Isle of Man,EURO,0,380,0,25
2021-01-07,Isle of Man,EURO,6,386,0,25
2021-01-08,Isle of Man,EURO,3,389,0,25
2021-01-09,Isle of Man,EURO,2,391,0,25
2021-01-10,Isle of Man,EURO,1,392,0,25
2021-01-11,Isle of Man,EURO,2,394,0,25
2021-01-12,Isle of Man,EURO,2,396,0,25
2021-01-13,Isle of Man,EURO,7,403,0,25
2021-01-14,Isle of Man,EURO,3,406,0,25
2021-01-15,Isle of Man,EURO,8,414,0,25
2021-01-16,Isle of Man,EURO,3,417,0,25
2021-01-17,Isle of Man,EURO,1,418,0,25
2021-01-18,Isle of Man,EURO,1,419,0,25
2021-01-19,Isle of Man,EURO,9,428,0,25
2021-01-20,Isle of Man,EURO,4,432,0,25
2021-01-21,Isle of Man,EURO,0,432,0,25
2021-01-22,Isle of Man,EURO,0,432,0,25
2021-01-23,Isle of Man,EURO,0,432,0,25
2021-01-24,Isle of Man,EURO,0,432,0,25
2021-01-25,Isle of Man,EURO,0,432,0,25
2021-01-26,Isle of Man,EURO,0,432,0,25
2021-01-27,Isle of Man,EURO,0,432,0,25
2021-01-28,Isle of Man,EURO,0,432,0,25
2021-01-29,Isle of Man,EURO,0,432,0,25
2021-01-30,Isle of Man,EURO,0,432,0,25
2021-01-31,Isle of Man,EURO,2,434,0,25
2021-02-01,Isle of Man,EURO,0,434,0,25
2021-02-02,Isle of Man,EURO,0,434,0,25
2021-02-03,Isle of Man,EURO,0,434,0,25
2021-02-04,Isle of Man,EURO,0,434,0,25
2021-02-05,Isle of Man,EURO,0,434,0,25
2021-02-06,Isle of Man,EURO,0,434,0,25
2021-02-07,Isle of Man,EURO,0,434,0,25
2021-02-08,Isle of Man,EURO,0,434,0,25
2021-02-09,Isle of Man,EURO,0,434,0,25
2021-02-10,Isle of Man,EURO,1,435,0,25
2021-02-11,Isle of Man,EURO,1,436,0,25
2021-02-12,Isle of Man,EURO,0,436,0,25
2021-02-13,Isle of Man,EURO,0,436,0,25
2021-02-14,Isle of Man,EURO,0,436,0,25
2021-02-15,Isle of Man,EURO,0,436,0,25
2021-02-16,Isle of Man,EURO,0,436,0,25
2021-02-17,Isle of Man,EURO,0,436,0,25
2021-02-18,Isle of Man,EURO,1,437,0,25
2021-02-19,Isle of Man,EURO,0,437,0,25
2021-02-20,Isle of Man,EURO,7,444,0,25
2021-02-21,Isle of Man,EURO,5,449,0,25
2021-02-22,Isle of Man,EURO,1,450,0,25
2021-02-23,Isle of Man,EURO,0,450,0,25
2021-02-24,Isle of Man,EURO,6,456,0,25
2021-02-25,Isle of Man,EURO,6,462,0,25
2021-02-26,Isle of Man,EURO,8,470,0,25
2021-02-27,Isle of Man,EURO,5,475,0,25
2021-02-28,Isle of Man,EURO,0,475,0,25
2021-03-01,Isle of Man,EURO,9,484,0,25
2021-03-02,Isle of Man,EURO,0,484,0,25
2021-03-03,Isle of Man,EURO,2,486,0,25
2021-03-04,Isle of Man,EURO,8,494,0,25
2021-03-05,Isle of Man,EURO,16,510,0,25
2021-03-06,Isle of Man,EURO,36,546,0,25
2021-03-07,Isle of Man,EURO,60,606,0,25
2021-03-08,Isle of Man,EURO,70,676,0,25
2021-03-09,Isle of Man,EURO,81,757,0,25
2021-03-10,Isle of Man,EURO,0,757,0,25
2021-03-11,Isle of Man,EURO,111,868,0,25
2021-03-12,Isle of Man,EURO,84,952,0,25
2021-03-13,Isle of Man,EURO,76,1028,0,25
2021-03-14,Isle of Man,EURO,64,1092,0,25
2021-03-15,Isle of Man,EURO,0,1092,0,25
2021-03-16,Isle of Man,EURO,186,1278,1,26
2021-03-17,Isle of Man,EURO,28,1306,0,26
2021-03-18,Isle of Man,EURO,45,1351,0,26
2021-03-19,Isle of Man,EURO,31,1382,0,26
2021-03-20,Isle of Man,EURO,29,1411,0,26
2021-03-21,Isle of Man,EURO,21,1432,0,26
2021-03-22,Isle of Man,EURO,30,1462,0,26
2021-03-23,Isle of Man,EURO,24,1486,0,26
2021-03-24,Isle of Man,EURO,17,1503,0,26
2021-03-25,Isle of Man,EURO,13,1516,0,26
2021-03-26,Isle of Man,EURO,14,1530,0,26
2021-03-27,Isle of Man,EURO,15,1545,0,26
2021-03-28,Isle of Man,EURO,6,1551,0,26
2021-03-29,Isle of Man,EURO,4,1555,0,26
2021-03-30,Isle of Man,EURO,3,1558,3,29
2021-03-31,Isle of Man,EURO,8,1566,0,29
2021-04-01,Isle of Man,EURO,1,1567,0,29
2021-04-02,Isle of Man,EURO,2,1569,0,29
2021-04-03,Isle of Man,EURO,1,1570,0,29
2021-04-04,Isle of Man,EURO,0,1570,0,29
2021-04-05,Isle of Man,EURO,1,1571,0,29
2021-04-06,Isle of Man,EURO,0,1571,0,29
2021-04-07,Isle of Man,EURO,0,1571,0,29
2021-04-08,Isle of Man,EURO,1,1572,0,29
2021-04-09,Isle of Man,EURO,0,1572,0,29
2021-04-10,Isle of Man,EURO,2,1574,0,29
2021-04-11,Isle of Man,EURO,0,1574,0,29
2021-04-12,Isle of Man,EURO,1,1575,0,29
2021-04-13,Isle of Man,EURO,0,1575,0,29
2021-04-14,Isle of Man,EURO,0,1575,0,29
2021-04-15,Isle of Man,EURO,0,1575,0,29
2021-04-16,Isle of Man,EURO,0,1575,0,29
2021-04-17,Isle of Man,EURO,0,1575,0,29
2021-04-18,Isle of Man,EURO,0,1575,0,29
2021-04-19,Isle of Man,EURO,2,1577,0,29
2021-04-20,Isle of Man,EURO,0,1577,0,29
2021-04-21,Isle of Man,EURO,0,1577,0,29
2021-04-22,Isle of Man,EURO,0,1577,0,29
2021-04-23,Isle of Man,EURO,2,1579,0,29
2021-04-24,Isle of Man,EURO,5,1584,0,29
2021-04-25,Isle of Man,EURO,1,1585,0,29
2021-04-26,Isle of Man,EURO,0,1585,0,29
2021-04-27,Isle of Man,EURO,1,1586,0,29
2021-04-28,Isle of Man,EURO,1,1587,0,29
2021-04-29,Isle of Man,EURO,0,1587,0,29
2021-04-30,Isle of Man,EURO,0,1587,0,29
2021-05-01,Isle of Man,EURO,0,1587,0,29
2021-05-02,Isle of Man,EURO,0,1587,0,29
2021-05-03,Isle of Man,EURO,0,1587,0,29
2021-05-04,Isle of Man,EURO,3,1590,0,29
2021-05-05,Isle of Man,EURO,0,1590,0,29
2021-05-06,Isle of Man,EURO,0,1590,0,29
2021-05-07,Isle of Man,EURO,0,1590,0,29
2021-05-08,Isle of Man,EURO,0,1590,0,29
2021-05-09,Isle of Man,EURO,0,1590,0,29
2021-05-10,Isle of Man,EURO,0,1590,0,29
2021-05-11,Isle of Man,EURO,0,1590,0,29
2021-05-12,Isle of Man,EURO,0,1590,0,29
2021-05-13,Isle of Man,EURO,0,1590,0,29
2021-05-14,Isle of Man,EURO,0,1590,0,29
2021-05-15,Isle of Man,EURO,0,1590,0,29
2021-05-16,Isle of Man,EURO,0,1590,0,29
2021-05-17,Isle of Man,EURO,0,1590,0,29
2021-05-18,Isle of Man,EURO,0,1590,0,29
2021-05-19,Isle of Man,EURO,1,1591,0,29
2021-05-20,Isle of Man,EURO,0,1591,0,29
2021-05-21,Isle of Man,EURO,0,1591,0,29
2021-05-22,Isle of Man,EURO,0,1591,0,29
2021-05-23,Isle of Man,EURO,0,1591,0,29
2021-05-24,Isle of Man,EURO,0,1591,0,29
2021-05-25,Isle of Man,EURO,0,1591,0,29
2021-05-26,Isle of Man,EURO,0,1591,0,29
2021-05-27,Isle of Man,EURO,0,1591,0,29
2021-05-28,Isle of Man,EURO,1,1592,0,29
2021-05-29,Isle of Man,EURO,0,1592,0,29
2021-05-30,Isle of Man,EURO,0,1592,0,29
2021-01-01,Israel,EURO,6021,432076,34,3406
2021-01-02,Israel,EURO,4218,436294,26,3432
2021-01-03,Israel,EURO,5229,441523,26,3458
2021-01-04,Israel,EURO,8408,449931,38,3496
2021-01-05,Israel,EURO,8237,458168,23,3519
2021-01-06,Israel,EURO,7878,466046,43,3562
2021-01-07,Israel,EURO,7648,473694,48,3610
2021-01-08,Israel,EURO,8160,481854,46,3656
2021-01-09,Israel,EURO,5158,487012,20,3676
2021-01-10,Israel,EURO,6937,493949,43,3719
2021-01-11,Israel,EURO,9713,503662,28,3747
2021-01-12,Israel,EURO,9299,512961,55,3802
2021-01-13,Israel,EURO,9471,522432,57,3859
2021-01-14,Israel,EURO,9295,531727,59,3918
2021-01-15,Israel,EURO,8429,540156,52,3970
2021-01-16,Israel,EURO,5087,545243,47,4017
2021-01-17,Israel,EURO,5647,550890,56,4073
2021-01-18,Israel,EURO,10118,561008,46,4119
2021-01-19,Israel,EURO,8625,569633,43,4162
2021-01-20,Israel,EURO,8364,577997,55,4217
2021-01-21,Israel,EURO,7273,585270,48,4265
2021-01-22,Israel,EURO,7388,592658,66,4331
2021-01-23,Israel,EURO,2449,595107,52,4383
2021-01-24,Israel,EURO,4945,600052,76,4459
2021-01-25,Israel,EURO,8732,608784,60,4519
2021-01-26,Israel,EURO,7800,616584,53,4572
2021-01-27,Israel,EURO,7727,624311,61,4633
2021-01-28,Israel,EURO,7184,631495,49,4682
2021-01-29,Israel,EURO,6760,638255,45,4727
2021-01-30,Israel,EURO,2623,640878,38,4765
2021-01-31,Israel,EURO,5226,646104,51,4816
2021-02-01,Israel,EURO,8926,655030,46,4862
2021-02-02,Israel,EURO,8017,663047,61,4923
2021-02-03,Israel,EURO,7470,670517,57,4980
2021-02-04,Israel,EURO,7248,677765,48,5028
2021-02-05,Israel,EURO,6584,684349,33,5061
2021-02-06,Israel,EURO,2657,687006,52,5113
2021-02-07,Israel,EURO,4596,691602,44,5157
2021-02-08,Israel,EURO,7843,699445,30,5187
2021-02-09,Israel,EURO,6164,705609,42,5229
2021-02-10,Israel,EURO,5676,711285,32,5261
2021-02-11,Israel,EURO,5009,716294,30,5291
2021-02-12,Israel,EURO,4667,720961,41,5332
2021-02-13,Israel,EURO,1887,722848,29,5361
2021-02-14,Israel,EURO,3483,726331,37,5398
2021-02-15,Israel,EURO,5190,731521,16,5414
2021-02-16,Israel,EURO,4569,736090,42,5456
2021-02-17,Israel,EURO,4168,740258,27,5483
2021-02-18,Israel,EURO,3332,743590,35,5518
2021-02-19,Israel,EURO,3792,747382,22,5540
2021-02-20,Israel,EURO,1255,748637,25,5565
2021-02-21,Israel,EURO,3107,751744,24,5589
2021-02-22,Israel,EURO,4809,756553,16,5605
2021-02-23,Israel,EURO,4447,761000,36,5641
2021-02-24,Israel,EURO,4374,765374,27,5668
2021-02-25,Israel,EURO,3814,769188,23,5691
2021-02-26,Israel,EURO,3813,773001,22,5713
2021-02-27,Israel,EURO,1438,774439,29,5742
2021-02-28,Israel,EURO,3060,777499,21,5763
2021-03-01,Israel,EURO,4855,782354,18,5781
2021-03-02,Israel,EURO,4378,786732,21,5802
2021-03-03,Israel,EURO,4670,791402,17,5819
2021-03-04,Israel,EURO,3658,795060,17,5836
2021-03-05,Israel,EURO,3712,798772,18,5854
2021-03-06,Israel,EURO,1870,800642,20,5874
2021-03-07,Israel,EURO,2346,802988,15,5889
2021-03-08,Israel,EURO,3783,806771,22,5911
2021-03-09,Israel,EURO,3120,809891,15,5926
2021-03-10,Israel,EURO,2833,812724,17,5943
2021-03-11,Israel,EURO,2549,815273,18,5961
2021-03-12,Israel,EURO,2413,817686,12,5973
2021-03-13,Israel,EURO,783,818469,16,5989
2021-03-14,Israel,EURO,1389,819858,26,6015
2021-03-15,Israel,EURO,2123,821981,16,6031
2021-03-16,Israel,EURO,1564,823545,17,6048
2021-03-17,Israel,EURO,1530,825075,13,6061
2021-03-18,Israel,EURO,1246,826321,8,6069
2021-03-19,Israel,EURO,1084,827405,12,6081
2021-03-20,Israel,EURO,349,827754,7,6088
2021-03-21,Israel,EURO,674,828428,14,6102
2021-03-22,Israel,EURO,979,829407,13,6115
2021-03-23,Israel,EURO,688,830095,15,6130
2021-03-24,Israel,EURO,478,830573,10,6140
2021-03-25,Israel,EURO,843,831416,10,6150
2021-03-26,Israel,EURO,520,831936,11,6161
2021-03-27,Israel,EURO,231,832167,6,6167
2021-03-28,Israel,EURO,129,832296,12,6179
2021-03-29,Israel,EURO,363,832659,10,6189
2021-03-30,Israel,EURO,443,833102,11,6200
2021-03-31,Israel,EURO,492,833594,16,6216
2021-04-01,Israel,EURO,335,833929,7,6223
2021-04-02,Israel,EURO,418,834347,16,6239
2021-04-03,Israel,EURO,124,834471,7,6246
2021-04-04,Israel,EURO,196,834667,8,6254
2021-04-05,Israel,EURO,380,835047,6,6260
2021-04-06,Israel,EURO,305,835352,6,6266
2021-04-07,Israel,EURO,276,835628,9,6275
2021-04-08,Israel,EURO,212,835840,11,6286
2021-04-09,Israel,EURO,223,836063,10,6296
2021-04-10,Israel,EURO,86,836149,9,6305
2021-04-11,Israel,EURO,139,836288,6,6311
2021-04-12,Israel,EURO,221,836509,6,6317
2021-04-13,Israel,EURO,199,836708,13,6330
2021-04-14,Israel,EURO,196,836904,3,6333
2021-04-15,Israel,EURO,95,836999,2,6335
2021-04-16,Israel,EURO,109,837108,5,6340
2021-04-17,Israel,EURO,83,837191,7,6347
2021-04-18,Israel,EURO,141,837332,4,6351
2021-04-19,Israel,EURO,133,837465,3,6354
2021-04-20,Israel,EURO,159,837624,3,6357
2021-04-21,Israel,EURO,114,837738,2,6359
2021-04-22,Israel,EURO,129,837867,2,6361
2021-04-23,Israel,EURO,108,837975,5,6366
2021-04-24,Israel,EURO,39,838014,4,6370
2021-04-25,Israel,EURO,77,838091,1,6371
2021-04-26,Israel,EURO,93,838184,3,6374
2021-04-27,Israel,EURO,87,838271,6,6380
2021-04-28,Israel,EURO,95,838366,0,6380
2021-04-29,Israel,EURO,93,838459,2,6382
2021-04-30,Israel,EURO,79,838538,2,6384
2021-05-01,Israel,EURO,14,838552,2,6386
2021-05-02,Israel,EURO,50,838602,1,6387
2021-05-03,Israel,EURO,65,838667,2,6389
2021-05-04,Israel,EURO,63,838730,2,6391
2021-05-05,Israel,EURO,68,838798,2,6393
2021-05-06,Israel,EURO,48,838846,2,6395
2021-05-07,Israel,EURO,33,838879,2,6397
2021-05-08,Israel,EURO,16,838895,1,6398
2021-05-09,Israel,EURO,33,838928,1,6399
2021-05-10,Israel,EURO,51,838979,2,6401
2021-05-11,Israel,EURO,34,839013,1,6402
2021-05-12,Israel,EURO,27,839040,0,6402
2021-05-13,Israel,EURO,30,839070,3,6405
2021-05-14,Israel,EURO,27,839097,0,6405
2021-05-15,Israel,EURO,20,839117,1,6406
2021-05-16,Israel,EURO,29,839146,1,6407
2021-05-17,Israel,EURO,15,839161,3,6410
2021-05-18,Israel,EURO,22,839183,0,6410
2021-05-19,Israel,EURO,55,839238,0,6410
2021-05-20,Israel,EURO,33,839271,0,6410
2021-05-21,Israel,EURO,22,839293,2,6412
2021-05-22,Israel,EURO,12,839305,0,6412
2021-05-23,Israel,EURO,26,839331,1,6413
2021-05-24,Israel,EURO,28,839359,1,6414
2021-05-25,Israel,EURO,22,839381,1,6415
2021-05-26,Israel,EURO,14,839395,0,6415
2021-05-27,Israel,EURO,14,839409,2,6417
2021-05-28,Israel,EURO,18,839427,1,6418
2021-05-29,Israel,EURO,12,839439,0,6418
2021-05-30,Israel,EURO,3,839442,0,6418
2021-01-01,Italy,EURO,23477,2107166,555,74159
2021-01-02,Italy,EURO,22210,2129376,462,74621
2021-01-03,Italy,EURO,11825,2141201,364,74985
2021-01-04,Italy,EURO,14245,2155446,347,75332
2021-01-05,Italy,EURO,10798,2166244,348,75680
2021-01-06,Italy,EURO,15375,2181619,649,76329
2021-01-07,Italy,EURO,20326,2201945,548,76877
2021-01-08,Italy,EURO,18416,2220361,414,77291
2021-01-09,Italy,EURO,17529,2237890,620,77911
2021-01-10,Italy,EURO,19976,2257866,483,78394
2021-01-11,Italy,EURO,18625,2276491,361,78755
2021-01-12,Italy,EURO,12530,2289021,448,79203
2021-01-13,Italy,EURO,14242,2303263,616,79819
2021-01-14,Italy,EURO,15773,2319036,507,80326
2021-01-15,Italy,EURO,17243,2336279,522,80848
2021-01-16,Italy,EURO,16144,2352423,477,81325
2021-01-17,Italy,EURO,16310,2368733,475,81800
2021-01-18,Italy,EURO,12544,2381277,377,82177
2021-01-19,Italy,EURO,8825,2390102,377,82554
2021-01-20,Italy,EURO,10496,2400598,603,83157
2021-01-21,Italy,EURO,13568,2414166,524,83681
2021-01-22,Italy,EURO,14055,2428221,521,84202
2021-01-23,Italy,EURO,13633,2441854,472,84674
2021-01-24,Italy,EURO,13331,2455185,488,85162
2021-01-25,Italy,EURO,11628,2466813,299,85461
2021-01-26,Italy,EURO,8559,2475372,420,85881
2021-01-27,Italy,EURO,10584,2485956,541,86422
2021-01-28,Italy,EURO,15191,2501147,467,86889
2021-01-29,Italy,EURO,14360,2515507,492,87381
2021-01-30,Italy,EURO,13563,2529070,477,87858
2021-01-31,Italy,EURO,12713,2541783,421,88279
2021-02-01,Italy,EURO,11249,2553032,237,88516
2021-02-02,Italy,EURO,7925,2560957,329,88845
2021-02-03,Italy,EURO,9651,2570608,499,89344
2021-02-04,Italy,EURO,13182,2583790,476,89820
2021-02-05,Italy,EURO,13656,2597446,421,90241
2021-02-06,Italy,EURO,14213,2611659,377,90618
2021-02-07,Italy,EURO,13439,2625098,385,91003
2021-02-08,Italy,EURO,11640,2636738,270,91273
2021-02-09,Italy,EURO,7969,2644707,307,91580
2021-02-10,Italy,EURO,10612,2655319,422,92002
2021-02-11,Italy,EURO,12947,2668266,336,92338
2021-02-12,Italy,EURO,15137,2683403,391,92729
2021-02-13,Italy,EURO,13893,2697296,316,93045
2021-02-14,Italy,EURO,13523,2710819,311,93356
2021-02-15,Italy,EURO,11060,2721879,221,93577
2021-02-16,Italy,EURO,7344,2729223,258,93835
2021-02-17,Italy,EURO,10368,2739591,336,94171
2021-02-18,Italy,EURO,12066,2751657,369,94540
2021-02-19,Italy,EURO,13755,2765412,347,94887
2021-02-20,Italy,EURO,15470,2780882,348,95235
2021-02-21,Italy,EURO,14914,2795796,251,95486
2021-02-22,Italy,EURO,13450,2809246,232,95718
2021-02-23,Italy,EURO,9617,2818863,274,95992
2021-02-24,Italy,EURO,13299,2832162,356,96348
2021-02-25,Italy,EURO,16402,2848564,318,96666
2021-02-26,Italy,EURO,19871,2868435,308,96974
2021-02-27,Italy,EURO,20488,2888923,253,97227
2021-02-28,Italy,EURO,18902,2907825,280,97507
2021-03-01,Italy,EURO,17440,2925265,192,97699
2021-03-02,Italy,EURO,13106,2938371,246,97945
2021-03-03,Italy,EURO,17063,2955434,343,98288
2021-03-04,Italy,EURO,20840,2976274,347,98635
2021-03-05,Italy,EURO,22845,2999119,339,98974
2021-03-06,Italy,EURO,24010,3023129,297,99271
2021-03-07,Italy,EURO,23633,3046762,307,99578
2021-03-08,Italy,EURO,20724,3067486,207,99785
2021-03-09,Italy,EURO,13882,3081368,318,100103
2021-03-10,Italy,EURO,19725,3101093,376,100479
2021-03-11,Italy,EURO,22275,3123368,332,100811
2021-03-12,Italy,EURO,25649,3149017,373,101184
2021-03-13,Italy,EURO,26790,3175807,380,101564
2021-03-14,Italy,EURO,26031,3201838,317,101881
2021-03-15,Italy,EURO,21304,3223142,264,102145
2021-03-16,Italy,EURO,15252,3238394,354,102499
2021-03-17,Italy,EURO,20376,3258770,502,103001
2021-03-18,Italy,EURO,23040,3281810,431,103432
2021-03-19,Italy,EURO,24901,3306711,423,103855
2021-03-20,Italy,EURO,25707,3332418,386,104241
2021-03-21,Italy,EURO,23913,3356331,401,104642
2021-03-22,Italy,EURO,20045,3376376,300,104942
2021-03-23,Italy,EURO,24501,3400877,386,105328
2021-03-24,Italy,EURO,18739,3419616,551,105879
2021-03-25,Italy,EURO,21246,3440862,460,106339
2021-03-26,Italy,EURO,23681,3464543,460,106799
2021-03-27,Italy,EURO,24076,3488619,457,107256
2021-03-28,Italy,EURO,23834,3512453,380,107636
2021-03-29,Italy,EURO,19604,3532057,297,107933
2021-03-30,Italy,EURO,12900,3544957,417,108350
2021-03-31,Italy,EURO,16055,3561012,529,108879
2021-04-01,Italy,EURO,23887,3584899,467,109346
2021-04-02,Italy,EURO,22184,3607083,501,109847
2021-04-03,Italy,EURO,21917,3629000,481,110328
2021-04-04,Italy,EURO,21247,3650247,376,110704
2021-04-05,Italy,EURO,18017,3668264,326,111030
2021-04-06,Italy,EURO,10680,3678944,296,111326
2021-04-07,Italy,EURO,7763,3686707,421,111747
2021-04-08,Italy,EURO,13686,3700393,627,112374
2021-04-09,Italy,EURO,17209,3717602,487,112861
2021-04-10,Italy,EURO,18924,3736526,718,113579
2021-04-11,Italy,EURO,17551,3754077,344,113923
2021-04-12,Italy,EURO,15737,3769814,331,114254
2021-04-13,Italy,EURO,9780,3779594,358,114612
2021-04-14,Italy,EURO,13439,3793033,476,115088
2021-04-15,Italy,EURO,16160,3809193,469,115557
2021-04-16,Italy,EURO,16963,3826156,380,115937
2021-04-17,Italy,EURO,15923,3842079,429,116366
2021-04-18,Italy,EURO,15364,3857443,310,116676
2021-04-19,Italy,EURO,12688,3870131,251,116927
2021-04-20,Italy,EURO,8863,3878994,316,117243
2021-04-21,Italy,EURO,12069,3891063,390,117633
2021-04-22,Italy,EURO,13836,3904899,364,117997
2021-04-23,Italy,EURO,16046,3920945,360,118357
2021-04-24,Italy,EURO,14758,3935703,342,118699
2021-04-25,Italy,EURO,13814,3949517,322,119021
2021-04-26,Italy,EURO,13157,3962674,217,119238
2021-04-27,Italy,EURO,8440,3971114,301,119539
2021-04-28,Italy,EURO,10398,3981512,373,119912
2021-04-29,Italy,EURO,13382,3994894,344,120256
2021-04-30,Italy,EURO,14314,4009208,288,120544
2021-05-01,Italy,EURO,13445,4022653,263,120807
2021-05-02,Italy,EURO,12964,4035617,226,121033
2021-05-03,Italy,EURO,9145,4044762,144,121177
2021-05-04,Italy,EURO,5946,4050708,256,121433
2021-05-05,Italy,EURO,9113,4059821,305,121738
2021-05-06,Italy,EURO,10579,4070400,267,122005
2021-05-07,Italy,EURO,11798,4082198,258,122263
2021-05-08,Italy,EURO,10549,4092747,207,122470
2021-05-09,Italy,EURO,10174,4102921,224,122694
2021-05-10,Italy,EURO,8289,4111210,139,122833
2021-05-11,Italy,EURO,5077,4116287,198,123031
2021-05-12,Italy,EURO,6943,4123230,251,123282
2021-05-13,Italy,EURO,7848,4131078,262,123544
2021-05-14,Italy,EURO,8082,4139160,201,123745
2021-05-15,Italy,EURO,7562,4146722,182,123927
2021-05-16,Italy,EURO,6652,4153374,136,124063
2021-05-17,Italy,EURO,5748,4159122,93,124156
2021-05-18,Italy,EURO,3454,4162576,140,124296
2021-05-19,Italy,EURO,4449,4167025,201,124497
2021-05-20,Italy,EURO,5500,4172525,149,124646
2021-05-21,Italy,EURO,5736,4178261,164,124810
2021-05-22,Italy,EURO,5215,4183476,218,125028
2021-05-23,Italy,EURO,4714,4188190,125,125153
2021-05-24,Italy,EURO,3993,4192183,72,125225
2021-05-25,Italy,EURO,2489,4194672,110,125335
2021-05-26,Italy,EURO,3220,4197892,166,125501
2021-05-27,Italy,EURO,3935,4201827,121,125622
2021-05-28,Italy,EURO,4143,4205970,171,125793
2021-05-29,Italy,EURO,3737,4209707,126,125919
2021-05-30,Italy,EURO,3348,4213055,83,126002
2021-01-01,Jamaica,AMRO,34,12827,0,302
2021-01-02,Jamaica,AMRO,88,12915,1,303
2021-01-03,Jamaica,AMRO,16,12931,0,303
2021-01-04,Jamaica,AMRO,118,13049,1,304
2021-01-05,Jamaica,AMRO,154,13203,0,304
2021-01-06,Jamaica,AMRO,43,13246,1,305
2021-01-07,Jamaica,AMRO,84,13330,1,306
2021-01-08,Jamaica,AMRO,38,13368,0,306
2021-01-09,Jamaica,AMRO,43,13411,1,307
2021-01-10,Jamaica,AMRO,44,13455,4,311
2021-01-11,Jamaica,AMRO,93,13548,1,312
2021-01-12,Jamaica,AMRO,89,13637,1,313
2021-01-13,Jamaica,AMRO,123,13760,2,315
2021-01-14,Jamaica,AMRO,92,13852,2,317
2021-01-15,Jamaica,AMRO,63,13915,5,322
2021-01-16,Jamaica,AMRO,77,13992,1,323
2021-01-17,Jamaica,AMRO,104,14096,0,323
2021-01-18,Jamaica,AMRO,65,14161,1,324
2021-01-19,Jamaica,AMRO,113,14274,2,326
2021-01-20,Jamaica,AMRO,145,14419,3,329
2021-01-21,Jamaica,AMRO,68,14487,2,331
2021-01-22,Jamaica,AMRO,63,14550,0,331
2021-01-23,Jamaica,AMRO,108,14658,1,332
2021-01-24,Jamaica,AMRO,114,14772,4,336
2021-01-25,Jamaica,AMRO,107,14879,0,336
2021-01-26,Jamaica,AMRO,133,15012,2,338
2021-01-27,Jamaica,AMRO,141,15153,1,339
2021-01-28,Jamaica,AMRO,88,15241,3,342
2021-01-29,Jamaica,AMRO,194,15435,2,344
2021-01-30,Jamaica,AMRO,27,15462,1,345
2021-01-31,Jamaica,AMRO,65,15527,3,348
2021-02-01,Jamaica,AMRO,126,15653,2,350
2021-02-02,Jamaica,AMRO,125,15778,2,352
2021-02-03,Jamaica,AMRO,195,15973,1,353
2021-02-04,Jamaica,AMRO,100,16073,2,355
2021-02-05,Jamaica,AMRO,177,16250,0,355
2021-02-06,Jamaica,AMRO,263,16513,2,357
2021-02-07,Jamaica,AMRO,328,16841,0,357
2021-02-08,Jamaica,AMRO,244,17085,1,358
2021-02-09,Jamaica,AMRO,213,17298,0,358
2021-02-10,Jamaica,AMRO,403,17701,1,359
2021-02-11,Jamaica,AMRO,207,17908,3,362
2021-02-12,Jamaica,AMRO,329,18237,1,363
2021-02-13,Jamaica,AMRO,290,18527,5,368
2021-02-14,Jamaica,AMRO,303,18830,4,372
2021-02-15,Jamaica,AMRO,205,19035,2,374
2021-02-16,Jamaica,AMRO,270,19305,4,378
2021-02-17,Jamaica,AMRO,468,19773,0,378
2021-02-18,Jamaica,AMRO,243,20016,3,381
2021-02-19,Jamaica,AMRO,294,20310,3,384
2021-02-20,Jamaica,AMRO,271,20581,7,391
2021-02-21,Jamaica,AMRO,343,20924,0,391
2021-02-22,Jamaica,AMRO,458,21382,5,396
2021-02-23,Jamaica,AMRO,297,21679,3,399
2021-02-24,Jamaica,AMRO,147,21826,6,405
2021-02-25,Jamaica,AMRO,193,22019,1,406
2021-02-26,Jamaica,AMRO,248,22267,4,410
2021-02-27,Jamaica,AMRO,204,22471,3,413
2021-02-28,Jamaica,AMRO,346,22817,4,417
2021-03-01,Jamaica,AMRO,446,23263,5,422
2021-03-02,Jamaica,AMRO,336,23599,3,425
2021-03-03,Jamaica,AMRO,239,23838,7,432
2021-03-04,Jamaica,AMRO,265,24103,3,435
2021-03-05,Jamaica,AMRO,341,24444,1,436
2021-03-06,Jamaica,AMRO,332,24776,7,443
2021-03-07,Jamaica,AMRO,527,25303,3,446
2021-03-08,Jamaica,AMRO,723,26026,7,453
2021-03-09,Jamaica,AMRO,878,26904,1,454
2021-03-10,Jamaica,AMRO,561,27465,6,460
2021-03-11,Jamaica,AMRO,808,28273,3,463
2021-03-12,Jamaica,AMRO,695,28968,12,475
2021-03-13,Jamaica,AMRO,419,29387,5,480
2021-03-14,Jamaica,AMRO,525,29912,4,484
2021-03-15,Jamaica,AMRO,587,30499,1,485
2021-03-16,Jamaica,AMRO,806,31305,7,492
2021-03-17,Jamaica,AMRO,602,31907,2,494
2021-03-18,Jamaica,AMRO,821,32728,13,507
2021-03-19,Jamaica,AMRO,638,33366,4,511
2021-03-20,Jamaica,AMRO,604,33970,8,519
2021-03-21,Jamaica,AMRO,695,34665,5,524
2021-03-22,Jamaica,AMRO,673,35338,9,533
2021-03-23,Jamaica,AMRO,558,35896,3,536
2021-03-24,Jamaica,AMRO,335,36231,6,542
2021-03-25,Jamaica,AMRO,439,36670,3,545
2021-03-26,Jamaica,AMRO,458,37128,1,546
2021-03-27,Jamaica,AMRO,330,37458,11,557
2021-03-28,Jamaica,AMRO,289,37747,9,566
2021-03-29,Jamaica,AMRO,480,38227,4,570
2021-03-30,Jamaica,AMRO,287,38514,16,586
2021-03-31,Jamaica,AMRO,334,38848,1,587
2021-04-01,Jamaica,AMRO,389,39237,9,596
2021-04-02,Jamaica,AMRO,306,39543,3,599
2021-04-03,Jamaica,AMRO,424,39967,8,607
2021-04-04,Jamaica,AMRO,482,40449,6,613
2021-04-05,Jamaica,AMRO,214,40663,2,615
2021-04-06,Jamaica,AMRO,350,41013,3,618
2021-04-07,Jamaica,AMRO,315,41328,4,622
2021-04-08,Jamaica,AMRO,72,41400,9,631
2021-04-09,Jamaica,AMRO,204,41604,15,646
2021-04-10,Jamaica,AMRO,239,41843,15,661
2021-04-11,Jamaica,AMRO,276,42119,8,669
2021-04-12,Jamaica,AMRO,381,42500,3,672
2021-04-13,Jamaica,AMRO,263,42763,4,676
2021-04-14,Jamaica,AMRO,161,42924,6,682
2021-04-15,Jamaica,AMRO,130,43054,10,692
2021-04-16,Jamaica,AMRO,186,43240,5,697
2021-04-17,Jamaica,AMRO,233,43473,16,713
2021-04-18,Jamaica,AMRO,211,43684,8,721
2021-04-19,Jamaica,AMRO,206,43890,2,723
2021-04-20,Jamaica,AMRO,246,44136,4,727
2021-04-21,Jamaica,AMRO,118,44254,11,738
2021-04-22,Jamaica,AMRO,83,44337,6,744
2021-04-23,Jamaica,AMRO,165,44502,7,751
2021-04-24,Jamaica,AMRO,140,44642,1,752
2021-04-25,Jamaica,AMRO,225,44867,4,756
2021-04-26,Jamaica,AMRO,137,45004,4,760
2021-04-27,Jamaica,AMRO,141,45145,1,761
2021-04-28,Jamaica,AMRO,67,45212,6,767
2021-04-29,Jamaica,AMRO,80,45292,3,770
2021-04-30,Jamaica,AMRO,122,45414,0,770
2021-05-01,Jamaica,AMRO,164,45578,8,778
2021-05-02,Jamaica,AMRO,199,45777,1,779
2021-05-03,Jamaica,AMRO,90,45867,5,784
2021-05-04,Jamaica,AMRO,172,46039,6,790
2021-05-05,Jamaica,AMRO,48,46087,3,793
2021-05-06,Jamaica,AMRO,107,46194,1,794
2021-05-07,Jamaica,AMRO,144,46338,4,798
2021-05-08,Jamaica,AMRO,90,46428,3,801
2021-05-09,Jamaica,AMRO,160,46588,2,803
2021-05-10,Jamaica,AMRO,120,46708,3,806
2021-05-11,Jamaica,AMRO,74,46782,3,809
2021-05-12,Jamaica,AMRO,39,46821,5,814
2021-05-13,Jamaica,AMRO,101,46922,6,820
2021-05-14,Jamaica,AMRO,98,47020,14,834
2021-05-15,Jamaica,AMRO,130,47150,4,838
2021-05-16,Jamaica,AMRO,83,47233,5,843
2021-05-17,Jamaica,AMRO,86,47319,17,860
2021-05-18,Jamaica,AMRO,77,47396,3,863
2021-05-19,Jamaica,AMRO,83,47479,15,878
2021-05-20,Jamaica,AMRO,93,47572,14,892
2021-05-21,Jamaica,AMRO,100,47672,10,902
2021-05-22,Jamaica,AMRO,104,47776,2,904
2021-05-23,Jamaica,AMRO,123,47899,8,912
2021-05-24,Jamaica,AMRO,60,47959,5,917
2021-05-25,Jamaica,AMRO,95,48054,8,925
2021-05-26,Jamaica,AMRO,27,48081,6,931
2021-05-27,Jamaica,AMRO,20,48101,3,934
2021-05-28,Jamaica,AMRO,79,48180,1,935
2021-05-29,Jamaica,AMRO,108,48288,1,936
2021-05-30,Jamaica,AMRO,86,48374,6,942
2021-01-01,Japan,WPRO,4091,234395,46,3460
2021-01-02,Japan,WPRO,3617,238012,54,3514
2021-01-03,Japan,WPRO,2942,240954,34,3548
2021-01-04,Japan,WPRO,2893,243847,51,3599
2021-01-05,Japan,WPRO,4113,247960,56,3655
2021-01-06,Japan,WPRO,4357,252317,64,3719
2021-01-07,Japan,WPRO,6076,258393,72,3791
2021-01-08,Japan,WPRO,6906,265299,66,3857
2021-01-09,Japan,WPRO,7855,273154,75,3932
2021-01-10,Japan,WPRO,7621,280775,64,3996
2021-01-11,Japan,WPRO,5977,286752,48,4044
2021-01-12,Japan,WPRO,5460,292212,50,4094
2021-01-13,Japan,WPRO,5103,297315,51,4145
2021-01-14,Japan,WPRO,5308,302623,88,4233
2021-01-15,Japan,WPRO,6591,309214,82,4315
2021-01-16,Japan,WPRO,6696,315910,65,4380
2021-01-17,Japan,WPRO,6386,322296,66,4446
2021-01-18,Japan,WPRO,5998,328294,55,4501
2021-01-19,Japan,WPRO,6034,334328,47,4548
2021-01-20,Japan,WPRO,5446,339774,99,4647
2021-01-21,Japan,WPRO,5447,345221,96,4743
2021-01-22,Japan,WPRO,5799,351020,87,4830
2021-01-23,Japan,WPRO,5054,356074,105,4935
2021-01-24,Japan,WPRO,4587,360661,84,5019
2021-01-25,Japan,WPRO,4152,364813,65,5084
2021-01-26,Japan,WPRO,3330,368143,74,5158
2021-01-27,Japan,WPRO,3537,371680,94,5252
2021-01-28,Japan,WPRO,3927,375607,109,5361
2021-01-29,Japan,WPRO,3909,379516,91,5452
2021-01-30,Japan,WPRO,3567,383083,94,5546
2021-01-31,Japan,WPRO,3659,386742,108,5654
2021-02-01,Japan,WPRO,2776,389518,68,5722
2021-02-02,Japan,WPRO,2108,391626,72,5794
2021-02-03,Japan,WPRO,2210,393836,118,5912
2021-02-04,Japan,WPRO,2593,396429,108,6020
2021-02-05,Japan,WPRO,2619,399048,115,6135
2021-02-06,Japan,WPRO,2307,401355,108,6243
2021-02-07,Japan,WPRO,2080,403435,95,6338
2021-02-08,Japan,WPRO,1555,404990,57,6395
2021-02-09,Japan,WPRO,1776,406766,81,6476
2021-02-10,Japan,WPRO,1420,408186,81,6557
2021-02-11,Japan,WPRO,1826,410012,121,6678
2021-02-12,Japan,WPRO,1739,411751,96,6774
2021-02-13,Japan,WPRO,1403,413154,75,6849
2021-02-14,Japan,WPRO,1318,414472,63,6912
2021-02-15,Japan,WPRO,1310,415782,40,6952
2021-02-16,Japan,WPRO,1983,417765,63,7015
2021-02-17,Japan,WPRO,1250,419015,87,7102
2021-02-18,Japan,WPRO,1393,420408,94,7196
2021-02-19,Japan,WPRO,1559,421967,78,7274
2021-02-20,Japan,WPRO,1344,423311,59,7333
2021-02-21,Japan,WPRO,1196,424507,84,7417
2021-02-22,Japan,WPRO,1090,425597,57,7474
2021-02-23,Japan,WPRO,859,426456,55,7529
2021-02-24,Japan,WPRO,1011,427467,55,7584
2021-02-25,Japan,WPRO,1086,428553,63,7647
2021-02-26,Japan,WPRO,919,429472,75,7722
2021-02-27,Japan,WPRO,1067,430539,85,7807
2021-02-28,Japan,WPRO,1201,431740,53,7860
2021-03-01,Japan,WPRO,1033,432773,27,7887
2021-03-02,Japan,WPRO,731,433504,46,7933
2021-03-03,Japan,WPRO,852,434356,51,7984
2021-03-04,Japan,WPRO,1192,435548,68,8052
2021-03-05,Japan,WPRO,1180,436728,67,8119
2021-03-06,Japan,WPRO,1164,437892,59,8178
2021-03-07,Japan,WPRO,1064,438956,49,8227
2021-03-08,Japan,WPRO,1036,439992,26,8253
2021-03-09,Japan,WPRO,679,440671,46,8299
2021-03-10,Japan,WPRO,1058,441729,54,8353
2021-03-11,Japan,WPRO,1272,443001,49,8402
2021-03-12,Japan,WPRO,1288,444289,49,8451
2021-03-13,Japan,WPRO,1296,445585,58,8509
2021-03-14,Japan,WPRO,1288,446873,51,8560
2021-03-15,Japan,WPRO,1033,447906,30,8590
2021-03-16,Japan,WPRO,782,448688,32,8622
2021-03-17,Japan,WPRO,1025,449713,56,8678
2021-03-18,Japan,WPRO,1473,451186,39,8717
2021-03-19,Japan,WPRO,1516,452702,41,8758
2021-03-20,Japan,WPRO,1456,454158,32,8790
2021-03-21,Japan,WPRO,1480,455638,22,8812
2021-03-22,Japan,WPRO,1143,456781,23,8835
2021-03-23,Japan,WPRO,973,457754,26,8861
2021-03-24,Japan,WPRO,1289,459043,47,8908
2021-03-25,Japan,WPRO,1854,460897,30,8938
2021-03-26,Japan,WPRO,1943,462840,29,8967
2021-03-27,Japan,WPRO,2026,464866,31,8998
2021-03-28,Japan,WPRO,1983,466849,33,9031
2021-03-29,Japan,WPRO,1765,468614,30,9061
2021-03-30,Japan,WPRO,1561,470175,25,9086
2021-03-31,Japan,WPRO,1937,472112,27,9113
2021-04-01,Japan,WPRO,2661,474773,49,9162
2021-04-02,Japan,WPRO,2685,477458,23,9185
2021-04-03,Japan,WPRO,2707,480165,28,9213
2021-04-04,Japan,WPRO,2702,482867,8,9221
2021-04-05,Japan,WPRO,2458,485325,10,9231
2021-04-06,Japan,WPRO,2220,487545,18,9249
2021-04-07,Japan,WPRO,2031,489576,30,9279
2021-04-08,Japan,WPRO,3299,492875,22,9301
2021-04-09,Japan,WPRO,3331,496206,33,9334
2021-04-10,Japan,WPRO,3587,499793,19,9353
2021-04-11,Japan,WPRO,3610,503403,29,9382
2021-04-12,Japan,WPRO,2883,506286,18,9400
2021-04-13,Japan,WPRO,2516,508802,25,9425
2021-04-14,Japan,WPRO,3367,512169,44,9469
2021-04-15,Japan,WPRO,3952,516121,31,9500
2021-04-16,Japan,WPRO,4624,520745,38,9538
2021-04-17,Japan,WPRO,4473,525218,46,9584
2021-04-18,Japan,WPRO,4611,529829,38,9622
2021-04-19,Japan,WPRO,4223,534052,19,9641
2021-04-20,Japan,WPRO,3265,537317,30,9671
2021-04-21,Japan,WPRO,4179,541496,39,9710
2021-04-22,Japan,WPRO,4929,546425,54,9764
2021-04-23,Japan,WPRO,5473,551898,36,9800
2021-04-24,Japan,WPRO,5101,556999,54,9854
2021-04-25,Japan,WPRO,5142,562141,59,9913
2021-04-26,Japan,WPRO,4722,566863,59,9972
2021-04-27,Japan,WPRO,4177,571040,32,10004
2021-04-28,Japan,WPRO,4523,575563,51,10055
2021-04-29,Japan,WPRO,5425,580988,52,10107
2021-04-30,Japan,WPRO,5794,586782,87,10194
2021-05-01,Japan,WPRO,4820,591602,35,10229
2021-05-02,Japan,WPRO,5623,597225,67,10296
2021-05-03,Japan,WPRO,5637,602862,65,10361
2021-05-04,Japan,WPRO,4764,607626,59,10420
2021-05-05,Japan,WPRO,4734,612360,50,10470
2021-05-06,Japan,WPRO,3763,616123,47,10517
2021-05-07,Japan,WPRO,4871,620994,72,10589
2021-05-08,Japan,WPRO,5528,626522,113,10702
2021-05-09,Japan,WPRO,6505,633027,121,10823
2021-05-10,Japan,WPRO,7017,640044,53,10876
2021-05-11,Japan,WPRO,5773,645817,65,10941
2021-05-12,Japan,WPRO,5885,651702,123,11064
2021-05-13,Japan,WPRO,6927,658629,101,11165
2021-05-14,Japan,WPRO,6918,665547,90,11255
2021-05-15,Japan,WPRO,6294,671841,110,11365
2021-05-16,Japan,WPRO,6147,677988,98,11463
2021-05-17,Japan,WPRO,5187,683175,45,11508
2021-05-18,Japan,WPRO,4650,687825,83,11591
2021-05-19,Japan,WPRO,4877,692702,260,11851
2021-05-20,Japan,WPRO,5552,698254,89,11940
2021-05-21,Japan,WPRO,5905,704159,106,12046
2021-05-22,Japan,WPRO,5368,709527,106,12152
2021-05-23,Japan,WPRO,4747,714274,84,12236
2021-05-24,Japan,WPRO,4590,718864,76,12312
2021-05-25,Japan,WPRO,3048,721912,86,12398
2021-05-26,Japan,WPRO,3624,725536,99,12497
2021-05-27,Japan,WPRO,4317,729853,104,12601
2021-05-28,Japan,WPRO,4034,733887,113,12714
2021-05-29,Japan,WPRO,4148,738035,105,12819
2021-05-30,Japan,WPRO,3639,741674,101,12920
2021-01-01,Jersey,EURO,19,2726,1,42
2021-01-02,Jersey,EURO,34,2760,2,44
2021-01-03,Jersey,EURO,0,2760,0,44
2021-01-04,Jersey,EURO,0,2760,0,44
2021-01-05,Jersey,EURO,61,2821,0,44
2021-01-06,Jersey,EURO,21,2842,3,47
2021-01-07,Jersey,EURO,21,2863,4,51
2021-01-08,Jersey,EURO,29,2892,2,53
2021-01-09,Jersey,EURO,16,2908,3,56
2021-01-10,Jersey,EURO,13,2921,1,57
2021-01-11,Jersey,EURO,37,2958,0,57
2021-01-12,Jersey,EURO,14,2972,0,57
2021-01-13,Jersey,EURO,21,2993,2,59
2021-01-14,Jersey,EURO,10,3003,0,59
2021-01-15,Jersey,EURO,13,3016,1,60
2021-01-16,Jersey,EURO,13,3029,0,60
2021-01-17,Jersey,EURO,15,3044,2,62
2021-01-18,Jersey,EURO,3,3047,0,62
2021-01-19,Jersey,EURO,7,3054,0,62
2021-01-20,Jersey,EURO,7,3061,0,62
2021-01-21,Jersey,EURO,16,3077,0,62
2021-01-22,Jersey,EURO,11,3088,0,62
2021-01-23,Jersey,EURO,9,3097,0,62
2021-01-24,Jersey,EURO,7,3104,1,63
2021-01-25,Jersey,EURO,12,3116,0,63
2021-01-26,Jersey,EURO,6,3122,0,63
2021-01-27,Jersey,EURO,5,3127,0,63
2021-01-28,Jersey,EURO,3,3130,0,63
2021-01-29,Jersey,EURO,4,3134,1,64
2021-01-30,Jersey,EURO,6,3140,1,65
2021-01-31,Jersey,EURO,3,3143,1,66
2021-02-01,Jersey,EURO,3,3146,0,66
2021-02-02,Jersey,EURO,6,3152,0,66
2021-02-03,Jersey,EURO,2,3154,0,66
2021-02-04,Jersey,EURO,7,3161,1,67
2021-02-05,Jersey,EURO,4,3165,0,67
2021-02-06,Jersey,EURO,6,3171,0,67
2021-02-07,Jersey,EURO,2,3173,0,67
2021-02-08,Jersey,EURO,1,3174,0,67
2021-02-09,Jersey,EURO,2,3176,0,67
2021-02-10,Jersey,EURO,1,3177,0,67
2021-02-11,Jersey,EURO,10,3187,0,67
2021-02-12,Jersey,EURO,3,3190,0,67
2021-02-13,Jersey,EURO,1,3191,0,67
2021-02-14,Jersey,EURO,7,3198,0,67
2021-02-15,Jersey,EURO,2,3200,0,67
2021-02-16,Jersey,EURO,2,3202,0,67
2021-02-17,Jersey,EURO,1,3203,1,68
2021-02-18,Jersey,EURO,2,3205,0,68
2021-02-19,Jersey,EURO,2,3207,0,68
2021-02-20,Jersey,EURO,1,3208,0,68
2021-02-21,Jersey,EURO,5,3213,0,68
2021-02-22,Jersey,EURO,0,3213,0,68
2021-02-23,Jersey,EURO,0,3213,0,68
2021-02-24,Jersey,EURO,0,3213,0,68
2021-02-25,Jersey,EURO,0,3213,0,68
2021-02-26,Jersey,EURO,0,3213,1,69
2021-02-27,Jersey,EURO,1,3214,0,69
2021-02-28,Jersey,EURO,1,3215,0,69
2021-03-01,Jersey,EURO,1,3216,0,69
2021-03-02,Jersey,EURO,1,3217,0,69
2021-03-03,Jersey,EURO,0,3217,0,69
2021-03-04,Jersey,EURO,1,3218,0,69
2021-03-05,Jersey,EURO,1,3219,0,69
2021-03-06,Jersey,EURO,1,3220,0,69
2021-03-07,Jersey,EURO,0,3220,0,69
2021-03-08,Jersey,EURO,0,3220,0,69
2021-03-09,Jersey,EURO,0,3220,0,69
2021-03-10,Jersey,EURO,0,3220,0,69
2021-03-11,Jersey,EURO,2,3222,0,69
2021-03-12,Jersey,EURO,0,3222,0,69
2021-03-13,Jersey,EURO,0,3222,0,69
2021-03-14,Jersey,EURO,0,3222,0,69
2021-03-15,Jersey,EURO,0,3222,0,69
2021-03-16,Jersey,EURO,0,3222,0,69
2021-03-17,Jersey,EURO,1,3223,0,69
2021-03-18,Jersey,EURO,1,3224,0,69
2021-03-19,Jersey,EURO,0,3224,0,69
2021-03-20,Jersey,EURO,0,3224,0,69
2021-03-21,Jersey,EURO,0,3224,0,69
2021-03-22,Jersey,EURO,0,3224,0,69
2021-03-23,Jersey,EURO,0,3224,0,69
2021-03-24,Jersey,EURO,0,3224,0,69
2021-03-25,Jersey,EURO,1,3225,0,69
2021-03-26,Jersey,EURO,0,3225,0,69
2021-03-27,Jersey,EURO,0,3225,0,69
2021-03-28,Jersey,EURO,0,3225,0,69
2021-03-29,Jersey,EURO,0,3225,0,69
2021-03-30,Jersey,EURO,0,3225,0,69
2021-03-31,Jersey,EURO,2,3227,0,69
2021-04-01,Jersey,EURO,1,3228,0,69
2021-04-02,Jersey,EURO,0,3228,0,69
2021-04-03,Jersey,EURO,1,3229,0,69
2021-04-04,Jersey,EURO,0,3229,0,69
2021-04-05,Jersey,EURO,0,3229,0,69
2021-04-06,Jersey,EURO,0,3229,0,69
2021-04-07,Jersey,EURO,0,3229,0,69
2021-04-08,Jersey,EURO,1,3230,0,69
2021-04-09,Jersey,EURO,0,3230,0,69
2021-04-10,Jersey,EURO,0,3230,0,69
2021-04-11,Jersey,EURO,0,3230,0,69
2021-04-12,Jersey,EURO,0,3230,0,69
2021-04-13,Jersey,EURO,0,3230,0,69
2021-04-14,Jersey,EURO,1,3231,0,69
2021-04-15,Jersey,EURO,1,3232,0,69
2021-04-16,Jersey,EURO,0,3232,0,69
2021-04-17,Jersey,EURO,0,3232,0,69
2021-04-18,Jersey,EURO,0,3232,0,69
2021-04-19,Jersey,EURO,0,3232,0,69
2021-04-20,Jersey,EURO,0,3232,0,69
2021-04-21,Jersey,EURO,1,3233,0,69
2021-04-22,Jersey,EURO,0,3233,0,69
2021-04-23,Jersey,EURO,0,3233,0,69
2021-04-24,Jersey,EURO,0,3233,0,69
2021-04-25,Jersey,EURO,0,3233,0,69
2021-04-26,Jersey,EURO,0,3233,0,69
2021-04-27,Jersey,EURO,0,3233,0,69
2021-04-28,Jersey,EURO,0,3233,0,69
2021-04-29,Jersey,EURO,0,3233,0,69
2021-04-30,Jersey,EURO,0,3233,0,69
2021-05-01,Jersey,EURO,1,3234,0,69
2021-05-02,Jersey,EURO,0,3234,0,69
2021-05-03,Jersey,EURO,0,3234,0,69
2021-05-04,Jersey,EURO,0,3234,0,69
2021-05-05,Jersey,EURO,0,3234,0,69
2021-05-06,Jersey,EURO,0,3234,0,69
2021-05-07,Jersey,EURO,0,3234,0,69
2021-05-08,Jersey,EURO,0,3234,0,69
2021-05-09,Jersey,EURO,0,3234,0,69
2021-05-10,Jersey,EURO,0,3234,0,69
2021-05-11,Jersey,EURO,0,3234,0,69
2021-05-12,Jersey,EURO,1,3235,0,69
2021-05-13,Jersey,EURO,1,3236,0,69
2021-05-14,Jersey,EURO,0,3236,0,69
2021-05-15,Jersey,EURO,0,3236,0,69
2021-05-16,Jersey,EURO,0,3236,0,69
2021-05-17,Jersey,EURO,0,3236,0,69
2021-05-18,Jersey,EURO,0,3236,0,69
2021-05-19,Jersey,EURO,1,3237,0,69
2021-05-20,Jersey,EURO,0,3237,0,69
2021-05-21,Jersey,EURO,0,3237,0,69
2021-05-22,Jersey,EURO,1,3238,0,69
2021-05-23,Jersey,EURO,0,3238,0,69
2021-05-24,Jersey,EURO,0,3238,0,69
2021-05-25,Jersey,EURO,0,3238,0,69
2021-05-26,Jersey,EURO,5,3243,0,69
2021-05-27,Jersey,EURO,0,3243,0,69
2021-05-28,Jersey,EURO,0,3243,0,69
2021-05-29,Jersey,EURO,0,3243,0,69
2021-05-30,Jersey,EURO,0,3243,0,69
2021-01-01,Jordan,EMRO,1427,294494,19,3834
2021-01-02,Jordan,EMRO,1271,295765,17,3851
2021-01-03,Jordan,EMRO,903,296668,26,3877
2021-01-04,Jordan,EMRO,1540,298208,26,3903
2021-01-05,Jordan,EMRO,1623,299831,16,3919
2021-01-06,Jordan,EMRO,1472,301303,21,3940
2021-01-07,Jordan,EMRO,1553,302856,15,3955
2021-01-08,Jordan,EMRO,1215,304071,13,3968
2021-01-09,Jordan,EMRO,1092,305163,21,3989
2021-01-10,Jordan,EMRO,796,305959,20,4009
2021-01-11,Jordan,EMRO,1250,307209,15,4024
2021-01-12,Jordan,EMRO,1461,308670,19,4043
2021-01-13,Jordan,EMRO,1176,309846,33,4076
2021-01-14,Jordan,EMRO,1122,310968,15,4091
2021-01-15,Jordan,EMRO,1075,312043,16,4107
2021-01-16,Jordan,EMRO,808,312851,14,4121
2021-01-17,Jordan,EMRO,706,313557,16,4137
2021-01-18,Jordan,EMRO,957,314514,8,4145
2021-01-19,Jordan,EMRO,1030,315544,8,4153
2021-01-20,Jordan,EMRO,883,316427,17,4170
2021-01-21,Jordan,EMRO,978,317405,17,4187
2021-01-22,Jordan,EMRO,776,318181,11,4198
2021-01-23,Jordan,EMRO,730,318911,9,4207
2021-01-24,Jordan,EMRO,608,319519,10,4217
2021-01-25,Jordan,EMRO,934,320453,7,4224
2021-01-26,Jordan,EMRO,845,321298,15,4239
2021-01-27,Jordan,EMRO,943,322241,9,4248
2021-01-28,Jordan,EMRO,870,323111,14,4262
2021-01-29,Jordan,EMRO,1058,324169,7,4269
2021-01-30,Jordan,EMRO,864,325033,12,4281
2021-01-31,Jordan,EMRO,641,325674,23,4304
2021-02-01,Jordan,EMRO,1181,326855,12,4316
2021-02-02,Jordan,EMRO,1207,328062,10,4326
2021-02-03,Jordan,EMRO,1132,329194,8,4334
2021-02-04,Jordan,EMRO,1280,330474,10,4344
2021-02-05,Jordan,EMRO,1294,331768,10,4354
2021-02-06,Jordan,EMRO,1222,332990,8,4362
2021-02-07,Jordan,EMRO,865,333855,7,4369
2021-02-08,Jordan,EMRO,1299,335154,10,4379
2021-02-09,Jordan,EMRO,1685,336839,6,4385
2021-02-10,Jordan,EMRO,1483,338322,10,4395
2021-02-11,Jordan,EMRO,1855,340177,16,4411
2021-02-12,Jordan,EMRO,1807,341984,10,4421
2021-02-13,Jordan,EMRO,1579,343563,12,4433
2021-02-14,Jordan,EMRO,1240,344803,11,4444
2021-02-15,Jordan,EMRO,2447,347250,11,4455
2021-02-16,Jordan,EMRO,2312,349562,18,4473
2021-02-17,Jordan,EMRO,2657,352219,18,4491
2021-02-18,Jordan,EMRO,2887,355106,12,4503
2021-02-19,Jordan,EMRO,1638,356744,9,4512
2021-02-20,Jordan,EMRO,867,357611,16,4528
2021-02-21,Jordan,EMRO,2200,359811,15,4543
2021-02-22,Jordan,EMRO,3917,363728,11,4554
2021-02-23,Jordan,EMRO,4550,368278,16,4570
2021-02-24,Jordan,EMRO,4139,372417,19,4589
2021-02-25,Jordan,EMRO,4024,376441,22,4611
2021-02-26,Jordan,EMRO,3827,380268,16,4627
2021-02-27,Jordan,EMRO,3644,383912,23,4650
2021-02-28,Jordan,EMRO,2584,386496,25,4675
2021-03-01,Jordan,EMRO,4594,391090,26,4701
2021-03-02,Jordan,EMRO,6068,397158,26,4727
2021-03-03,Jordan,EMRO,5124,402282,29,4756
2021-03-04,Jordan,EMRO,5335,407617,37,4793
2021-03-05,Jordan,EMRO,5733,413350,40,4833
2021-03-06,Jordan,EMRO,4584,417934,29,4862
2021-03-07,Jordan,EMRO,3481,421415,38,4900
2021-03-08,Jordan,EMRO,6302,427717,35,4935
2021-03-09,Jordan,EMRO,7413,435130,52,4987
2021-03-10,Jordan,EMRO,7072,442202,59,5046
2021-03-11,Jordan,EMRO,6649,448851,60,5106
2021-03-12,Jordan,EMRO,8300,457151,63,5169
2021-03-13,Jordan,EMRO,7705,464856,55,5224
2021-03-14,Jordan,EMRO,4144,469000,61,5285
2021-03-15,Jordan,EMRO,8053,477053,61,5346
2021-03-16,Jordan,EMRO,9417,486470,82,5428
2021-03-17,Jordan,EMRO,8910,495380,69,5497
2021-03-18,Jordan,EMRO,9535,504915,56,5553
2021-03-19,Jordan,EMRO,9192,514107,74,5627
2021-03-20,Jordan,EMRO,7354,521461,74,5701
2021-03-21,Jordan,EMRO,5205,526666,87,5788
2021-03-22,Jordan,EMRO,8789,535455,88,5876
2021-03-23,Jordan,EMRO,9269,544724,109,5985
2021-03-24,Jordan,EMRO,9003,553727,92,6077
2021-03-25,Jordan,EMRO,9130,562857,104,6181
2021-03-26,Jordan,EMRO,8433,571290,96,6277
2021-03-27,Jordan,EMRO,6444,577734,97,6374
2021-03-28,Jordan,EMRO,4399,582133,98,6472
2021-03-29,Jordan,EMRO,7183,589316,82,6554
2021-03-30,Jordan,EMRO,7940,597256,97,6651
2021-03-31,Jordan,EMRO,7751,605007,96,6747
2021-04-01,Jordan,EMRO,6570,611577,111,6858
2021-04-02,Jordan,EMRO,6482,618059,82,6940
2021-04-03,Jordan,EMRO,4774,622833,99,7039
2021-04-04,Jordan,EMRO,4042,626875,91,7130
2021-04-05,Jordan,EMRO,6032,632907,71,7201
2021-04-06,Jordan,EMRO,6537,639444,82,7283
2021-04-07,Jordan,EMRO,6005,645449,100,7383
2021-04-08,Jordan,EMRO,5232,650681,86,7469
2021-04-09,Jordan,EMRO,4775,655456,96,7565
2021-04-10,Jordan,EMRO,3794,659250,81,7646
2021-04-11,Jordan,EMRO,3145,662395,62,7708
2021-04-12,Jordan,EMRO,3340,665735,65,7773
2021-04-13,Jordan,EMRO,3565,669300,82,7855
2021-04-14,Jordan,EMRO,2790,672090,82,7937
2021-04-15,Jordan,EMRO,4085,676175,50,7987
2021-04-16,Jordan,EMRO,2963,679138,70,8057
2021-04-17,Jordan,EMRO,2732,681870,60,8117
2021-04-18,Jordan,EMRO,1596,683466,61,8178
2021-04-19,Jordan,EMRO,2507,685973,68,8246
2021-04-20,Jordan,EMRO,3509,689482,62,8308
2021-04-21,Jordan,EMRO,2699,692181,64,8372
2021-04-22,Jordan,EMRO,3209,695390,57,8429
2021-04-23,Jordan,EMRO,2097,697487,45,8474
2021-04-24,Jordan,EMRO,1677,699164,40,8514
2021-04-25,Jordan,EMRO,1259,700423,49,8563
2021-04-26,Jordan,EMRO,1731,702154,52,8615
2021-04-27,Jordan,EMRO,2386,704540,45,8660
2021-04-28,Jordan,EMRO,1815,706355,47,8707
2021-04-29,Jordan,EMRO,1910,708265,47,8754
2021-04-30,Jordan,EMRO,1552,709817,47,8801
2021-05-01,Jordan,EMRO,1556,711373,35,8836
2021-05-02,Jordan,EMRO,704,712077,35,8871
2021-05-03,Jordan,EMRO,824,712901,26,8897
2021-05-04,Jordan,EMRO,1272,714173,28,8925
2021-05-05,Jordan,EMRO,1530,715703,30,8955
2021-05-06,Jordan,EMRO,1220,716923,33,8988
2021-05-07,Jordan,EMRO,1007,717930,26,9014
2021-05-08,Jordan,EMRO,702,718632,33,9047
2021-05-09,Jordan,EMRO,601,719233,29,9076
2021-05-10,Jordan,EMRO,743,719976,16,9092
2021-05-11,Jordan,EMRO,1022,720998,33,9125
2021-05-12,Jordan,EMRO,855,721853,26,9151
2021-05-13,Jordan,EMRO,483,722336,29,9180
2021-05-14,Jordan,EMRO,418,722754,23,9203
2021-05-15,Jordan,EMRO,315,723069,21,9224
2021-05-16,Jordan,EMRO,276,723345,19,9243
2021-05-17,Jordan,EMRO,809,724154,16,9259
2021-05-18,Jordan,EMRO,1104,725258,17,9276
2021-05-19,Jordan,EMRO,1174,726432,19,9295
2021-05-20,Jordan,EMRO,1180,727612,19,9314
2021-05-21,Jordan,EMRO,937,728549,14,9328
2021-05-22,Jordan,EMRO,636,729185,14,9342
2021-05-23,Jordan,EMRO,521,729706,15,9357
2021-05-24,Jordan,EMRO,840,730546,11,9368
2021-05-25,Jordan,EMRO,890,731436,16,9384
2021-05-26,Jordan,EMRO,920,732356,11,9395
2021-05-27,Jordan,EMRO,842,733198,12,9407
2021-05-28,Jordan,EMRO,841,734039,16,9423
2021-05-29,Jordan,EMRO,620,734659,13,9436
2021-05-30,Jordan,EMRO,480,735139,7,9443
2021-01-01,Kazakhstan,EURO,846,202159,0,2749
2021-01-02,Kazakhstan,EURO,721,202880,0,2749
2021-01-03,Kazakhstan,EURO,683,203563,96,2845
2021-01-04,Kazakhstan,EURO,730,204293,0,2845
2021-01-05,Kazakhstan,EURO,771,205064,0,2845
2021-01-06,Kazakhstan,EURO,869,205933,0,2845
2021-01-07,Kazakhstan,EURO,907,206840,0,2845
2021-01-08,Kazakhstan,EURO,871,207711,0,2845
2021-01-09,Kazakhstan,EURO,885,208596,0,2845
2021-01-10,Kazakhstan,EURO,773,209369,40,2885
2021-01-11,Kazakhstan,EURO,717,210086,0,2885
2021-01-12,Kazakhstan,EURO,890,210976,0,2885
2021-01-13,Kazakhstan,EURO,925,211901,0,2885
2021-01-14,Kazakhstan,EURO,911,212812,0,2885
2021-01-15,Kazakhstan,EURO,1043,213855,0,2885
2021-01-16,Kazakhstan,EURO,1072,214927,0,2885
2021-01-17,Kazakhstan,EURO,1020,215947,71,2956
2021-01-18,Kazakhstan,EURO,1017,216964,0,2956
2021-01-19,Kazakhstan,EURO,1252,218216,0,2956
2021-01-20,Kazakhstan,EURO,1311,219527,0,2956
2021-01-21,Kazakhstan,EURO,1526,221053,0,2956
2021-01-22,Kazakhstan,EURO,1648,222701,0,2956
2021-01-23,Kazakhstan,EURO,1694,224395,0,2956
2021-01-24,Kazakhstan,EURO,1496,225891,79,3035
2021-01-25,Kazakhstan,EURO,1274,227165,0,3035
2021-01-26,Kazakhstan,EURO,1527,228692,0,3035
2021-01-27,Kazakhstan,EURO,1496,230188,0,3035
2021-01-28,Kazakhstan,EURO,1528,231716,0,3035
2021-01-29,Kazakhstan,EURO,1440,233156,0,3035
2021-01-30,Kazakhstan,EURO,1413,234569,0,3035
2021-01-31,Kazakhstan,EURO,1275,235844,91,3126
2021-02-01,Kazakhstan,EURO,1185,237029,0,3126
2021-02-02,Kazakhstan,EURO,1335,238364,0,3126
2021-02-03,Kazakhstan,EURO,1362,239726,0,3126
2021-02-04,Kazakhstan,EURO,1257,240983,0,3126
2021-02-05,Kazakhstan,EURO,1209,242192,0,3126
2021-02-06,Kazakhstan,EURO,1215,243407,0,3126
2021-02-07,Kazakhstan,EURO,1021,244428,59,3185
2021-02-08,Kazakhstan,EURO,923,245351,0,3185
2021-02-09,Kazakhstan,EURO,1123,246474,0,3185
2021-02-10,Kazakhstan,EURO,1059,247533,0,3185
2021-02-11,Kazakhstan,EURO,1033,248566,0,3185
2021-02-12,Kazakhstan,EURO,996,249562,0,3185
2021-02-13,Kazakhstan,EURO,914,250476,0,3185
2021-02-14,Kazakhstan,EURO,791,251267,61,3246
2021-02-15,Kazakhstan,EURO,692,251959,0,3246
2021-02-16,Kazakhstan,EURO,862,252821,0,3246
2021-02-17,Kazakhstan,EURO,930,253751,0,3246
2021-02-18,Kazakhstan,EURO,961,254712,0,3246
2021-02-19,Kazakhstan,EURO,872,255584,0,3246
2021-02-20,Kazakhstan,EURO,804,256388,0,3246
2021-02-21,Kazakhstan,EURO,712,257100,65,3311
2021-02-22,Kazakhstan,EURO,700,257800,0,3311
2021-02-23,Kazakhstan,EURO,809,258609,0,3311
2021-02-24,Kazakhstan,EURO,869,259478,0,3311
2021-02-25,Kazakhstan,EURO,906,260384,0,3311
2021-02-26,Kazakhstan,EURO,860,261244,0,3311
2021-02-27,Kazakhstan,EURO,849,262093,0,3311
2021-02-28,Kazakhstan,EURO,632,262725,78,3389
2021-03-01,Kazakhstan,EURO,671,263396,0,3389
2021-03-02,Kazakhstan,EURO,782,264178,0,3389
2021-03-03,Kazakhstan,EURO,850,265028,0,3389
2021-03-04,Kazakhstan,EURO,901,265929,0,3389
2021-03-05,Kazakhstan,EURO,874,266803,0,3389
2021-03-06,Kazakhstan,EURO,854,267657,0,3389
2021-03-07,Kazakhstan,EURO,670,268327,0,3389
2021-03-08,Kazakhstan,EURO,575,268902,67,3456
2021-03-09,Kazakhstan,EURO,697,269599,0,3456
2021-03-10,Kazakhstan,EURO,800,270399,0,3456
2021-03-11,Kazakhstan,EURO,964,271363,0,3456
2021-03-12,Kazakhstan,EURO,1057,272420,0,3456
2021-03-13,Kazakhstan,EURO,1101,273521,0,3456
2021-03-14,Kazakhstan,EURO,1020,274541,55,3511
2021-03-15,Kazakhstan,EURO,961,275502,0,3511
2021-03-16,Kazakhstan,EURO,1161,276663,0,3511
2021-03-17,Kazakhstan,EURO,1243,277906,0,3511
2021-03-18,Kazakhstan,EURO,1314,279220,0,3511
2021-03-19,Kazakhstan,EURO,1356,280576,0,3511
2021-03-20,Kazakhstan,EURO,1222,281798,0,3511
2021-03-21,Kazakhstan,EURO,1229,283027,2291,5802
2021-03-22,Kazakhstan,EURO,1111,284138,0,5802
2021-03-23,Kazakhstan,EURO,1103,285241,0,5802
2021-03-24,Kazakhstan,EURO,1111,286352,0,5802
2021-03-25,Kazakhstan,EURO,1163,287515,0,5802
2021-03-26,Kazakhstan,EURO,1587,289102,0,5802
2021-03-27,Kazakhstan,EURO,1690,290792,0,5802
2021-03-28,Kazakhstan,EURO,1514,292306,110,5912
2021-03-29,Kazakhstan,EURO,1455,293761,0,5912
2021-03-30,Kazakhstan,EURO,1745,295506,0,5912
2021-03-31,Kazakhstan,EURO,1966,297472,0,5912
2021-04-01,Kazakhstan,EURO,2154,299626,0,5912
2021-04-02,Kazakhstan,EURO,2192,301818,0,5912
2021-04-03,Kazakhstan,EURO,2104,303922,0,5912
2021-04-04,Kazakhstan,EURO,1938,305860,116,6028
2021-04-05,Kazakhstan,EURO,1816,307676,0,6028
2021-04-06,Kazakhstan,EURO,2196,309872,0,6028
2021-04-07,Kazakhstan,EURO,2686,312558,0,6028
2021-04-08,Kazakhstan,EURO,2544,315102,0,6028
2021-04-09,Kazakhstan,EURO,2835,317937,0,6028
2021-04-10,Kazakhstan,EURO,2944,320881,0,6028
2021-04-11,Kazakhstan,EURO,2327,323208,151,6179
2021-04-12,Kazakhstan,EURO,2026,325234,0,6179
2021-04-13,Kazakhstan,EURO,2359,327593,0,6179
2021-04-14,Kazakhstan,EURO,2726,330319,0,6179
2021-04-15,Kazakhstan,EURO,2727,333046,0,6179
2021-04-16,Kazakhstan,EURO,2890,335936,0,6179
2021-04-17,Kazakhstan,EURO,2909,338845,0,6179
2021-04-18,Kazakhstan,EURO,2754,341599,194,6373
2021-04-19,Kazakhstan,EURO,2541,344140,0,6373
2021-04-20,Kazakhstan,EURO,2831,346971,0,6373
2021-04-21,Kazakhstan,EURO,3016,349987,0,6373
2021-04-22,Kazakhstan,EURO,3001,352988,0,6373
2021-04-23,Kazakhstan,EURO,2930,355918,0,6373
2021-04-24,Kazakhstan,EURO,2916,358834,0,6373
2021-04-25,Kazakhstan,EURO,2741,361575,188,6561
2021-04-26,Kazakhstan,EURO,2296,363871,0,6561
2021-04-27,Kazakhstan,EURO,2838,366709,0,6561
2021-04-28,Kazakhstan,EURO,2995,369704,0,6561
2021-04-29,Kazakhstan,EURO,2958,372662,0,6561
2021-04-30,Kazakhstan,EURO,2975,375637,0,6561
2021-05-01,Kazakhstan,EURO,2933,378570,0,6561
2021-05-02,Kazakhstan,EURO,2508,381078,197,6758
2021-05-03,Kazakhstan,EURO,2086,383164,0,6758
2021-05-04,Kazakhstan,EURO,2327,385491,0,6758
2021-05-05,Kazakhstan,EURO,2620,388111,0,6758
2021-05-06,Kazakhstan,EURO,2941,391052,0,6758
2021-05-07,Kazakhstan,EURO,2706,393758,0,6758
2021-05-08,Kazakhstan,EURO,2372,396130,0,6758
2021-05-09,Kazakhstan,EURO,2165,398295,218,6976
2021-05-10,Kazakhstan,EURO,1773,400068,0,6976
2021-05-11,Kazakhstan,EURO,1824,401892,0,6976
2021-05-12,Kazakhstan,EURO,2456,404348,0,6976
2021-05-13,Kazakhstan,EURO,2676,407024,0,6976
2021-05-14,Kazakhstan,EURO,2635,409659,0,6976
2021-05-15,Kazakhstan,EURO,2577,412236,0,6976
2021-05-16,Kazakhstan,EURO,2109,414345,173,7149
2021-05-17,Kazakhstan,EURO,1838,416183,0,7149
2021-05-18,Kazakhstan,EURO,2142,418325,0,7149
2021-05-19,Kazakhstan,EURO,2538,420863,0,7149
2021-05-20,Kazakhstan,EURO,2388,423251,0,7149
2021-05-21,Kazakhstan,EURO,2369,425620,0,7149
2021-05-22,Kazakhstan,EURO,2253,427873,0,7149
2021-05-23,Kazakhstan,EURO,1847,429720,0,7149
2021-05-24,Kazakhstan,EURO,1568,431288,0,7149
2021-05-25,Kazakhstan,EURO,1860,433148,0,7149
2021-05-26,Kazakhstan,EURO,1956,435104,0,7149
2021-05-27,Kazakhstan,EURO,1827,436931,0,7149
2021-05-28,Kazakhstan,EURO,1784,438715,0,7149
2021-05-29,Kazakhstan,EURO,1654,440369,0,7149
2021-05-30,Kazakhstan,EURO,1432,441801,172,7321
2021-01-01,Kenya,AFRO,207,96458,3,1670
2021-01-02,Kenya,AFRO,0,96458,0,1670
2021-01-03,Kenya,AFRO,220,96678,15,1685
2021-01-04,Kenya,AFRO,124,96802,0,1685
2021-01-05,Kenya,AFRO,106,96908,1,1686
2021-01-06,Kenya,AFRO,219,97127,4,1690
2021-01-07,Kenya,AFRO,271,97398,4,1694
2021-01-08,Kenya,AFRO,335,97733,8,1702
2021-01-09,Kenya,AFRO,221,97954,1,1703
2021-01-10,Kenya,AFRO,230,98184,1,1704
2021-01-11,Kenya,AFRO,87,98271,6,1710
2021-01-12,Kenya,AFRO,63,98334,3,1713
2021-01-13,Kenya,AFRO,98,98432,3,1716
2021-01-14,Kenya,AFRO,123,98555,4,1720
2021-01-15,Kenya,AFRO,138,98693,3,1723
2021-01-16,Kenya,AFRO,166,98859,3,1726
2021-01-17,Kenya,AFRO,223,99082,2,1728
2021-01-18,Kenya,AFRO,80,99162,3,1731
2021-01-19,Kenya,AFRO,65,99227,3,1734
2021-01-20,Kenya,AFRO,81,99308,0,1734
2021-01-21,Kenya,AFRO,136,99444,2,1736
2021-01-22,Kenya,AFRO,186,99630,3,1739
2021-01-23,Kenya,AFRO,139,99769,1,1740
2021-01-24,Kenya,AFRO,129,99898,0,1740
2021-01-25,Kenya,AFRO,85,99983,4,1744
2021-01-26,Kenya,AFRO,69,100052,0,1744
2021-01-27,Kenya,AFRO,141,100193,6,1750
2021-01-28,Kenya,AFRO,130,100323,1,1751
2021-01-29,Kenya,AFRO,99,100422,2,1753
2021-01-30,Kenya,AFRO,141,100563,0,1753
2021-01-31,Kenya,AFRO,112,100675,2,1755
2021-02-01,Kenya,AFRO,98,100773,8,1763
2021-02-02,Kenya,AFRO,83,100856,3,1766
2021-02-03,Kenya,AFRO,153,101009,0,1766
2021-02-04,Kenya,AFRO,150,101159,3,1769
2021-02-05,Kenya,AFRO,180,101339,4,1773
2021-02-06,Kenya,AFRO,195,101534,3,1776
2021-02-07,Kenya,AFRO,156,101690,0,1776
2021-02-08,Kenya,AFRO,129,101819,3,1779
2021-02-09,Kenya,AFRO,125,101944,7,1786
2021-02-10,Kenya,AFRO,104,102048,3,1789
2021-02-11,Kenya,AFRO,173,102221,2,1791
2021-02-12,Kenya,AFRO,132,102353,3,1794
2021-02-13,Kenya,AFRO,260,102613,0,1794
2021-02-14,Kenya,AFRO,179,102792,1,1795
2021-02-15,Kenya,AFRO,75,102867,0,1795
2021-02-16,Kenya,AFRO,147,103014,0,1795
2021-02-17,Kenya,AFRO,174,103188,2,1797
2021-02-18,Kenya,AFRO,144,103332,4,1801
2021-02-19,Kenya,AFRO,283,103615,6,1807
2021-02-20,Kenya,AFRO,226,103841,6,1813
2021-02-21,Kenya,AFRO,152,103993,4,1817
2021-02-22,Kenya,AFRO,208,104201,6,1823
2021-02-23,Kenya,AFRO,105,104306,4,1827
2021-02-24,Kenya,AFRO,194,104500,10,1837
2021-02-25,Kenya,AFRO,280,104780,2,1839
2021-02-26,Kenya,AFRO,277,105057,8,1847
2021-02-27,Kenya,AFRO,0,105057,0,1847
2021-02-28,Kenya,AFRO,591,105648,7,1854
2021-03-01,Kenya,AFRO,325,105973,2,1856
2021-03-02,Kenya,AFRO,152,106125,3,1859
2021-03-03,Kenya,AFRO,345,106470,4,1863
2021-03-04,Kenya,AFRO,331,106801,3,1866
2021-03-05,Kenya,AFRO,528,107329,4,1870
2021-03-06,Kenya,AFRO,400,107729,3,1873
2021-03-07,Kenya,AFRO,633,108362,1,1874
2021-03-08,Kenya,AFRO,465,108827,2,1876
2021-03-09,Kenya,AFRO,337,109164,3,1879
2021-03-10,Kenya,AFRO,479,109643,7,1886
2021-03-11,Kenya,AFRO,713,110356,12,1898
2021-03-12,Kenya,AFRO,829,111185,1,1899
2021-03-13,Kenya,AFRO,750,111935,2,1901
2021-03-14,Kenya,AFRO,870,112805,7,1908
2021-03-15,Kenya,AFRO,431,113236,5,1913
2021-03-16,Kenya,AFRO,731,113967,5,1918
2021-03-17,Kenya,AFRO,1064,115031,7,1925
2021-03-18,Kenya,AFRO,1279,116310,12,1937
2021-03-19,Kenya,AFRO,1225,117535,17,1954
2021-03-20,Kenya,AFRO,1354,118889,28,1982
2021-03-21,Kenya,AFRO,1274,120163,5,1987
2021-03-22,Kenya,AFRO,747,120910,24,2011
2021-03-23,Kenya,AFRO,1130,122040,12,2023
2021-03-24,Kenya,AFRO,1127,123167,25,2048
2021-03-25,Kenya,AFRO,1540,124707,18,2066
2021-03-26,Kenya,AFRO,1463,126170,26,2092
2021-03-27,Kenya,AFRO,2008,128178,6,2098
2021-03-28,Kenya,AFRO,1152,129330,6,2104
2021-03-29,Kenya,AFRO,884,130214,13,2117
2021-03-30,Kenya,AFRO,902,131116,18,2135
2021-03-31,Kenya,AFRO,1530,132646,12,2147
2021-04-01,Kenya,AFRO,1412,134058,6,2153
2021-04-02,Kenya,AFRO,984,135042,14,2167
2021-04-03,Kenya,AFRO,1851,136893,19,2186
2021-04-04,Kenya,AFRO,1184,138077,20,2206
2021-04-05,Kenya,AFRO,911,138988,18,2224
2021-04-06,Kenya,AFRO,460,139448,20,2244
2021-04-07,Kenya,AFRO,394,139842,14,2258
2021-04-08,Kenya,AFRO,1523,141365,18,2276
2021-04-09,Kenya,AFRO,1698,143063,16,2292
2021-04-10,Kenya,AFRO,1091,144154,17,2309
2021-04-11,Kenya,AFRO,1030,145184,21,2330
2021-04-12,Kenya,AFRO,486,145670,18,2348
2021-04-13,Kenya,AFRO,486,146156,20,2368
2021-04-14,Kenya,AFRO,991,147147,26,2394
2021-04-15,Kenya,AFRO,981,148128,26,2420
2021-04-16,Kenya,AFRO,1091,149219,4,2424
2021-04-17,Kenya,AFRO,0,149219,0,2424
2021-04-18,Kenya,AFRO,2068,151287,39,2463
2021-04-19,Kenya,AFRO,366,151653,18,2481
2021-04-20,Kenya,AFRO,241,151894,20,2501
2021-04-21,Kenya,AFRO,629,152523,18,2519
2021-04-22,Kenya,AFRO,965,153488,21,2540
2021-04-23,Kenya,AFRO,904,154392,20,2560
2021-04-24,Kenya,AFRO,773,155165,23,2583
2021-04-25,Kenya,AFRO,1153,156318,20,2603
2021-04-26,Kenya,AFRO,469,156787,19,2622
2021-04-27,Kenya,AFRO,194,156981,21,2643
2021-04-28,Kenya,AFRO,511,157492,22,2665
2021-04-29,Kenya,AFRO,834,158326,23,2688
2021-04-30,Kenya,AFRO,495,158821,19,2707
2021-05-01,Kenya,AFRO,497,159318,17,2724
2021-05-02,Kenya,AFRO,735,160053,20,2744
2021-05-03,Kenya,AFRO,369,160422,19,2763
2021-05-04,Kenya,AFRO,137,160559,18,2781
2021-05-05,Kenya,AFRO,345,160904,24,2805
2021-05-06,Kenya,AFRO,489,161393,20,2825
2021-05-07,Kenya,AFRO,705,162098,25,2850
2021-05-08,Kenya,AFRO,568,162666,15,2865
2021-05-09,Kenya,AFRO,572,163238,18,2883
2021-05-10,Kenya,AFRO,316,163554,12,2895
2021-05-11,Kenya,AFRO,66,163620,12,2907
2021-05-12,Kenya,AFRO,356,163976,21,2928
2021-05-13,Kenya,AFRO,410,164386,22,2950
2021-05-14,Kenya,AFRO,334,164720,18,2968
2021-05-15,Kenya,AFRO,392,165112,8,2976
2021-05-16,Kenya,AFRO,267,165379,25,3001
2021-05-17,Kenya,AFRO,86,165465,2,3003
2021-05-18,Kenya,AFRO,72,165537,10,3013
2021-05-19,Kenya,AFRO,469,166006,8,3021
2021-05-20,Kenya,AFRO,376,166382,14,3035
2021-05-21,Kenya,AFRO,494,166876,5,3040
2021-05-22,Kenya,AFRO,659,167535,3,3043
2021-05-23,Kenya,AFRO,573,168108,6,3049
2021-05-24,Kenya,AFRO,324,168432,10,3059
2021-05-25,Kenya,AFRO,111,168543,14,3073
2021-05-26,Kenya,AFRO,382,168925,14,3087
2021-05-27,Kenya,AFRO,431,169356,10,3097
2021-05-28,Kenya,AFRO,341,169697,11,3108
2021-05-29,Kenya,AFRO,344,170041,16,3124
2021-05-30,Kenya,AFRO,444,170485,17,3141
2021-01-01,Kiribati,WPRO,0,0,0,0
2021-01-02,Kiribati,WPRO,0,0,0,0
2021-01-03,Kiribati,WPRO,0,0,0,0
2021-01-04,Kiribati,WPRO,0,0,0,0
2021-01-05,Kiribati,WPRO,0,0,0,0
2021-01-06,Kiribati,WPRO,0,0,0,0
2021-01-07,Kiribati,WPRO,0,0,0,0
2021-01-08,Kiribati,WPRO,0,0,0,0
2021-01-09,Kiribati,WPRO,0,0,0,0
2021-01-10,Kiribati,WPRO,0,0,0,0
2021-01-11,Kiribati,WPRO,0,0,0,0
2021-01-12,Kiribati,WPRO,0,0,0,0
2021-01-13,Kiribati,WPRO,0,0,0,0
2021-01-14,Kiribati,WPRO,0,0,0,0
2021-01-15,Kiribati,WPRO,0,0,0,0
2021-01-16,Kiribati,WPRO,0,0,0,0
2021-01-17,Kiribati,WPRO,0,0,0,0
2021-01-18,Kiribati,WPRO,0,0,0,0
2021-01-19,Kiribati,WPRO,0,0,0,0
2021-01-20,Kiribati,WPRO,0,0,0,0
2021-01-21,Kiribati,WPRO,0,0,0,0
2021-01-22,Kiribati,WPRO,0,0,0,0
2021-01-23,Kiribati,WPRO,0,0,0,0
2021-01-24,Kiribati,WPRO,0,0,0,0
2021-01-25,Kiribati,WPRO,0,0,0,0
2021-01-26,Kiribati,WPRO,0,0,0,0
2021-01-27,Kiribati,WPRO,0,0,0,0
2021-01-28,Kiribati,WPRO,0,0,0,0
2021-01-29,Kiribati,WPRO,0,0,0,0
2021-01-30,Kiribati,WPRO,0,0,0,0
2021-01-31,Kiribati,WPRO,0,0,0,0
2021-02-01,Kiribati,WPRO,0,0,0,0
2021-02-02,Kiribati,WPRO,0,0,0,0
2021-02-03,Kiribati,WPRO,0,0,0,0
2021-02-04,Kiribati,WPRO,0,0,0,0
2021-02-05,Kiribati,WPRO,0,0,0,0
2021-02-06,Kiribati,WPRO,0,0,0,0
2021-02-07,Kiribati,WPRO,0,0,0,0
2021-02-08,Kiribati,WPRO,0,0,0,0
2021-02-09,Kiribati,WPRO,0,0,0,0
2021-02-10,Kiribati,WPRO,0,0,0,0
2021-02-11,Kiribati,WPRO,0,0,0,0
2021-02-12,Kiribati,WPRO,0,0,0,0
2021-02-13,Kiribati,WPRO,0,0,0,0
2021-02-14,Kiribati,WPRO,0,0,0,0
2021-02-15,Kiribati,WPRO,0,0,0,0
2021-02-16,Kiribati,WPRO,0,0,0,0
2021-02-17,Kiribati,WPRO,0,0,0,0
2021-02-18,Kiribati,WPRO,0,0,0,0
2021-02-19,Kiribati,WPRO,0,0,0,0
2021-02-20,Kiribati,WPRO,0,0,0,0
2021-02-21,Kiribati,WPRO,0,0,0,0
2021-02-22,Kiribati,WPRO,0,0,0,0
2021-02-23,Kiribati,WPRO,0,0,0,0
2021-02-24,Kiribati,WPRO,0,0,0,0
2021-02-25,Kiribati,WPRO,0,0,0,0
2021-02-26,Kiribati,WPRO,0,0,0,0
2021-02-27,Kiribati,WPRO,0,0,0,0
2021-02-28,Kiribati,WPRO,0,0,0,0
2021-03-01,Kiribati,WPRO,0,0,0,0
2021-03-02,Kiribati,WPRO,0,0,0,0
2021-03-03,Kiribati,WPRO,0,0,0,0
2021-03-04,Kiribati,WPRO,0,0,0,0
2021-03-05,Kiribati,WPRO,0,0,0,0
2021-03-06,Kiribati,WPRO,0,0,0,0
2021-03-07,Kiribati,WPRO,0,0,0,0
2021-03-08,Kiribati,WPRO,0,0,0,0
2021-03-09,Kiribati,WPRO,0,0,0,0
2021-03-10,Kiribati,WPRO,0,0,0,0
2021-03-11,Kiribati,WPRO,0,0,0,0
2021-03-12,Kiribati,WPRO,0,0,0,0
2021-03-13,Kiribati,WPRO,0,0,0,0
2021-03-14,Kiribati,WPRO,0,0,0,0
2021-03-15,Kiribati,WPRO,0,0,0,0
2021-03-16,Kiribati,WPRO,0,0,0,0
2021-03-17,Kiribati,WPRO,0,0,0,0
2021-03-18,Kiribati,WPRO,0,0,0,0
2021-03-19,Kiribati,WPRO,0,0,0,0
2021-03-20,Kiribati,WPRO,0,0,0,0
2021-03-21,Kiribati,WPRO,0,0,0,0
2021-03-22,Kiribati,WPRO,0,0,0,0
2021-03-23,Kiribati,WPRO,0,0,0,0
2021-03-24,Kiribati,WPRO,0,0,0,0
2021-03-25,Kiribati,WPRO,0,0,0,0
2021-03-26,Kiribati,WPRO,0,0,0,0
2021-03-27,Kiribati,WPRO,0,0,0,0
2021-03-28,Kiribati,WPRO,0,0,0,0
2021-03-29,Kiribati,WPRO,0,0,0,0
2021-03-30,Kiribati,WPRO,0,0,0,0
2021-03-31,Kiribati,WPRO,0,0,0,0
2021-04-01,Kiribati,WPRO,0,0,0,0
2021-04-02,Kiribati,WPRO,0,0,0,0
2021-04-03,Kiribati,WPRO,0,0,0,0
2021-04-04,Kiribati,WPRO,0,0,0,0
2021-04-05,Kiribati,WPRO,0,0,0,0
2021-04-06,Kiribati,WPRO,0,0,0,0
2021-04-07,Kiribati,WPRO,0,0,0,0
2021-04-08,Kiribati,WPRO,0,0,0,0
2021-04-09,Kiribati,WPRO,0,0,0,0
2021-04-10,Kiribati,WPRO,0,0,0,0
2021-04-11,Kiribati,WPRO,0,0,0,0
2021-04-12,Kiribati,WPRO,0,0,0,0
2021-04-13,Kiribati,WPRO,0,0,0,0
2021-04-14,Kiribati,WPRO,0,0,0,0
2021-04-15,Kiribati,WPRO,0,0,0,0
2021-04-16,Kiribati,WPRO,0,0,0,0
2021-04-17,Kiribati,WPRO,0,0,0,0
2021-04-18,Kiribati,WPRO,0,0,0,0
2021-04-19,Kiribati,WPRO,0,0,0,0
2021-04-20,Kiribati,WPRO,0,0,0,0
2021-04-21,Kiribati,WPRO,0,0,0,0
2021-04-22,Kiribati,WPRO,0,0,0,0
2021-04-23,Kiribati,WPRO,0,0,0,0
2021-04-24,Kiribati,WPRO,0,0,0,0
2021-04-25,Kiribati,WPRO,0,0,0,0
2021-04-26,Kiribati,WPRO,0,0,0,0
2021-04-27,Kiribati,WPRO,0,0,0,0
2021-04-28,Kiribati,WPRO,0,0,0,0
2021-04-29,Kiribati,WPRO,0,0,0,0
2021-04-30,Kiribati,WPRO,0,0,0,0
2021-05-01,Kiribati,WPRO,0,0,0,0
2021-05-02,Kiribati,WPRO,0,0,0,0
2021-05-03,Kiribati,WPRO,0,0,0,0
2021-05-04,Kiribati,WPRO,0,0,0,0
2021-05-05,Kiribati,WPRO,0,0,0,0
2021-05-06,Kiribati,WPRO,0,0,0,0
2021-05-07,Kiribati,WPRO,0,0,0,0
2021-05-08,Kiribati,WPRO,0,0,0,0
2021-05-09,Kiribati,WPRO,0,0,0,0
2021-05-10,Kiribati,WPRO,0,0,0,0
2021-05-11,Kiribati,WPRO,0,0,0,0
2021-05-12,Kiribati,WPRO,0,0,0,0
2021-05-13,Kiribati,WPRO,0,0,0,0
2021-05-14,Kiribati,WPRO,0,0,0,0
2021-05-15,Kiribati,WPRO,0,0,0,0
2021-05-16,Kiribati,WPRO,0,0,0,0
2021-05-17,Kiribati,WPRO,0,0,0,0
2021-05-18,Kiribati,WPRO,0,0,0,0
2021-05-19,Kiribati,WPRO,0,0,0,0
2021-05-20,Kiribati,WPRO,0,0,0,0
2021-05-21,Kiribati,WPRO,0,0,0,0
2021-05-22,Kiribati,WPRO,0,0,0,0
2021-05-23,Kiribati,WPRO,0,0,0,0
2021-05-24,Kiribati,WPRO,0,0,0,0
2021-05-25,Kiribati,WPRO,0,0,0,0
2021-05-26,Kiribati,WPRO,0,0,0,0
2021-05-27,Kiribati,WPRO,0,0,0,0
2021-05-28,Kiribati,WPRO,0,0,0,0
2021-05-29,Kiribati,WPRO,0,0,0,0
2021-05-30,Kiribati,WPRO,0,0,0,0
2021-01-01,Kosovo[1],EURO,184,51285,3,1325
2021-01-02,Kosovo[1],EURO,174,51459,1,1326
2021-01-03,Kosovo[1],EURO,229,51688,4,1330
2021-01-04,Kosovo[1],EURO,234,51922,4,1334
2021-01-05,Kosovo[1],EURO,169,52091,7,1341
2021-01-06,Kosovo[1],EURO,199,52290,4,1345
2021-01-07,Kosovo[1],EURO,301,52591,2,1347
2021-01-08,Kosovo[1],EURO,309,52900,6,1353
2021-01-09,Kosovo[1],EURO,321,53221,5,1358
2021-01-10,Kosovo[1],EURO,259,53480,7,1365
2021-01-11,Kosovo[1],EURO,253,53733,2,1367
2021-01-12,Kosovo[1],EURO,206,53939,6,1373
2021-01-13,Kosovo[1],EURO,279,54218,4,1377
2021-01-14,Kosovo[1],EURO,299,54517,1,1378
2021-01-15,Kosovo[1],EURO,279,54796,4,1382
2021-01-16,Kosovo[1],EURO,296,55092,7,1389
2021-01-17,Kosovo[1],EURO,363,55455,6,1395
2021-01-18,Kosovo[1],EURO,353,55808,5,1400
2021-01-19,Kosovo[1],EURO,267,56075,1,1401
2021-01-20,Kosovo[1],EURO,297,56372,9,1410
2021-01-21,Kosovo[1],EURO,320,56692,6,1416
2021-01-22,Kosovo[1],EURO,296,56988,7,1423
2021-01-23,Kosovo[1],EURO,289,57277,14,1437
2021-01-24,Kosovo[1],EURO,379,57656,3,1440
2021-01-25,Kosovo[1],EURO,392,58048,6,1446
2021-01-26,Kosovo[1],EURO,311,58359,10,1456
2021-01-27,Kosovo[1],EURO,288,58647,5,1461
2021-01-28,Kosovo[1],EURO,301,58948,8,1469
2021-01-29,Kosovo[1],EURO,316,59264,3,1472
2021-01-30,Kosovo[1],EURO,342,59606,5,1477
2021-01-31,Kosovo[1],EURO,285,59891,5,1482
2021-02-01,Kosovo[1],EURO,287,60178,6,1488
2021-02-02,Kosovo[1],EURO,282,60460,5,1493
2021-02-03,Kosovo[1],EURO,245,60705,3,1496
2021-02-04,Kosovo[1],EURO,314,61019,3,1499
2021-02-05,Kosovo[1],EURO,318,61337,5,1504
2021-02-06,Kosovo[1],EURO,308,61645,5,1509
2021-02-07,Kosovo[1],EURO,321,61966,1,1510
2021-02-08,Kosovo[1],EURO,249,62215,3,1513
2021-02-09,Kosovo[1],EURO,290,62505,3,1516
2021-02-10,Kosovo[1],EURO,234,62739,2,1518
2021-02-11,Kosovo[1],EURO,307,63046,4,1522
2021-02-12,Kosovo[1],EURO,344,63390,2,1524
2021-02-13,Kosovo[1],EURO,372,63762,6,1530
2021-02-14,Kosovo[1],EURO,290,64052,4,1534
2021-02-15,Kosovo[1],EURO,246,64298,0,1534
2021-02-16,Kosovo[1],EURO,178,64476,1,1535
2021-02-17,Kosovo[1],EURO,249,64725,3,1538
2021-02-18,Kosovo[1],EURO,297,65022,5,1543
2021-02-19,Kosovo[1],EURO,285,65307,5,1548
2021-02-20,Kosovo[1],EURO,340,65647,10,1558
2021-02-21,Kosovo[1],EURO,292,65939,3,1561
2021-02-22,Kosovo[1],EURO,398,66337,1,1562
2021-02-23,Kosovo[1],EURO,260,66597,3,1565
2021-02-24,Kosovo[1],EURO,368,66965,4,1569
2021-02-25,Kosovo[1],EURO,497,67462,3,1572
2021-02-26,Kosovo[1],EURO,437,67899,5,1577
2021-02-27,Kosovo[1],EURO,435,68334,5,1582
2021-02-28,Kosovo[1],EURO,426,68760,3,1585
2021-03-01,Kosovo[1],EURO,453,69213,4,1589
2021-03-02,Kosovo[1],EURO,467,69680,9,1598
2021-03-03,Kosovo[1],EURO,488,70168,8,1606
2021-03-04,Kosovo[1],EURO,568,70736,4,1610
2021-03-05,Kosovo[1],EURO,591,71327,7,1617
2021-03-06,Kosovo[1],EURO,564,71891,7,1624
2021-03-07,Kosovo[1],EURO,566,72457,6,1630
2021-03-08,Kosovo[1],EURO,548,73005,9,1639
2021-03-09,Kosovo[1],EURO,727,73732,6,1645
2021-03-10,Kosovo[1],EURO,444,74176,13,1658
2021-03-11,Kosovo[1],EURO,529,74705,6,1664
2021-03-12,Kosovo[1],EURO,632,75337,8,1672
2021-03-13,Kosovo[1],EURO,730,76067,6,1678
2021-03-14,Kosovo[1],EURO,578,76645,8,1686
2021-03-15,Kosovo[1],EURO,565,77210,6,1692
2021-03-16,Kosovo[1],EURO,574,77784,13,1705
2021-03-17,Kosovo[1],EURO,553,78337,8,1713
2021-03-18,Kosovo[1],EURO,709,79046,8,1721
2021-03-19,Kosovo[1],EURO,704,79750,5,1726
2021-03-20,Kosovo[1],EURO,828,80578,8,1734
2021-03-21,Kosovo[1],EURO,771,81349,8,1742
2021-03-22,Kosovo[1],EURO,793,82142,8,1750
2021-03-23,Kosovo[1],EURO,827,82969,16,1766
2021-03-24,Kosovo[1],EURO,705,83674,10,1776
2021-03-25,Kosovo[1],EURO,781,84455,17,1793
2021-03-26,Kosovo[1],EURO,836,85291,10,1803
2021-03-27,Kosovo[1],EURO,860,86151,6,1809
2021-03-28,Kosovo[1],EURO,873,87024,11,1820
2021-03-29,Kosovo[1],EURO,914,87938,10,1830
2021-03-30,Kosovo[1],EURO,774,88712,4,1834
2021-03-31,Kosovo[1],EURO,752,89464,14,1848
2021-04-01,Kosovo[1],EURO,923,90387,14,1862
2021-04-02,Kosovo[1],EURO,975,91362,14,1876
2021-04-03,Kosovo[1],EURO,793,92155,8,1884
2021-04-04,Kosovo[1],EURO,777,92932,12,1896
2021-04-05,Kosovo[1],EURO,680,93612,9,1905
2021-04-06,Kosovo[1],EURO,512,94124,11,1916
2021-04-07,Kosovo[1],EURO,489,94613,8,1924
2021-04-08,Kosovo[1],EURO,685,95298,14,1938
2021-04-09,Kosovo[1],EURO,871,96169,12,1950
2021-04-10,Kosovo[1],EURO,684,96853,7,1957
2021-04-11,Kosovo[1],EURO,571,97424,9,1966
2021-04-12,Kosovo[1],EURO,529,97953,12,1978
2021-04-13,Kosovo[1],EURO,345,98298,8,1986
2021-04-14,Kosovo[1],EURO,494,98792,12,1998
2021-04-15,Kosovo[1],EURO,701,99493,14,2012
2021-04-16,Kosovo[1],EURO,599,100092,17,2029
2021-04-17,Kosovo[1],EURO,520,100612,14,2043
2021-04-18,Kosovo[1],EURO,498,101110,8,2051
2021-04-19,Kosovo[1],EURO,364,101474,11,2062
2021-04-20,Kosovo[1],EURO,277,101751,14,2076
2021-04-21,Kosovo[1],EURO,442,102193,14,2090
2021-04-22,Kosovo[1],EURO,506,102699,5,2095
2021-04-23,Kosovo[1],EURO,382,103081,5,2100
2021-04-24,Kosovo[1],EURO,356,103437,8,2108
2021-04-25,Kosovo[1],EURO,335,103772,0,2108
2021-04-26,Kosovo[1],EURO,227,103999,11,2119
2021-04-27,Kosovo[1],EURO,154,104153,11,2130
2021-04-28,Kosovo[1],EURO,194,104347,8,2138
2021-04-29,Kosovo[1],EURO,327,104674,5,2143
2021-04-30,Kosovo[1],EURO,269,104943,9,2152
2021-05-01,Kosovo[1],EURO,202,105145,11,2163
2021-05-02,Kosovo[1],EURO,187,105332,5,2168
2021-05-03,Kosovo[1],EURO,160,105492,5,2173
2021-05-04,Kosovo[1],EURO,101,105593,4,2177
2021-05-05,Kosovo[1],EURO,75,105668,4,2181
2021-05-06,Kosovo[1],EURO,153,105821,4,2185
2021-05-07,Kosovo[1],EURO,158,105979,3,2188
2021-05-08,Kosovo[1],EURO,170,106149,4,2192
2021-05-09,Kosovo[1],EURO,153,106302,1,2193
2021-05-10,Kosovo[1],EURO,97,106399,5,2198
2021-05-11,Kosovo[1],EURO,47,106446,2,2200
2021-05-12,Kosovo[1],EURO,49,106495,3,2203
2021-05-13,Kosovo[1],EURO,113,106608,4,2207
2021-05-14,Kosovo[1],EURO,103,106711,1,2208
2021-05-15,Kosovo[1],EURO,49,106760,2,2210
2021-05-16,Kosovo[1],EURO,40,106800,3,2213
2021-05-17,Kosovo[1],EURO,71,106871,2,2215
2021-05-18,Kosovo[1],EURO,25,106896,1,2216
2021-05-19,Kosovo[1],EURO,64,106960,1,2217
2021-05-20,Kosovo[1],EURO,62,107022,8,2225
2021-05-21,Kosovo[1],EURO,55,107077,2,2227
2021-05-22,Kosovo[1],EURO,58,107135,2,2229
2021-05-23,Kosovo[1],EURO,35,107170,0,2229
2021-05-24,Kosovo[1],EURO,31,107201,0,2229
2021-05-25,Kosovo[1],EURO,14,107215,1,2230
2021-05-26,Kosovo[1],EURO,11,107226,1,2231
2021-05-27,Kosovo[1],EURO,44,107270,0,2231
2021-05-28,Kosovo[1],EURO,23,107293,1,2232
2021-05-29,Kosovo[1],EURO,18,107311,0,2232
2021-05-30,Kosovo[1],EURO,28,107339,1,2233
2021-01-01,Kuwait,EMRO,286,150584,1,934
2021-01-02,Kuwait,EMRO,285,150869,2,936
2021-01-03,Kuwait,EMRO,205,151074,1,937
2021-01-04,Kuwait,EMRO,269,151343,0,937
2021-01-05,Kuwait,EMRO,372,151715,1,938
2021-01-06,Kuwait,EMRO,312,152027,0,938
2021-01-07,Kuwait,EMRO,411,152438,0,938
2021-01-08,Kuwait,EMRO,540,152978,0,938
2021-01-09,Kuwait,EMRO,495,153473,2,940
2021-01-10,Kuwait,EMRO,427,153900,2,942
2021-01-11,Kuwait,EMRO,414,154314,1,943
2021-01-12,Kuwait,EMRO,527,154841,2,945
2021-01-13,Kuwait,EMRO,494,155335,1,946
2021-01-14,Kuwait,EMRO,539,155874,0,946
2021-01-15,Kuwait,EMRO,560,156434,0,946
2021-01-16,Kuwait,EMRO,530,156964,1,947
2021-01-17,Kuwait,EMRO,435,157399,0,947
2021-01-18,Kuwait,EMRO,378,157777,0,947
2021-01-19,Kuwait,EMRO,467,158244,1,948
2021-01-20,Kuwait,EMRO,578,158822,2,950
2021-01-21,Kuwait,EMRO,442,159264,1,951
2021-01-22,Kuwait,EMRO,570,159834,0,951
2021-01-23,Kuwait,EMRO,533,160367,1,952
2021-01-24,Kuwait,EMRO,534,160901,0,952
2021-01-25,Kuwait,EMRO,384,161285,0,952
2021-01-26,Kuwait,EMRO,492,161777,2,954
2021-01-27,Kuwait,EMRO,505,162282,3,957
2021-01-28,Kuwait,EMRO,580,162862,0,957
2021-01-29,Kuwait,EMRO,588,163450,1,958
2021-01-30,Kuwait,EMRO,658,164108,0,958
2021-01-31,Kuwait,EMRO,514,164622,1,959
2021-02-01,Kuwait,EMRO,635,165257,0,959
2021-02-02,Kuwait,EMRO,586,165843,0,959
2021-02-03,Kuwait,EMRO,811,166654,0,959
2021-02-04,Kuwait,EMRO,756,167410,2,961
2021-02-05,Kuwait,EMRO,840,168250,1,962
2021-02-06,Kuwait,EMRO,940,169190,2,964
2021-02-07,Kuwait,EMRO,846,170036,0,964
2021-02-08,Kuwait,EMRO,962,170998,2,966
2021-02-09,Kuwait,EMRO,996,171994,3,969
2021-02-10,Kuwait,EMRO,1002,172996,6,975
2021-02-11,Kuwait,EMRO,987,173983,5,980
2021-02-12,Kuwait,EMRO,1048,175031,5,985
2021-02-13,Kuwait,EMRO,1021,176052,7,992
2021-02-14,Kuwait,EMRO,851,176903,6,998
2021-02-15,Kuwait,EMRO,798,177701,5,1003
2021-02-16,Kuwait,EMRO,823,178524,6,1009
2021-02-17,Kuwait,EMRO,964,179488,5,1014
2021-02-18,Kuwait,EMRO,1017,180505,5,1019
2021-02-19,Kuwait,EMRO,979,181484,8,1027
2021-02-20,Kuwait,EMRO,976,182460,7,1034
2021-02-21,Kuwait,EMRO,862,183322,5,1039
2021-02-22,Kuwait,EMRO,768,184090,5,1044
2021-02-23,Kuwait,EMRO,899,184989,5,1049
2021-02-24,Kuwait,EMRO,1015,186004,8,1057
2021-02-25,Kuwait,EMRO,1001,187005,5,1062
2021-02-26,Kuwait,EMRO,1019,188024,5,1067
2021-02-27,Kuwait,EMRO,1022,189046,5,1072
2021-02-28,Kuwait,EMRO,844,189890,6,1078
2021-03-01,Kuwait,EMRO,962,190852,5,1083
2021-03-02,Kuwait,EMRO,1179,192031,2,1085
2021-03-03,Kuwait,EMRO,1341,193372,7,1092
2021-03-04,Kuwait,EMRO,1409,194781,5,1097
2021-03-05,Kuwait,EMRO,1716,196497,8,1105
2021-03-06,Kuwait,EMRO,1613,198110,8,1113
2021-03-07,Kuwait,EMRO,1318,199428,7,1120
2021-03-08,Kuwait,EMRO,1144,200572,7,1127
2021-03-09,Kuwait,EMRO,1326,201898,6,1133
2021-03-10,Kuwait,EMRO,1157,203055,8,1141
2021-03-11,Kuwait,EMRO,1333,204388,3,1144
2021-03-12,Kuwait,EMRO,1505,205893,4,1148
2021-03-13,Kuwait,EMRO,1356,207249,8,1156
2021-03-14,Kuwait,EMRO,1211,208460,9,1165
2021-03-15,Kuwait,EMRO,1063,209523,7,1172
2021-03-16,Kuwait,EMRO,1332,210855,7,1179
2021-03-17,Kuwait,EMRO,1314,212169,7,1186
2021-03-18,Kuwait,EMRO,1504,213673,8,1194
2021-03-19,Kuwait,EMRO,1394,215067,8,1202
2021-03-20,Kuwait,EMRO,1519,216586,8,1210
2021-03-21,Kuwait,EMRO,1347,217933,5,1215
2021-03-22,Kuwait,EMRO,1192,219125,11,1226
2021-03-23,Kuwait,EMRO,1330,220455,7,1233
2021-03-24,Kuwait,EMRO,1288,221743,13,1246
2021-03-25,Kuwait,EMRO,1299,223042,10,1256
2021-03-26,Kuwait,EMRO,1390,224432,2,1258
2021-03-27,Kuwait,EMRO,1548,225980,12,1270
2021-03-28,Kuwait,EMRO,1198,227178,9,1279
2021-03-29,Kuwait,EMRO,1121,228299,7,1286
2021-03-30,Kuwait,EMRO,1251,229550,12,1298
2021-03-31,Kuwait,EMRO,1271,230821,10,1308
2021-04-01,Kuwait,EMRO,1282,232103,5,1313
2021-04-02,Kuwait,EMRO,1418,233521,6,1319
2021-04-03,Kuwait,EMRO,1233,234754,8,1327
2021-04-04,Kuwait,EMRO,1235,235989,12,1339
2021-04-05,Kuwait,EMRO,1203,237192,14,1353
2021-04-06,Kuwait,EMRO,1357,238549,12,1365
2021-04-07,Kuwait,EMRO,1403,239952,8,1373
2021-04-08,Kuwait,EMRO,1517,241469,6,1379
2021-04-09,Kuwait,EMRO,1379,242848,4,1383
2021-04-10,Kuwait,EMRO,1477,244325,10,1393
2021-04-11,Kuwait,EMRO,1379,245704,10,1403
2021-04-12,Kuwait,EMRO,1390,247094,4,1407
2021-04-13,Kuwait,EMRO,1635,248729,5,1412
2021-04-14,Kuwait,EMRO,1544,250273,7,1419
2021-04-15,Kuwait,EMRO,1402,251675,4,1423
2021-04-16,Kuwait,EMRO,1391,253066,5,1428
2021-04-17,Kuwait,EMRO,1406,254472,8,1436
2021-04-18,Kuwait,EMRO,1388,255860,4,1440
2021-04-19,Kuwait,EMRO,1127,256987,8,1448
2021-04-20,Kuwait,EMRO,1510,258497,8,1456
2021-04-21,Kuwait,EMRO,1371,259868,12,1468
2021-04-22,Kuwait,EMRO,1439,261307,14,1482
2021-04-23,Kuwait,EMRO,1459,262766,11,1493
2021-04-24,Kuwait,EMRO,1432,264198,9,1502
2021-04-25,Kuwait,EMRO,1206,265404,9,1511
2021-04-26,Kuwait,EMRO,1545,266949,5,1516
2021-04-27,Kuwait,EMRO,1286,268235,11,1527
2021-04-28,Kuwait,EMRO,1446,269681,8,1535
2021-04-29,Kuwait,EMRO,1464,271145,11,1546
2021-04-30,Kuwait,EMRO,1417,272562,8,1554
2021-05-01,Kuwait,EMRO,1429,273991,9,1563
2021-05-02,Kuwait,EMRO,1279,275270,6,1569
2021-05-03,Kuwait,EMRO,1316,276586,9,1578
2021-05-04,Kuwait,EMRO,1246,277832,12,1590
2021-05-05,Kuwait,EMRO,1253,279085,11,1601
2021-05-06,Kuwait,EMRO,1451,280536,9,1610
2021-05-07,Kuwait,EMRO,1236,281772,11,1621
2021-05-08,Kuwait,EMRO,1209,282981,7,1628
2021-05-09,Kuwait,EMRO,1095,284076,7,1635
2021-05-10,Kuwait,EMRO,992,285068,10,1645
2021-05-11,Kuwait,EMRO,978,286046,7,1652
2021-05-12,Kuwait,EMRO,1153,287199,8,1660
2021-05-13,Kuwait,EMRO,985,288184,9,1669
2021-05-14,Kuwait,EMRO,1059,289243,5,1674
2021-05-15,Kuwait,EMRO,763,290006,7,1681
2021-05-16,Kuwait,EMRO,795,290801,6,1687
2021-05-17,Kuwait,EMRO,828,291629,6,1693
2021-05-18,Kuwait,EMRO,861,292490,3,1696
2021-05-19,Kuwait,EMRO,1084,293574,5,1701
2021-05-20,Kuwait,EMRO,1119,294693,2,1703
2021-05-21,Kuwait,EMRO,1168,295861,8,1711
2021-05-22,Kuwait,EMRO,1345,297206,8,1719
2021-05-23,Kuwait,EMRO,1017,298223,5,1724
2021-05-24,Kuwait,EMRO,992,299215,10,1734
2021-05-25,Kuwait,EMRO,1240,300455,7,1741
2021-05-26,Kuwait,EMRO,1408,301863,5,1746
2021-05-27,Kuwait,EMRO,1176,303039,5,1751
2021-05-28,Kuwait,EMRO,1160,304199,4,1755
2021-05-29,Kuwait,EMRO,1384,305583,5,1760
2021-05-30,Kuwait,EMRO,1134,306717,4,1764
2021-01-01,Kyrgyzstan,EURO,122,81156,1,1356
2021-01-02,Kyrgyzstan,EURO,58,81214,2,1358
2021-01-03,Kyrgyzstan,EURO,91,81305,1,1359
2021-01-04,Kyrgyzstan,EURO,83,81388,1,1360
2021-01-05,Kyrgyzstan,EURO,124,81512,0,1360
2021-01-06,Kyrgyzstan,EURO,144,81656,1,1361
2021-01-07,Kyrgyzstan,EURO,170,81826,2,1363
2021-01-08,Kyrgyzstan,EURO,165,81991,2,1365
2021-01-09,Kyrgyzstan,EURO,147,82138,2,1367
2021-01-10,Kyrgyzstan,EURO,135,82273,2,1369
2021-01-11,Kyrgyzstan,EURO,107,82380,2,1371
2021-01-12,Kyrgyzstan,EURO,115,82495,3,1374
2021-01-13,Kyrgyzstan,EURO,92,82587,1,1375
2021-01-14,Kyrgyzstan,EURO,136,82723,3,1378
2021-01-15,Kyrgyzstan,EURO,134,82857,3,1381
2021-01-16,Kyrgyzstan,EURO,129,82986,1,1382
2021-01-17,Kyrgyzstan,EURO,123,83109,2,1384
2021-01-18,Kyrgyzstan,EURO,69,83178,3,1387
2021-01-19,Kyrgyzstan,EURO,90,83268,3,1390
2021-01-20,Kyrgyzstan,EURO,162,83430,2,1392
2021-01-21,Kyrgyzstan,EURO,155,83585,2,1394
2021-01-22,Kyrgyzstan,EURO,118,83703,2,1396
2021-01-23,Kyrgyzstan,EURO,93,83796,2,1398
2021-01-24,Kyrgyzstan,EURO,104,83900,2,1400
2021-01-25,Kyrgyzstan,EURO,71,83971,1,1401
2021-01-26,Kyrgyzstan,EURO,97,84068,1,1402
2021-01-27,Kyrgyzstan,EURO,107,84175,3,1405
2021-01-28,Kyrgyzstan,EURO,128,84303,3,1408
2021-01-29,Kyrgyzstan,EURO,74,84377,1,1409
2021-01-30,Kyrgyzstan,EURO,76,84453,2,1411
2021-01-31,Kyrgyzstan,EURO,76,84529,1,1412
2021-02-01,Kyrgyzstan,EURO,59,84588,0,1412
2021-02-02,Kyrgyzstan,EURO,58,84646,2,1414
2021-02-03,Kyrgyzstan,EURO,116,84762,1,1415
2021-02-04,Kyrgyzstan,EURO,70,84832,3,1418
2021-02-05,Kyrgyzstan,EURO,88,84920,2,1420
2021-02-06,Kyrgyzstan,EURO,72,84992,3,1423
2021-02-07,Kyrgyzstan,EURO,79,85071,3,1426
2021-02-08,Kyrgyzstan,EURO,42,85113,5,1431
2021-02-09,Kyrgyzstan,EURO,58,85171,2,1433
2021-02-10,Kyrgyzstan,EURO,82,85253,3,1436
2021-02-11,Kyrgyzstan,EURO,75,85328,1,1437
2021-02-12,Kyrgyzstan,EURO,70,85398,2,1439
2021-02-13,Kyrgyzstan,EURO,43,85441,2,1441
2021-02-14,Kyrgyzstan,EURO,34,85475,0,1441
2021-02-15,Kyrgyzstan,EURO,41,85516,1,1442
2021-02-16,Kyrgyzstan,EURO,48,85564,2,1444
2021-02-17,Kyrgyzstan,EURO,55,85619,2,1446
2021-02-18,Kyrgyzstan,EURO,70,85689,1,1447
2021-02-19,Kyrgyzstan,EURO,83,85772,3,1450
2021-02-20,Kyrgyzstan,EURO,59,85831,2,1452
2021-02-21,Kyrgyzstan,EURO,54,85885,6,1458
2021-02-22,Kyrgyzstan,EURO,44,85929,0,1458
2021-02-23,Kyrgyzstan,EURO,72,86001,2,1460
2021-02-24,Kyrgyzstan,EURO,24,86025,0,1460
2021-02-25,Kyrgyzstan,EURO,66,86091,3,1463
2021-02-26,Kyrgyzstan,EURO,51,86142,0,1463
2021-02-27,Kyrgyzstan,EURO,43,86185,0,1463
2021-02-28,Kyrgyzstan,EURO,44,86229,1,1464
2021-03-01,Kyrgyzstan,EURO,22,86251,2,1466
2021-03-02,Kyrgyzstan,EURO,57,86308,1,1467
2021-03-03,Kyrgyzstan,EURO,48,86356,1,1468
2021-03-04,Kyrgyzstan,EURO,54,86410,0,1468
2021-03-05,Kyrgyzstan,EURO,41,86451,2,1470
2021-03-06,Kyrgyzstan,EURO,55,86506,1,1471
2021-03-07,Kyrgyzstan,EURO,44,86550,0,1471
2021-03-08,Kyrgyzstan,EURO,33,86583,2,1473
2021-03-09,Kyrgyzstan,EURO,23,86606,2,1475
2021-03-10,Kyrgyzstan,EURO,34,86640,1,1476
2021-03-11,Kyrgyzstan,EURO,52,86692,0,1476
2021-03-12,Kyrgyzstan,EURO,63,86755,4,1480
2021-03-13,Kyrgyzstan,EURO,63,86818,0,1480
2021-03-14,Kyrgyzstan,EURO,32,86850,1,1481
2021-03-15,Kyrgyzstan,EURO,67,86917,2,1483
2021-03-16,Kyrgyzstan,EURO,73,86990,1,1484
2021-03-17,Kyrgyzstan,EURO,55,87045,1,1485
2021-03-18,Kyrgyzstan,EURO,98,87143,0,1485
2021-03-19,Kyrgyzstan,EURO,96,87239,2,1487
2021-03-20,Kyrgyzstan,EURO,82,87321,1,1488
2021-03-21,Kyrgyzstan,EURO,68,87389,2,1490
2021-03-22,Kyrgyzstan,EURO,73,87462,0,1490
2021-03-23,Kyrgyzstan,EURO,75,87537,0,1490
2021-03-24,Kyrgyzstan,EURO,115,87652,2,1492
2021-03-25,Kyrgyzstan,EURO,106,87758,2,1494
2021-03-26,Kyrgyzstan,EURO,100,87858,0,1494
2021-03-27,Kyrgyzstan,EURO,88,87946,0,1494
2021-03-28,Kyrgyzstan,EURO,146,88092,1,1495
2021-03-29,Kyrgyzstan,EURO,71,88163,2,1497
2021-03-30,Kyrgyzstan,EURO,113,88276,1,1498
2021-03-31,Kyrgyzstan,EURO,98,88374,1,1499
2021-04-01,Kyrgyzstan,EURO,164,88538,1,1500
2021-04-02,Kyrgyzstan,EURO,162,88700,0,1500
2021-04-03,Kyrgyzstan,EURO,142,88842,2,1502
2021-04-04,Kyrgyzstan,EURO,172,89014,4,1506
2021-04-05,Kyrgyzstan,EURO,139,89153,1,1507
2021-04-06,Kyrgyzstan,EURO,124,89277,2,1509
2021-04-07,Kyrgyzstan,EURO,161,89438,3,1512
2021-04-08,Kyrgyzstan,EURO,222,89660,4,1516
2021-04-09,Kyrgyzstan,EURO,151,89811,0,1516
2021-04-10,Kyrgyzstan,EURO,208,90019,3,1519
2021-04-11,Kyrgyzstan,EURO,208,90227,3,1522
2021-04-12,Kyrgyzstan,EURO,145,90372,6,1528
2021-04-13,Kyrgyzstan,EURO,227,90599,4,1532
2021-04-14,Kyrgyzstan,EURO,240,90839,2,1534
2021-04-15,Kyrgyzstan,EURO,305,91144,6,1540
2021-04-16,Kyrgyzstan,EURO,230,91374,4,1544
2021-04-17,Kyrgyzstan,EURO,265,91639,2,1546
2021-04-18,Kyrgyzstan,EURO,244,91883,3,1549
2021-04-19,Kyrgyzstan,EURO,212,92095,6,1555
2021-04-20,Kyrgyzstan,EURO,225,92320,2,1557
2021-04-21,Kyrgyzstan,EURO,306,92626,4,1561
2021-04-22,Kyrgyzstan,EURO,380,93006,5,1566
2021-04-23,Kyrgyzstan,EURO,272,93278,7,1573
2021-04-24,Kyrgyzstan,EURO,325,93603,5,1578
2021-04-25,Kyrgyzstan,EURO,228,93831,4,1582
2021-04-26,Kyrgyzstan,EURO,199,94030,2,1584
2021-04-27,Kyrgyzstan,EURO,247,94277,5,1589
2021-04-28,Kyrgyzstan,EURO,322,94599,3,1592
2021-04-29,Kyrgyzstan,EURO,345,94944,6,1598
2021-04-30,Kyrgyzstan,EURO,331,95275,6,1604
2021-05-01,Kyrgyzstan,EURO,477,95752,8,1612
2021-05-02,Kyrgyzstan,EURO,308,96060,7,1619
2021-05-03,Kyrgyzstan,EURO,277,96337,3,1622
2021-05-04,Kyrgyzstan,EURO,224,96561,8,1630
2021-05-05,Kyrgyzstan,EURO,397,96958,7,1637
2021-05-06,Kyrgyzstan,EURO,320,97278,3,1640
2021-05-07,Kyrgyzstan,EURO,385,97663,3,1643
2021-05-08,Kyrgyzstan,EURO,416,98079,6,1649
2021-05-09,Kyrgyzstan,EURO,321,98400,6,1655
2021-05-10,Kyrgyzstan,EURO,254,98654,5,1660
2021-05-11,Kyrgyzstan,EURO,379,99033,7,1667
2021-05-12,Kyrgyzstan,EURO,283,99316,8,1675
2021-05-13,Kyrgyzstan,EURO,329,99645,6,1681
2021-05-14,Kyrgyzstan,EURO,200,99845,6,1687
2021-05-15,Kyrgyzstan,EURO,404,100249,8,1695
2021-05-16,Kyrgyzstan,EURO,224,100473,8,1703
2021-05-17,Kyrgyzstan,EURO,259,100732,8,1711
2021-05-18,Kyrgyzstan,EURO,234,100966,7,1718
2021-05-19,Kyrgyzstan,EURO,253,101219,7,1725
2021-05-20,Kyrgyzstan,EURO,361,101580,4,1729
2021-05-21,Kyrgyzstan,EURO,298,101878,6,1735
2021-05-22,Kyrgyzstan,EURO,308,102186,8,1743
2021-05-23,Kyrgyzstan,EURO,325,102511,8,1751
2021-05-24,Kyrgyzstan,EURO,191,102702,6,1757
2021-05-25,Kyrgyzstan,EURO,298,103000,8,1765
2021-05-26,Kyrgyzstan,EURO,207,103207,8,1773
2021-05-27,Kyrgyzstan,EURO,376,103583,8,1781
2021-05-28,Kyrgyzstan,EURO,283,103866,7,1788
2021-05-29,Kyrgyzstan,EURO,356,104222,9,1797
2021-05-30,Kyrgyzstan,EURO,333,104555,6,1803
2021-01-01,Lao People's Democratic Republic,WPRO,0,41,0,0
2021-01-02,Lao People's Democratic Republic,WPRO,0,41,0,0
2021-01-03,Lao People's Democratic Republic,WPRO,0,41,0,0
2021-01-04,Lao People's Democratic Republic,WPRO,0,41,0,0
2021-01-05,Lao People's Democratic Republic,WPRO,0,41,0,0
2021-01-06,Lao People's Democratic Republic,WPRO,0,41,0,0
2021-01-07,Lao People's Democratic Republic,WPRO,0,41,0,0
2021-01-08,Lao People's Democratic Republic,WPRO,0,41,0,0
2021-01-09,Lao People's Democratic Republic,WPRO,0,41,0,0
2021-01-10,Lao People's Democratic Republic,WPRO,0,41,0,0
2021-01-11,Lao People's Democratic Republic,WPRO,0,41,0,0
2021-01-12,Lao People's Democratic Republic,WPRO,0,41,0,0
2021-01-13,Lao People's Democratic Republic,WPRO,0,41,0,0
2021-01-14,Lao People's Democratic Republic,WPRO,0,41,0,0
2021-01-15,Lao People's Democratic Republic,WPRO,0,41,0,0
2021-01-16,Lao People's Democratic Republic,WPRO,0,41,0,0
2021-01-17,Lao People's Democratic Republic,WPRO,0,41,0,0
2021-01-18,Lao People's Democratic Republic,WPRO,0,41,0,0
2021-01-19,Lao People's Democratic Republic,WPRO,0,41,0,0
2021-01-20,Lao People's Democratic Republic,WPRO,0,41,0,0
2021-01-21,Lao People's Democratic Republic,WPRO,0,41,0,0
2021-01-22,Lao People's Democratic Republic,WPRO,0,41,0,0
2021-01-23,Lao People's Democratic Republic,WPRO,2,43,0,0
2021-01-24,Lao People's Democratic Republic,WPRO,0,43,0,0
2021-01-25,Lao People's Democratic Republic,WPRO,0,43,0,0
2021-01-26,Lao People's Democratic Republic,WPRO,1,44,0,0
2021-01-27,Lao People's Democratic Republic,WPRO,0,44,0,0
2021-01-28,Lao People's Democratic Republic,WPRO,0,44,0,0
2021-01-29,Lao People's Democratic Republic,WPRO,0,44,0,0
2021-01-30,Lao People's Democratic Republic,WPRO,0,44,0,0
2021-01-31,Lao People's Democratic Republic,WPRO,0,44,0,0
2021-02-01,Lao People's Democratic Republic,WPRO,0,44,0,0
2021-02-02,Lao People's Democratic Republic,WPRO,0,44,0,0
2021-02-03,Lao People's Democratic Republic,WPRO,0,44,0,0
2021-02-04,Lao People's Democratic Republic,WPRO,1,45,0,0
2021-02-05,Lao People's Democratic Republic,WPRO,0,45,0,0
2021-02-06,Lao People's Democratic Republic,WPRO,0,45,0,0
2021-02-07,Lao People's Democratic Republic,WPRO,0,45,0,0
2021-02-08,Lao People's Democratic Republic,WPRO,0,45,0,0
2021-02-09,Lao People's Democratic Republic,WPRO,0,45,0,0
2021-02-10,Lao People's Democratic Republic,WPRO,0,45,0,0
2021-02-11,Lao People's Democratic Republic,WPRO,0,45,0,0
2021-02-12,Lao People's Democratic Republic,WPRO,0,45,0,0
2021-02-13,Lao People's Democratic Republic,WPRO,0,45,0,0
2021-02-14,Lao People's Democratic Republic,WPRO,0,45,0,0
2021-02-15,Lao People's Democratic Republic,WPRO,0,45,0,0
2021-02-16,Lao People's Democratic Republic,WPRO,0,45,0,0
2021-02-17,Lao People's Democratic Republic,WPRO,0,45,0,0
2021-02-18,Lao People's Democratic Republic,WPRO,0,45,0,0
2021-02-19,Lao People's Democratic Republic,WPRO,0,45,0,0
2021-02-20,Lao People's Democratic Republic,WPRO,0,45,0,0
2021-02-21,Lao People's Democratic Republic,WPRO,0,45,0,0
2021-02-22,Lao People's Democratic Republic,WPRO,0,45,0,0
2021-02-23,Lao People's Democratic Republic,WPRO,0,45,0,0
2021-02-24,Lao People's Democratic Republic,WPRO,0,45,0,0
2021-02-25,Lao People's Democratic Republic,WPRO,0,45,0,0
2021-02-26,Lao People's Democratic Republic,WPRO,0,45,0,0
2021-02-27,Lao People's Democratic Republic,WPRO,0,45,0,0
2021-02-28,Lao People's Democratic Republic,WPRO,0,45,0,0
2021-03-01,Lao People's Democratic Republic,WPRO,0,45,0,0
2021-03-02,Lao People's Democratic Republic,WPRO,0,45,0,0
2021-03-03,Lao People's Democratic Republic,WPRO,0,45,0,0
2021-03-04,Lao People's Democratic Republic,WPRO,0,45,0,0
2021-03-05,Lao People's Democratic Republic,WPRO,0,45,0,0
2021-03-06,Lao People's Democratic Republic,WPRO,2,47,0,0
2021-03-07,Lao People's Democratic Republic,WPRO,0,47,0,0
2021-03-08,Lao People's Democratic Republic,WPRO,0,47,0,0
2021-03-09,Lao People's Democratic Republic,WPRO,0,47,0,0
2021-03-10,Lao People's Democratic Republic,WPRO,0,47,0,0
2021-03-11,Lao People's Democratic Republic,WPRO,1,48,0,0
2021-03-12,Lao People's Democratic Republic,WPRO,0,48,0,0
2021-03-13,Lao People's Democratic Republic,WPRO,0,48,0,0
2021-03-14,Lao People's Democratic Republic,WPRO,1,49,0,0
2021-03-15,Lao People's Democratic Republic,WPRO,0,49,0,0
2021-03-16,Lao People's Democratic Republic,WPRO,0,49,0,0
2021-03-17,Lao People's Democratic Republic,WPRO,0,49,0,0
2021-03-18,Lao People's Democratic Republic,WPRO,0,49,0,0
2021-03-19,Lao People's Democratic Republic,WPRO,0,49,0,0
2021-03-20,Lao People's Democratic Republic,WPRO,0,49,0,0
2021-03-21,Lao People's Democratic Republic,WPRO,0,49,0,0
2021-03-22,Lao People's Democratic Republic,WPRO,0,49,0,0
2021-03-23,Lao People's Democratic Republic,WPRO,0,49,0,0
2021-03-24,Lao People's Democratic Republic,WPRO,0,49,0,0
2021-03-25,Lao People's Democratic Republic,WPRO,0,49,0,0
2021-03-26,Lao People's Democratic Republic,WPRO,0,49,0,0
2021-03-27,Lao People's Democratic Republic,WPRO,0,49,0,0
2021-03-28,Lao People's Democratic Republic,WPRO,0,49,0,0
2021-03-29,Lao People's Democratic Republic,WPRO,0,49,0,0
2021-03-30,Lao People's Democratic Republic,WPRO,0,49,0,0
2021-03-31,Lao People's Democratic Republic,WPRO,0,49,0,0
2021-04-01,Lao People's Democratic Republic,WPRO,0,49,0,0
2021-04-02,Lao People's Democratic Republic,WPRO,0,49,0,0
2021-04-03,Lao People's Democratic Republic,WPRO,0,49,0,0
2021-04-04,Lao People's Democratic Republic,WPRO,0,49,0,0
2021-04-05,Lao People's Democratic Republic,WPRO,0,49,0,0
2021-04-06,Lao People's Democratic Republic,WPRO,0,49,0,0
2021-04-07,Lao People's Democratic Republic,WPRO,0,49,0,0
2021-04-08,Lao People's Democratic Republic,WPRO,0,49,0,0
2021-04-09,Lao People's Democratic Republic,WPRO,0,49,0,0
2021-04-10,Lao People's Democratic Republic,WPRO,0,49,0,0
2021-04-11,Lao People's Democratic Republic,WPRO,0,49,0,0
2021-04-12,Lao People's Democratic Republic,WPRO,2,51,0,0
2021-04-13,Lao People's Democratic Republic,WPRO,1,52,0,0
2021-04-14,Lao People's Democratic Republic,WPRO,0,52,0,0
2021-04-15,Lao People's Democratic Republic,WPRO,1,53,0,0
2021-04-16,Lao People's Democratic Republic,WPRO,0,53,0,0
2021-04-17,Lao People's Democratic Republic,WPRO,1,54,0,0
2021-04-18,Lao People's Democratic Republic,WPRO,4,58,0,0
2021-04-19,Lao People's Democratic Republic,WPRO,0,58,0,0
2021-04-20,Lao People's Democratic Republic,WPRO,0,58,0,0
2021-04-21,Lao People's Democratic Republic,WPRO,2,60,0,0
2021-04-22,Lao People's Democratic Republic,WPRO,28,88,0,0
2021-04-23,Lao People's Democratic Republic,WPRO,6,94,0,0
2021-04-24,Lao People's Democratic Republic,WPRO,64,158,0,0
2021-04-25,Lao People's Democratic Republic,WPRO,87,245,0,0
2021-04-26,Lao People's Democratic Republic,WPRO,67,312,0,0
2021-04-27,Lao People's Democratic Republic,WPRO,113,425,0,0
2021-04-28,Lao People's Democratic Republic,WPRO,75,500,0,0
2021-04-29,Lao People's Democratic Republic,WPRO,82,582,0,0
2021-04-30,Lao People's Democratic Republic,WPRO,60,642,0,0
2021-05-01,Lao People's Democratic Republic,WPRO,72,714,0,0
2021-05-02,Lao People's Democratic Republic,WPRO,64,778,0,0
2021-05-03,Lao People's Democratic Republic,WPRO,102,880,0,0
2021-05-04,Lao People's Democratic Republic,WPRO,33,913,0,0
2021-05-05,Lao People's Democratic Republic,WPRO,53,966,0,0
2021-05-06,Lao People's Democratic Republic,WPRO,46,1012,0,0
2021-05-07,Lao People's Democratic Republic,WPRO,105,1117,0,0
2021-05-08,Lao People's Democratic Republic,WPRO,28,1145,0,0
2021-05-09,Lao People's Democratic Republic,WPRO,28,1173,0,0
2021-05-10,Lao People's Democratic Republic,WPRO,69,1242,1,1
2021-05-11,Lao People's Democratic Republic,WPRO,25,1267,0,1
2021-05-12,Lao People's Democratic Republic,WPRO,35,1302,0,1
2021-05-13,Lao People's Democratic Republic,WPRO,55,1357,0,1
2021-05-14,Lao People's Democratic Republic,WPRO,65,1422,0,1
2021-05-15,Lao People's Democratic Republic,WPRO,16,1438,1,2
2021-05-16,Lao People's Democratic Republic,WPRO,72,1510,0,2
2021-05-17,Lao People's Democratic Republic,WPRO,21,1531,0,2
2021-05-18,Lao People's Democratic Republic,WPRO,47,1578,0,2
2021-05-19,Lao People's Democratic Republic,WPRO,49,1627,0,2
2021-05-20,Lao People's Democratic Republic,WPRO,50,1677,0,2
2021-05-21,Lao People's Democratic Republic,WPRO,14,1691,0,2
2021-05-22,Lao People's Democratic Republic,WPRO,12,1703,0,2
2021-05-23,Lao People's Democratic Republic,WPRO,19,1722,0,2
2021-05-24,Lao People's Democratic Republic,WPRO,19,1741,0,2
2021-05-25,Lao People's Democratic Republic,WPRO,21,1762,0,2
2021-05-26,Lao People's Democratic Republic,WPRO,56,1818,0,2
2021-05-27,Lao People's Democratic Republic,WPRO,5,1823,0,2
2021-05-28,Lao People's Democratic Republic,WPRO,12,1835,0,2
2021-05-29,Lao People's Democratic Republic,WPRO,10,1845,1,3
2021-05-30,Lao People's Democratic Republic,WPRO,3,1848,0,3
2021-01-01,Latvia,EURO,1861,40904,9,635
2021-01-02,Latvia,EURO,711,41615,9,644
2021-01-03,Latvia,EURO,314,41929,24,668
2021-01-04,Latvia,EURO,568,42497,12,680
2021-01-05,Latvia,EURO,621,43118,12,692
2021-01-06,Latvia,EURO,824,43942,30,722
2021-01-07,Latvia,EURO,1229,45171,32,754
2021-01-08,Latvia,EURO,1374,46545,36,790
2021-01-09,Latvia,EURO,1237,47782,11,801
2021-01-10,Latvia,EURO,1170,48952,17,818
2021-01-11,Latvia,EURO,616,49568,31,849
2021-01-12,Latvia,EURO,331,49899,15,864
2021-01-13,Latvia,EURO,878,50777,18,882
2021-01-14,Latvia,EURO,1255,52032,27,909
2021-01-15,Latvia,EURO,950,52982,11,920
2021-01-16,Latvia,EURO,1084,54066,0,920
2021-01-17,Latvia,EURO,1031,55097,41,961
2021-01-18,Latvia,EURO,567,55664,17,978
2021-01-19,Latvia,EURO,244,55908,5,983
2021-01-20,Latvia,EURO,812,56720,29,1012
2021-01-21,Latvia,EURO,1088,57808,20,1032
2021-01-22,Latvia,EURO,902,58710,25,1057
2021-01-23,Latvia,EURO,876,59586,19,1076
2021-01-24,Latvia,EURO,910,60496,21,1097
2021-01-25,Latvia,EURO,512,61008,14,1111
2021-01-26,Latvia,EURO,223,61231,3,1114
2021-01-27,Latvia,EURO,693,61924,12,1126
2021-01-28,Latvia,EURO,1103,63027,12,1138
2021-01-29,Latvia,EURO,965,63992,10,1148
2021-01-30,Latvia,EURO,931,64923,18,1166
2021-01-31,Latvia,EURO,785,65708,14,1180
2021-02-01,Latvia,EURO,533,66241,15,1195
2021-02-02,Latvia,EURO,411,66652,7,1202
2021-02-03,Latvia,EURO,775,67427,17,1219
2021-02-04,Latvia,EURO,1231,68658,31,1250
2021-02-05,Latvia,EURO,742,69400,31,1281
2021-02-06,Latvia,EURO,876,70276,28,1309
2021-02-07,Latvia,EURO,1044,71320,18,1327
2021-02-08,Latvia,EURO,480,71800,12,1339
2021-02-09,Latvia,EURO,288,72088,8,1347
2021-02-10,Latvia,EURO,781,72869,16,1363
2021-02-11,Latvia,EURO,990,73859,32,1395
2021-02-12,Latvia,EURO,842,74701,21,1416
2021-02-13,Latvia,EURO,808,75509,15,1431
2021-02-14,Latvia,EURO,773,76282,12,1443
2021-02-15,Latvia,EURO,424,76706,8,1451
2021-02-16,Latvia,EURO,278,76984,17,1468
2021-02-17,Latvia,EURO,713,77697,18,1486
2021-02-18,Latvia,EURO,946,78643,22,1508
2021-02-19,Latvia,EURO,708,79351,13,1521
2021-02-20,Latvia,EURO,689,80040,12,1533
2021-02-21,Latvia,EURO,1069,81109,5,1538
2021-02-22,Latvia,EURO,410,81519,4,1542
2021-02-23,Latvia,EURO,274,81793,4,1546
2021-02-24,Latvia,EURO,669,82462,24,1570
2021-02-25,Latvia,EURO,983,83445,17,1587
2021-02-26,Latvia,EURO,813,84258,6,1593
2021-02-27,Latvia,EURO,725,84983,8,1601
2021-02-28,Latvia,EURO,827,85810,13,1614
2021-03-01,Latvia,EURO,376,86186,4,1618
2021-03-02,Latvia,EURO,272,86458,3,1621
2021-03-03,Latvia,EURO,645,87103,17,1638
2021-03-04,Latvia,EURO,919,88022,16,1654
2021-03-05,Latvia,EURO,646,88668,12,1666
2021-03-06,Latvia,EURO,746,89414,14,1680
2021-03-07,Latvia,EURO,595,90009,7,1687
2021-03-08,Latvia,EURO,322,90331,8,1695
2021-03-09,Latvia,EURO,194,90525,4,1699
2021-03-10,Latvia,EURO,472,90997,6,1705
2021-03-11,Latvia,EURO,639,91636,21,1726
2021-03-12,Latvia,EURO,638,92274,11,1737
2021-03-13,Latvia,EURO,632,92906,9,1746
2021-03-14,Latvia,EURO,578,93484,11,1757
2021-03-15,Latvia,EURO,307,93791,10,1767
2021-03-16,Latvia,EURO,166,93957,2,1769
2021-03-17,Latvia,EURO,645,94602,8,1777
2021-03-18,Latvia,EURO,818,95420,12,1789
2021-03-19,Latvia,EURO,482,95902,12,1801
2021-03-20,Latvia,EURO,622,96524,10,1811
2021-03-21,Latvia,EURO,625,97149,10,1821
2021-03-22,Latvia,EURO,260,97409,5,1826
2021-03-23,Latvia,EURO,177,97586,2,1828
2021-03-24,Latvia,EURO,508,98094,12,1840
2021-03-25,Latvia,EURO,776,98870,11,1851
2021-03-26,Latvia,EURO,606,99476,13,1864
2021-03-27,Latvia,EURO,638,100114,3,1867
2021-03-28,Latvia,EURO,602,100716,5,1872
2021-03-29,Latvia,EURO,324,101040,6,1878
2021-03-30,Latvia,EURO,167,101207,5,1883
2021-03-31,Latvia,EURO,526,101733,10,1893
2021-04-01,Latvia,EURO,630,102363,6,1899
2021-04-02,Latvia,EURO,638,103001,14,1913
2021-04-03,Latvia,EURO,587,103588,9,1922
2021-04-04,Latvia,EURO,279,103867,1,1923
2021-04-05,Latvia,EURO,238,104105,8,1931
2021-04-06,Latvia,EURO,119,104224,3,1934
2021-04-07,Latvia,EURO,309,104533,3,1937
2021-04-08,Latvia,EURO,643,105176,9,1946
2021-04-09,Latvia,EURO,740,105916,17,1963
2021-04-10,Latvia,EURO,658,106574,18,1981
2021-04-11,Latvia,EURO,666,107240,5,1986
2021-04-12,Latvia,EURO,368,107608,0,1986
2021-04-13,Latvia,EURO,210,107818,4,1990
2021-04-14,Latvia,EURO,537,108355,12,2002
2021-04-15,Latvia,EURO,733,109088,17,2019
2021-04-16,Latvia,EURO,643,109731,11,2030
2021-04-17,Latvia,EURO,612,110343,12,2042
2021-04-18,Latvia,EURO,654,110997,6,2048
2021-04-19,Latvia,EURO,337,111334,5,2053
2021-04-20,Latvia,EURO,202,111536,3,2056
2021-04-21,Latvia,EURO,688,112224,15,2071
2021-04-22,Latvia,EURO,759,112983,8,2079
2021-04-23,Latvia,EURO,578,113561,9,2088
2021-04-24,Latvia,EURO,683,114244,6,2094
2021-04-25,Latvia,EURO,711,114955,7,2101
2021-04-26,Latvia,EURO,361,115316,1,2102
2021-04-27,Latvia,EURO,220,115536,4,2106
2021-04-28,Latvia,EURO,596,116132,4,2110
2021-04-29,Latvia,EURO,967,117099,8,2118
2021-04-30,Latvia,EURO,696,117795,7,2125
2021-05-01,Latvia,EURO,763,118558,6,2131
2021-05-02,Latvia,EURO,812,119370,8,2139
2021-05-03,Latvia,EURO,380,119750,5,2144
2021-05-04,Latvia,EURO,203,119953,10,2154
2021-05-05,Latvia,EURO,425,120378,5,2159
2021-05-06,Latvia,EURO,358,120736,7,2166
2021-05-07,Latvia,EURO,773,121509,12,2178
2021-05-08,Latvia,EURO,1036,122545,19,2197
2021-05-09,Latvia,EURO,786,123331,11,2208
2021-05-10,Latvia,EURO,632,123963,4,2212
2021-05-11,Latvia,EURO,338,124301,1,2213
2021-05-12,Latvia,EURO,659,124960,4,2217
2021-05-13,Latvia,EURO,729,125689,6,2223
2021-05-14,Latvia,EURO,698,126387,17,2240
2021-05-15,Latvia,EURO,666,127053,8,2248
2021-05-16,Latvia,EURO,544,127597,9,2257
2021-05-17,Latvia,EURO,381,127978,9,2266
2021-05-18,Latvia,EURO,147,128125,3,2269
2021-05-19,Latvia,EURO,563,128688,11,2280
2021-05-20,Latvia,EURO,609,129297,18,2298
2021-05-21,Latvia,EURO,497,129794,3,2301
2021-05-22,Latvia,EURO,477,130271,8,2309
2021-05-23,Latvia,EURO,441,130712,14,2323
2021-05-24,Latvia,EURO,233,130945,3,2326
2021-05-25,Latvia,EURO,134,131079,2,2328
2021-05-26,Latvia,EURO,435,131514,14,2342
2021-05-27,Latvia,EURO,396,131910,6,2348
2021-05-28,Latvia,EURO,348,132258,7,2355
2021-05-29,Latvia,EURO,354,132612,4,2359
2021-05-30,Latvia,EURO,306,132918,11,2370
2021-01-01,Lebanon,EMRO,3507,181503,12,1455
2021-01-02,Lebanon,EMRO,2385,183888,11,1466
2021-01-03,Lebanon,EMRO,2520,186408,10,1476
2021-01-04,Lebanon,EMRO,2870,189278,10,1486
2021-01-05,Lebanon,EMRO,2861,192139,13,1499
2021-01-06,Lebanon,EMRO,3620,195759,17,1516
2021-01-07,Lebanon,EMRO,4166,199925,21,1537
2021-01-08,Lebanon,EMRO,4774,204699,16,1553
2021-01-09,Lebanon,EMRO,5440,210139,17,1570
2021-01-10,Lebanon,EMRO,5414,215553,20,1590
2021-01-11,Lebanon,EMRO,3743,219296,16,1606
2021-01-12,Lebanon,EMRO,3095,222391,23,1629
2021-01-13,Lebanon,EMRO,4557,226948,76,1705
2021-01-14,Lebanon,EMRO,4988,231936,35,1740
2021-01-15,Lebanon,EMRO,5196,237132,41,1781
2021-01-16,Lebanon,EMRO,6154,243286,44,1825
2021-01-17,Lebanon,EMRO,5872,249158,41,1866
2021-01-18,Lebanon,EMRO,3654,252812,40,1906
2021-01-19,Lebanon,EMRO,3144,255956,53,1959
2021-01-20,Lebanon,EMRO,4359,260315,61,2020
2021-01-21,Lebanon,EMRO,4332,264647,64,2084
2021-01-22,Lebanon,EMRO,4594,269241,67,2151
2021-01-23,Lebanon,EMRO,3170,272411,67,2218
2021-01-24,Lebanon,EMRO,4176,276587,62,2280
2021-01-25,Lebanon,EMRO,3010,279597,60,2340
2021-01-26,Lebanon,EMRO,2652,282249,54,2394
2021-01-27,Lebanon,EMRO,3505,285754,83,2477
2021-01-28,Lebanon,EMRO,3906,289660,76,2553
2021-01-29,Lebanon,EMRO,3497,293157,68,2621
2021-01-30,Lebanon,EMRO,3125,296282,59,2680
2021-01-31,Lebanon,EMRO,2631,298913,351,3031
2021-02-01,Lebanon,EMRO,2139,301052,51,3082
2021-02-02,Lebanon,EMRO,2020,303072,63,3145
2021-02-03,Lebanon,EMRO,2770,305842,81,3226
2021-02-04,Lebanon,EMRO,3320,309162,89,3315
2021-02-05,Lebanon,EMRO,3107,312269,82,3397
2021-02-06,Lebanon,EMRO,3071,315340,98,3495
2021-02-07,Lebanon,EMRO,2496,317836,67,3562
2021-02-08,Lebanon,EMRO,2081,319917,54,3616
2021-02-09,Lebanon,EMRO,2063,321980,61,3677
2021-02-10,Lebanon,EMRO,2879,324859,60,3737
2021-02-11,Lebanon,EMRO,3157,328016,66,3803
2021-02-12,Lebanon,EMRO,3136,331152,63,3866
2021-02-13,Lebanon,EMRO,2934,334086,49,3915
2021-02-14,Lebanon,EMRO,2906,336992,46,3961
2021-02-15,Lebanon,EMRO,2130,339122,32,3993
2021-02-16,Lebanon,EMRO,1739,340861,44,4037
2021-02-17,Lebanon,EMRO,2723,343584,55,4092
2021-02-18,Lebanon,EMRO,2479,346063,60,4152
2021-02-19,Lebanon,EMRO,2730,348793,54,4206
2021-02-20,Lebanon,EMRO,2255,351048,51,4257
2021-02-21,Lebanon,EMRO,2323,353371,40,4297
2021-02-22,Lebanon,EMRO,1685,355056,43,4340
2021-02-23,Lebanon,EMRO,1541,356597,47,4387
2021-02-24,Lebanon,EMRO,2723,359320,59,4446
2021-02-25,Lebanon,EMRO,3513,362833,62,4508
2021-02-26,Lebanon,EMRO,3469,366302,52,4560
2021-02-27,Lebanon,EMRO,3373,369675,50,4610
2021-02-28,Lebanon,EMRO,3100,372775,42,4652
2021-03-01,Lebanon,EMRO,2258,375033,40,4692
2021-03-02,Lebanon,EMRO,1888,376921,51,4743
2021-03-03,Lebanon,EMRO,3098,380019,62,4805
2021-03-04,Lebanon,EMRO,3463,383482,61,4866
2021-03-05,Lebanon,EMRO,3369,386851,53,4919
2021-03-06,Lebanon,EMRO,3202,390053,52,4971
2021-03-07,Lebanon,EMRO,3158,393211,42,5013
2021-03-08,Lebanon,EMRO,2377,395588,33,5046
2021-03-09,Lebanon,EMRO,2283,397871,43,5089
2021-03-10,Lebanon,EMRO,3939,401810,45,5134
2021-03-11,Lebanon,EMRO,3581,405391,46,5180
2021-03-12,Lebanon,EMRO,3518,408909,50,5230
2021-03-13,Lebanon,EMRO,2930,411839,48,5278
2021-03-14,Lebanon,EMRO,3523,415362,56,5334
2021-03-15,Lebanon,EMRO,3086,418448,46,5380
2021-03-16,Lebanon,EMRO,1505,419953,42,5422
2021-03-17,Lebanon,EMRO,3480,423433,52,5474
2021-03-18,Lebanon,EMRO,3544,426977,62,5536
2021-03-19,Lebanon,EMRO,3757,430734,73,5609
2021-03-20,Lebanon,EMRO,3588,434322,55,5664
2021-03-21,Lebanon,EMRO,2253,436575,51,5715
2021-03-22,Lebanon,EMRO,4439,441014,93,5808
2021-03-23,Lebanon,EMRO,3851,444865,42,5850
2021-03-24,Lebanon,EMRO,3856,448721,53,5903
2021-03-25,Lebanon,EMRO,0,448721,0,5903
2021-03-26,Lebanon,EMRO,3560,452281,61,5964
2021-03-27,Lebanon,EMRO,3100,455381,49,6013
2021-03-28,Lebanon,EMRO,2957,458338,45,6058
2021-03-29,Lebanon,EMRO,2724,461062,38,6096
2021-03-30,Lebanon,EMRO,1277,462339,40,6136
2021-03-31,Lebanon,EMRO,2668,465007,48,6184
2021-04-01,Lebanon,EMRO,3393,468400,50,6234
2021-04-02,Lebanon,EMRO,3562,471962,52,6286
2021-04-03,Lebanon,EMRO,2963,474925,60,6346
2021-04-04,Lebanon,EMRO,2188,477113,33,6379
2021-04-05,Lebanon,EMRO,2388,479501,30,6409
2021-04-06,Lebanon,EMRO,1001,480502,34,6443
2021-04-07,Lebanon,EMRO,2296,482798,36,6479
2021-04-08,Lebanon,EMRO,3120,485918,33,6512
2021-04-09,Lebanon,EMRO,3510,489428,37,6549
2021-04-10,Lebanon,EMRO,2500,491928,43,6592
2021-04-11,Lebanon,EMRO,2705,494633,38,6630
2021-04-12,Lebanon,EMRO,2213,496846,31,6661
2021-04-13,Lebanon,EMRO,1008,497854,42,6703
2021-04-14,Lebanon,EMRO,1985,499839,35,6738
2021-04-15,Lebanon,EMRO,2460,502299,40,6778
2021-04-16,Lebanon,EMRO,2501,504800,31,6809
2021-04-17,Lebanon,EMRO,2008,506808,45,6854
2021-04-18,Lebanon,EMRO,1695,508503,32,6886
2021-04-19,Lebanon,EMRO,1900,510403,39,6925
2021-04-20,Lebanon,EMRO,995,511398,34,6959
2021-04-21,Lebanon,EMRO,1608,513006,36,6995
2021-04-22,Lebanon,EMRO,2082,515088,32,7027
2021-04-23,Lebanon,EMRO,1512,516600,30,7057
2021-04-24,Lebanon,EMRO,1504,518104,33,7090
2021-04-25,Lebanon,EMRO,1511,519615,26,7116
2021-04-26,Lebanon,EMRO,1324,520939,26,7142
2021-04-27,Lebanon,EMRO,642,521581,29,7171
2021-04-28,Lebanon,EMRO,1182,522763,26,7197
2021-04-29,Lebanon,EMRO,1478,524241,27,7224
2021-04-30,Lebanon,EMRO,1336,525577,25,7249
2021-05-01,Lebanon,EMRO,1001,526578,29,7278
2021-05-02,Lebanon,EMRO,930,527508,24,7302
2021-05-03,Lebanon,EMRO,700,528208,22,7324
2021-05-04,Lebanon,EMRO,249,528457,21,7345
2021-05-05,Lebanon,EMRO,748,529205,23,7368
2021-05-06,Lebanon,EMRO,1012,530217,22,7390
2021-05-07,Lebanon,EMRO,1017,531234,25,7415
2021-05-08,Lebanon,EMRO,600,531834,21,7436
2021-05-09,Lebanon,EMRO,435,532269,24,7460
2021-05-10,Lebanon,EMRO,570,532839,26,7486
2021-05-11,Lebanon,EMRO,302,533141,21,7507
2021-05-12,Lebanon,EMRO,544,533685,20,7527
2021-05-13,Lebanon,EMRO,703,534388,22,7549
2021-05-14,Lebanon,EMRO,580,534968,20,7569
2021-05-15,Lebanon,EMRO,0,534968,0,7569
2021-05-16,Lebanon,EMRO,265,535233,16,7585
2021-05-17,Lebanon,EMRO,255,535488,19,7604
2021-05-18,Lebanon,EMRO,466,535954,27,7631
2021-05-19,Lebanon,EMRO,600,536554,10,7641
2021-05-20,Lebanon,EMRO,489,537043,10,7651
2021-05-21,Lebanon,EMRO,394,537437,7,7658
2021-05-22,Lebanon,EMRO,450,537887,6,7664
2021-05-23,Lebanon,EMRO,331,538218,6,7670
2021-05-24,Lebanon,EMRO,300,538518,7,7677
2021-05-25,Lebanon,EMRO,150,538668,7,7684
2021-05-26,Lebanon,EMRO,323,538991,6,7690
2021-05-27,Lebanon,EMRO,280,539271,7,7697
2021-05-28,Lebanon,EMRO,319,539590,8,7705
2021-05-29,Lebanon,EMRO,298,539888,6,7711
2021-05-30,Lebanon,EMRO,244,540132,7,7718
2021-01-01,Lesotho,AFRO,0,2577,0,50
2021-01-02,Lesotho,AFRO,0,2577,0,50
2021-01-03,Lesotho,AFRO,0,2577,0,50
2021-01-04,Lesotho,AFRO,0,2577,0,50
2021-01-05,Lesotho,AFRO,0,2577,0,50
2021-01-06,Lesotho,AFRO,0,2577,0,50
2021-01-07,Lesotho,AFRO,0,2577,0,50
2021-01-08,Lesotho,AFRO,0,2577,0,50
2021-01-09,Lesotho,AFRO,0,2577,0,50
2021-01-10,Lesotho,AFRO,0,2577,0,50
2021-01-11,Lesotho,AFRO,0,2577,0,50
2021-01-12,Lesotho,AFRO,2593,5170,29,79
2021-01-13,Lesotho,AFRO,764,5934,6,85
2021-01-14,Lesotho,AFRO,307,6241,2,87
2021-01-15,Lesotho,AFRO,115,6356,2,89
2021-01-16,Lesotho,AFRO,15,6371,4,93
2021-01-17,Lesotho,AFRO,0,6371,4,97
2021-01-18,Lesotho,AFRO,0,6371,-4,93
2021-01-19,Lesotho,AFRO,0,6371,0,93
2021-01-20,Lesotho,AFRO,647,7018,8,101
2021-01-21,Lesotho,AFRO,17,7035,0,101
2021-01-22,Lesotho,AFRO,520,7555,12,113
2021-01-23,Lesotho,AFRO,0,7555,0,113
2021-01-24,Lesotho,AFRO,101,7656,10,123
2021-01-25,Lesotho,AFRO,0,7656,0,123
2021-01-26,Lesotho,AFRO,388,8044,11,134
2021-01-27,Lesotho,AFRO,3,8047,12,146
2021-01-28,Lesotho,AFRO,95,8142,14,160
2021-01-29,Lesotho,AFRO,0,8142,0,160
2021-01-30,Lesotho,AFRO,136,8278,0,160
2021-01-31,Lesotho,AFRO,0,8278,0,160
2021-02-01,Lesotho,AFRO,0,8278,0,160
2021-02-02,Lesotho,AFRO,622,8900,12,172
2021-02-03,Lesotho,AFRO,0,8900,0,172
2021-02-04,Lesotho,AFRO,69,8969,6,178
2021-02-05,Lesotho,AFRO,0,8969,0,178
2021-02-06,Lesotho,AFRO,411,9380,5,183
2021-02-07,Lesotho,AFRO,0,9380,0,183
2021-02-08,Lesotho,AFRO,0,9380,0,183
2021-02-09,Lesotho,AFRO,0,9380,0,183
2021-02-10,Lesotho,AFRO,338,9718,24,207
2021-02-11,Lesotho,AFRO,86,9804,3,210
2021-02-12,Lesotho,AFRO,14,9818,2,212
2021-02-13,Lesotho,AFRO,34,9852,13,225
2021-02-14,Lesotho,AFRO,0,9852,0,225
2021-02-15,Lesotho,AFRO,113,9965,5,230
2021-02-16,Lesotho,AFRO,289,10254,13,243
2021-02-17,Lesotho,AFRO,96,10350,11,254
2021-02-18,Lesotho,AFRO,25,10375,25,279
2021-02-19,Lesotho,AFRO,80,10455,6,285
2021-02-20,Lesotho,AFRO,0,10455,0,285
2021-02-21,Lesotho,AFRO,6,10461,0,285
2021-02-22,Lesotho,AFRO,0,10461,0,285
2021-02-23,Lesotho,AFRO,5,10466,3,288
2021-02-24,Lesotho,AFRO,1,10467,3,291
2021-02-25,Lesotho,AFRO,0,10467,0,291
2021-02-26,Lesotho,AFRO,1,10468,1,292
2021-02-27,Lesotho,AFRO,0,10468,0,292
2021-02-28,Lesotho,AFRO,23,10491,0,292
2021-03-01,Lesotho,AFRO,0,10491,0,292
2021-03-02,Lesotho,AFRO,4,10495,3,295
2021-03-03,Lesotho,AFRO,0,10495,0,295
2021-03-04,Lesotho,AFRO,26,10521,10,305
2021-03-05,Lesotho,AFRO,0,10521,0,305
2021-03-06,Lesotho,AFRO,1,10522,2,307
2021-03-07,Lesotho,AFRO,1,10523,0,307
2021-03-08,Lesotho,AFRO,0,10523,0,307
2021-03-09,Lesotho,AFRO,0,10523,1,308
2021-03-10,Lesotho,AFRO,0,10523,0,308
2021-03-11,Lesotho,AFRO,2,10525,1,309
2021-03-12,Lesotho,AFRO,3,10528,0,309
2021-03-13,Lesotho,AFRO,0,10528,0,309
2021-03-14,Lesotho,AFRO,2,10530,0,309
2021-03-15,Lesotho,AFRO,0,10530,0,309
2021-03-16,Lesotho,AFRO,0,10530,0,309
2021-03-17,Lesotho,AFRO,0,10530,0,309
2021-03-18,Lesotho,AFRO,0,10530,0,309
2021-03-19,Lesotho,AFRO,0,10530,0,309
2021-03-20,Lesotho,AFRO,5,10535,0,309
2021-03-21,Lesotho,AFRO,0,10535,0,309
2021-03-22,Lesotho,AFRO,0,10535,0,309
2021-03-23,Lesotho,AFRO,3,10538,0,309
2021-03-24,Lesotho,AFRO,147,10685,5,314
2021-03-25,Lesotho,AFRO,1,10686,1,315
2021-03-26,Lesotho,AFRO,0,10686,0,315
2021-03-27,Lesotho,AFRO,0,10686,0,315
2021-03-28,Lesotho,AFRO,0,10686,0,315
2021-03-29,Lesotho,AFRO,0,10686,0,315
2021-03-30,Lesotho,AFRO,0,10686,0,315
2021-03-31,Lesotho,AFRO,0,10686,0,315
2021-04-01,Lesotho,AFRO,0,10686,0,315
2021-04-02,Lesotho,AFRO,20,10706,0,315
2021-04-03,Lesotho,AFRO,0,10706,0,315
2021-04-04,Lesotho,AFRO,1,10707,0,315
2021-04-05,Lesotho,AFRO,0,10707,0,315
2021-04-06,Lesotho,AFRO,0,10707,0,315
2021-04-07,Lesotho,AFRO,0,10707,0,315
2021-04-08,Lesotho,AFRO,0,10707,0,315
2021-04-09,Lesotho,AFRO,0,10707,0,315
2021-04-10,Lesotho,AFRO,0,10707,0,315
2021-04-11,Lesotho,AFRO,0,10707,0,315
2021-04-12,Lesotho,AFRO,0,10707,0,315
2021-04-13,Lesotho,AFRO,2,10709,0,315
2021-04-14,Lesotho,AFRO,0,10709,0,315
2021-04-15,Lesotho,AFRO,0,10709,0,315
2021-04-16,Lesotho,AFRO,0,10709,0,315
2021-04-17,Lesotho,AFRO,0,10709,0,315
2021-04-18,Lesotho,AFRO,0,10709,0,315
2021-04-19,Lesotho,AFRO,0,10709,0,315
2021-04-20,Lesotho,AFRO,11,10720,1,316
2021-04-21,Lesotho,AFRO,0,10720,0,316
2021-04-22,Lesotho,AFRO,0,10720,0,316
2021-04-23,Lesotho,AFRO,0,10720,0,316
2021-04-24,Lesotho,AFRO,3,10723,0,316
2021-04-25,Lesotho,AFRO,5,10728,0,316
2021-04-26,Lesotho,AFRO,0,10728,0,316
2021-04-27,Lesotho,AFRO,0,10728,0,316
2021-04-28,Lesotho,AFRO,0,10728,0,316
2021-04-29,Lesotho,AFRO,2,10730,0,316
2021-04-30,Lesotho,AFRO,1,10731,0,316
2021-05-01,Lesotho,AFRO,0,10731,0,316
2021-05-02,Lesotho,AFRO,0,10731,0,316
2021-05-03,Lesotho,AFRO,2,10733,2,318
2021-05-04,Lesotho,AFRO,0,10733,0,318
2021-05-05,Lesotho,AFRO,0,10733,0,318
2021-05-06,Lesotho,AFRO,16,10749,1,319
2021-05-07,Lesotho,AFRO,0,10749,0,319
2021-05-08,Lesotho,AFRO,12,10761,0,319
2021-05-09,Lesotho,AFRO,12,10773,0,319
2021-05-10,Lesotho,AFRO,0,10773,0,319
2021-05-11,Lesotho,AFRO,0,10773,0,319
2021-05-12,Lesotho,AFRO,1,10774,0,319
2021-05-13,Lesotho,AFRO,4,10778,1,320
2021-05-14,Lesotho,AFRO,0,10778,0,320
2021-05-15,Lesotho,AFRO,4,10782,0,320
2021-05-16,Lesotho,AFRO,8,10790,0,320
2021-05-17,Lesotho,AFRO,0,10790,0,320
2021-05-18,Lesotho,AFRO,0,10790,0,320
2021-05-19,Lesotho,AFRO,0,10790,0,320
2021-05-20,Lesotho,AFRO,16,10806,0,320
2021-05-21,Lesotho,AFRO,0,10806,0,320
2021-05-22,Lesotho,AFRO,0,10806,0,320
2021-05-23,Lesotho,AFRO,0,10806,0,320
2021-05-24,Lesotho,AFRO,16,10822,6,326
2021-05-25,Lesotho,AFRO,0,10822,0,326
2021-05-26,Lesotho,AFRO,0,10822,0,326
2021-05-27,Lesotho,AFRO,0,10822,0,326
2021-05-28,Lesotho,AFRO,2,10824,0,326
2021-05-29,Lesotho,AFRO,1,10825,0,326
2021-05-30,Lesotho,AFRO,0,10825,0,326
2021-01-01,Liberia,AFRO,0,1800,0,83
2021-01-02,Liberia,AFRO,0,1800,0,83
2021-01-03,Liberia,AFRO,0,1800,0,83
2021-01-04,Liberia,AFRO,0,1800,0,83
2021-01-05,Liberia,AFRO,0,1800,0,83
2021-01-06,Liberia,AFRO,0,1800,0,83
2021-01-07,Liberia,AFRO,0,1800,0,83
2021-01-08,Liberia,AFRO,0,1800,0,83
2021-01-09,Liberia,AFRO,0,1800,0,83
2021-01-10,Liberia,AFRO,0,1800,0,83
2021-01-11,Liberia,AFRO,0,1800,0,83
2021-01-12,Liberia,AFRO,0,1800,0,83
2021-01-13,Liberia,AFRO,76,1876,1,84
2021-01-14,Liberia,AFRO,1,1877,0,84
2021-01-15,Liberia,AFRO,0,1877,0,84
2021-01-16,Liberia,AFRO,5,1882,0,84
2021-01-17,Liberia,AFRO,5,1887,0,84
2021-01-18,Liberia,AFRO,0,1887,0,84
2021-01-19,Liberia,AFRO,9,1896,0,84
2021-01-20,Liberia,AFRO,2,1898,0,84
2021-01-21,Liberia,AFRO,3,1901,0,84
2021-01-22,Liberia,AFRO,0,1901,0,84
2021-01-23,Liberia,AFRO,13,1914,0,84
2021-01-24,Liberia,AFRO,0,1914,0,84
2021-01-25,Liberia,AFRO,0,1914,0,84
2021-01-26,Liberia,AFRO,13,1927,0,84
2021-01-27,Liberia,AFRO,5,1932,0,84
2021-01-28,Liberia,AFRO,4,1936,0,84
2021-01-29,Liberia,AFRO,0,1936,0,84
2021-01-30,Liberia,AFRO,3,1939,0,84
2021-01-31,Liberia,AFRO,0,1939,0,84
2021-02-01,Liberia,AFRO,0,1939,0,84
2021-02-02,Liberia,AFRO,5,1944,0,84
2021-02-03,Liberia,AFRO,0,1944,0,84
2021-02-04,Liberia,AFRO,1,1945,0,84
2021-02-05,Liberia,AFRO,0,1945,0,84
2021-02-06,Liberia,AFRO,0,1945,0,84
2021-02-07,Liberia,AFRO,11,1956,0,84
2021-02-08,Liberia,AFRO,0,1956,0,84
2021-02-09,Liberia,AFRO,0,1956,0,84
2021-02-10,Liberia,AFRO,0,1956,0,84
2021-02-11,Liberia,AFRO,0,1956,0,84
2021-02-12,Liberia,AFRO,13,1969,0,84
2021-02-13,Liberia,AFRO,0,1969,0,84
2021-02-14,Liberia,AFRO,0,1969,0,84
2021-02-15,Liberia,AFRO,0,1969,0,84
2021-02-16,Liberia,AFRO,16,1985,0,84
2021-02-17,Liberia,AFRO,0,1985,0,84
2021-02-18,Liberia,AFRO,0,1985,1,85
2021-02-19,Liberia,AFRO,0,1985,0,85
2021-02-20,Liberia,AFRO,3,1988,0,85
2021-02-21,Liberia,AFRO,0,1988,0,85
2021-02-22,Liberia,AFRO,0,1988,0,85
2021-02-23,Liberia,AFRO,8,1996,0,85
2021-02-24,Liberia,AFRO,2,1998,0,85
2021-02-25,Liberia,AFRO,4,2002,0,85
2021-02-26,Liberia,AFRO,7,2009,0,85
2021-02-27,Liberia,AFRO,1,2010,0,85
2021-02-28,Liberia,AFRO,0,2010,0,85
2021-03-01,Liberia,AFRO,0,2010,0,85
2021-03-02,Liberia,AFRO,4,2014,0,85
2021-03-03,Liberia,AFRO,0,2014,0,85
2021-03-04,Liberia,AFRO,3,2017,0,85
2021-03-05,Liberia,AFRO,0,2017,0,85
2021-03-06,Liberia,AFRO,0,2017,0,85
2021-03-07,Liberia,AFRO,7,2024,0,85
2021-03-08,Liberia,AFRO,0,2024,0,85
2021-03-09,Liberia,AFRO,0,2024,0,85
2021-03-10,Liberia,AFRO,0,2024,0,85
2021-03-11,Liberia,AFRO,2,2026,0,85
2021-03-12,Liberia,AFRO,0,2026,0,85
2021-03-13,Liberia,AFRO,4,2030,0,85
2021-03-14,Liberia,AFRO,0,2030,0,85
2021-03-15,Liberia,AFRO,0,2030,0,85
2021-03-16,Liberia,AFRO,0,2030,0,85
2021-03-17,Liberia,AFRO,0,2030,0,85
2021-03-18,Liberia,AFRO,12,2042,0,85
2021-03-19,Liberia,AFRO,0,2042,0,85
2021-03-20,Liberia,AFRO,0,2042,0,85
2021-03-21,Liberia,AFRO,0,2042,0,85
2021-03-22,Liberia,AFRO,0,2042,0,85
2021-03-23,Liberia,AFRO,0,2042,0,85
2021-03-24,Liberia,AFRO,5,2047,0,85
2021-03-25,Liberia,AFRO,5,2052,0,85
2021-03-26,Liberia,AFRO,0,2052,0,85
2021-03-27,Liberia,AFRO,0,2052,0,85
2021-03-28,Liberia,AFRO,1,2053,0,85
2021-03-29,Liberia,AFRO,0,2053,0,85
2021-03-30,Liberia,AFRO,0,2053,0,85
2021-03-31,Liberia,AFRO,0,2053,0,85
2021-04-01,Liberia,AFRO,0,2053,0,85
2021-04-02,Liberia,AFRO,0,2053,0,85
2021-04-03,Liberia,AFRO,0,2053,0,85
2021-04-04,Liberia,AFRO,8,2061,0,85
2021-04-05,Liberia,AFRO,0,2061,0,85
2021-04-06,Liberia,AFRO,0,2061,0,85
2021-04-07,Liberia,AFRO,0,2061,0,85
2021-04-08,Liberia,AFRO,5,2066,0,85
2021-04-09,Liberia,AFRO,0,2066,0,85
2021-04-10,Liberia,AFRO,0,2066,0,85
2021-04-11,Liberia,AFRO,0,2066,0,85
2021-04-12,Liberia,AFRO,0,2066,0,85
2021-04-13,Liberia,AFRO,0,2066,0,85
2021-04-14,Liberia,AFRO,5,2071,0,85
2021-04-15,Liberia,AFRO,0,2071,0,85
2021-04-16,Liberia,AFRO,0,2071,0,85
2021-04-17,Liberia,AFRO,0,2071,0,85
2021-04-18,Liberia,AFRO,0,2071,0,85
2021-04-19,Liberia,AFRO,9,2080,0,85
2021-04-20,Liberia,AFRO,0,2080,0,85
2021-04-21,Liberia,AFRO,0,2080,0,85
2021-04-22,Liberia,AFRO,6,2086,0,85
2021-04-23,Liberia,AFRO,0,2086,0,85
2021-04-24,Liberia,AFRO,0,2086,0,85
2021-04-25,Liberia,AFRO,0,2086,0,85
2021-04-26,Liberia,AFRO,11,2097,0,85
2021-04-27,Liberia,AFRO,1,2098,0,85
2021-04-28,Liberia,AFRO,0,2098,0,85
2021-04-29,Liberia,AFRO,1,2099,0,85
2021-04-30,Liberia,AFRO,0,2099,0,85
2021-05-01,Liberia,AFRO,0,2099,0,85
2021-05-02,Liberia,AFRO,0,2099,0,85
2021-05-03,Liberia,AFRO,0,2099,0,85
2021-05-04,Liberia,AFRO,11,2110,0,85
2021-05-05,Liberia,AFRO,0,2110,0,85
2021-05-06,Liberia,AFRO,3,2113,0,85
2021-05-07,Liberia,AFRO,0,2113,0,85
2021-05-08,Liberia,AFRO,0,2113,0,85
2021-05-09,Liberia,AFRO,1,2114,0,85
2021-05-10,Liberia,AFRO,3,2117,0,85
2021-05-11,Liberia,AFRO,1,2118,0,85
2021-05-12,Liberia,AFRO,0,2118,0,85
2021-05-13,Liberia,AFRO,7,2125,0,85
2021-05-14,Liberia,AFRO,0,2125,0,85
2021-05-15,Liberia,AFRO,3,2128,0,85
2021-05-16,Liberia,AFRO,0,2128,0,85
2021-05-17,Liberia,AFRO,1,2129,0,85
2021-05-18,Liberia,AFRO,2,2131,0,85
2021-05-19,Liberia,AFRO,0,2131,0,85
2021-05-20,Liberia,AFRO,11,2142,0,85
2021-05-21,Liberia,AFRO,0,2142,0,85
2021-05-22,Liberia,AFRO,0,2142,0,85
2021-05-23,Liberia,AFRO,0,2142,0,85
2021-05-24,Liberia,AFRO,0,2142,0,85
2021-05-25,Liberia,AFRO,0,2142,0,85
2021-05-26,Liberia,AFRO,19,2161,1,86
2021-05-27,Liberia,AFRO,13,2174,0,86
2021-05-28,Liberia,AFRO,0,2174,0,86
2021-05-29,Liberia,AFRO,5,2179,0,86
2021-05-30,Liberia,AFRO,0,2179,0,86
2021-01-01,Libya,EMRO,342,100277,19,1478
2021-01-02,Libya,EMRO,467,100744,9,1487
2021-01-03,Libya,EMRO,0,100744,0,1487
2021-01-04,Libya,EMRO,670,101414,23,1510
2021-01-05,Libya,EMRO,561,101975,16,1526
2021-01-06,Libya,EMRO,481,102456,10,1536
2021-01-07,Libya,EMRO,424,102880,10,1546
2021-01-08,Libya,EMRO,635,103515,12,1558
2021-01-09,Libya,EMRO,487,104002,10,1568
2021-01-10,Libya,EMRO,0,104002,0,1568
2021-01-11,Libya,EMRO,743,104745,13,1581
2021-01-12,Libya,EMRO,633,105378,8,1589
2021-01-13,Libya,EMRO,652,106030,33,1622
2021-01-14,Libya,EMRO,640,106670,7,1629
2021-01-15,Libya,EMRO,764,107434,16,1645
2021-01-16,Libya,EMRO,583,108017,6,1651
2021-01-17,Libya,EMRO,0,108017,0,1651
2021-01-18,Libya,EMRO,1071,109088,14,1665
2021-01-19,Libya,EMRO,781,109869,33,1698
2021-01-20,Libya,EMRO,596,110465,2,1700
2021-01-21,Libya,EMRO,659,111124,15,1715
2021-01-22,Libya,EMRO,622,111746,1,1716
2021-01-23,Libya,EMRO,794,112540,21,1737
2021-01-24,Libya,EMRO,0,112540,0,1737
2021-01-25,Libya,EMRO,1148,113688,26,1763
2021-01-26,Libya,EMRO,742,114430,19,1782
2021-01-27,Libya,EMRO,869,115299,7,1789
2021-01-28,Libya,EMRO,765,116064,13,1802
2021-01-29,Libya,EMRO,715,116779,30,1832
2021-01-30,Libya,EMRO,871,117650,10,1842
2021-01-31,Libya,EMRO,0,117650,0,1842
2021-02-01,Libya,EMRO,981,118631,35,1877
2021-02-02,Libya,EMRO,771,119402,6,1883
2021-02-03,Libya,EMRO,1032,120434,13,1896
2021-02-04,Libya,EMRO,809,121243,18,1914
2021-02-05,Libya,EMRO,770,122013,5,1919
2021-02-06,Libya,EMRO,881,122894,17,1936
2021-02-07,Libya,EMRO,0,122894,0,1936
2021-02-08,Libya,EMRO,1132,124026,17,1953
2021-02-09,Libya,EMRO,856,124882,21,1974
2021-02-10,Libya,EMRO,679,125561,8,1982
2021-02-11,Libya,EMRO,467,126028,7,1989
2021-02-12,Libya,EMRO,333,126361,20,2009
2021-02-13,Libya,EMRO,520,126881,5,2014
2021-02-14,Libya,EMRO,0,126881,0,2014
2021-02-15,Libya,EMRO,473,127354,4,2018
2021-02-16,Libya,EMRO,351,127705,24,2042
2021-02-17,Libya,EMRO,331,128036,9,2051
2021-02-18,Libya,EMRO,312,128348,5,2056
2021-02-19,Libya,EMRO,392,128740,5,2061
2021-02-20,Libya,EMRO,585,129325,27,2088
2021-02-21,Libya,EMRO,0,129325,0,2088
2021-02-22,Libya,EMRO,472,129797,26,2114
2021-02-23,Libya,EMRO,415,130212,2,2116
2021-02-24,Libya,EMRO,489,130701,9,2125
2021-02-25,Libya,EMRO,561,131262,26,2151
2021-02-26,Libya,EMRO,571,131833,5,2156
2021-02-27,Libya,EMRO,625,132458,18,2174
2021-02-28,Libya,EMRO,0,132458,0,2174
2021-03-01,Libya,EMRO,880,133338,5,2179
2021-03-02,Libya,EMRO,789,134127,31,2210
2021-03-03,Libya,EMRO,840,134967,6,2216
2021-03-04,Libya,EMRO,618,135585,3,2219
2021-03-05,Libya,EMRO,1002,136587,14,2233
2021-03-06,Libya,EMRO,895,137482,3,2236
2021-03-07,Libya,EMRO,0,137482,0,2236
2021-03-08,Libya,EMRO,1158,138640,37,2273
2021-03-09,Libya,EMRO,1018,139658,15,2288
2021-03-10,Libya,EMRO,1030,140688,9,2297
2021-03-11,Libya,EMRO,910,141598,33,2330
2021-03-12,Libya,EMRO,1073,142671,10,2340
2021-03-13,Libya,EMRO,972,143643,8,2348
2021-03-14,Libya,EMRO,0,143643,0,2348
2021-03-15,Libya,EMRO,1350,144993,38,2386
2021-03-16,Libya,EMRO,1087,146080,16,2402
2021-03-17,Libya,EMRO,1041,147121,4,2406
2021-03-18,Libya,EMRO,1054,148175,16,2422
2021-03-19,Libya,EMRO,1032,149207,13,2435
2021-03-20,Libya,EMRO,1134,150341,52,2487
2021-03-21,Libya,EMRO,0,150341,0,2487
2021-03-22,Libya,EMRO,1264,151605,19,2506
2021-03-23,Libya,EMRO,905,152510,7,2513
2021-03-24,Libya,EMRO,901,153411,51,2564
2021-03-25,Libya,EMRO,909,154320,18,2582
2021-03-26,Libya,EMRO,912,155232,9,2591
2021-03-27,Libya,EMRO,884,156116,11,2602
2021-03-28,Libya,EMRO,0,156116,0,2602
2021-03-29,Libya,EMRO,733,156849,16,2618
2021-03-30,Libya,EMRO,696,157545,35,2653
2021-03-31,Libya,EMRO,706,158251,5,2658
2021-04-01,Libya,EMRO,706,158957,9,2667
2021-04-02,Libya,EMRO,1023,159980,13,2680
2021-04-03,Libya,EMRO,1108,161088,4,2684
2021-04-04,Libya,EMRO,0,161088,0,2684
2021-04-05,Libya,EMRO,1206,162294,53,2737
2021-04-06,Libya,EMRO,1148,163442,20,2757
2021-04-07,Libya,EMRO,876,164318,8,2765
2021-04-08,Libya,EMRO,969,165287,7,2772
2021-04-09,Libya,EMRO,869,166156,27,2799
2021-04-10,Libya,EMRO,732,166888,8,2807
2021-04-11,Libya,EMRO,0,166888,0,2807
2021-04-12,Libya,EMRO,937,167825,16,2823
2021-04-13,Libya,EMRO,851,168676,5,2828
2021-04-14,Libya,EMRO,828,169504,2,2830
2021-04-15,Libya,EMRO,541,170045,4,2834
2021-04-16,Libya,EMRO,513,170558,39,2873
2021-04-17,Libya,EMRO,573,171131,9,2882
2021-04-18,Libya,EMRO,0,171131,0,2882
2021-04-19,Libya,EMRO,749,171880,14,2896
2021-04-20,Libya,EMRO,584,172464,12,2908
2021-04-21,Libya,EMRO,625,173089,11,2919
2021-04-22,Libya,EMRO,594,173683,5,2924
2021-04-23,Libya,EMRO,533,174216,12,2936
2021-04-24,Libya,EMRO,536,174752,11,2947
2021-04-25,Libya,EMRO,0,174752,0,2947
2021-04-26,Libya,EMRO,534,175286,49,2996
2021-04-27,Libya,EMRO,467,175753,9,3005
2021-04-28,Libya,EMRO,501,176254,5,3010
2021-04-29,Libya,EMRO,447,176701,9,3019
2021-04-30,Libya,EMRO,371,177072,4,3023
2021-05-01,Libya,EMRO,436,177508,6,3029
2021-05-02,Libya,EMRO,0,177508,0,3029
2021-05-03,Libya,EMRO,363,177871,10,3039
2021-05-04,Libya,EMRO,464,178335,8,3047
2021-05-05,Libya,EMRO,337,178672,2,3049
2021-05-06,Libya,EMRO,255,178927,9,3058
2021-05-07,Libya,EMRO,266,179193,1,3059
2021-05-08,Libya,EMRO,504,179697,4,3063
2021-05-09,Libya,EMRO,0,179697,0,3063
2021-05-10,Libya,EMRO,273,179970,7,3070
2021-05-11,Libya,EMRO,256,180226,2,3072
2021-05-12,Libya,EMRO,466,180692,5,3077
2021-05-13,Libya,EMRO,253,180945,5,3082
2021-05-14,Libya,EMRO,234,181179,3,3085
2021-05-15,Libya,EMRO,0,181179,0,3085
2021-05-16,Libya,EMRO,0,181179,0,3085
2021-05-17,Libya,EMRO,231,181410,3,3088
2021-05-18,Libya,EMRO,304,181714,4,3092
2021-05-19,Libya,EMRO,298,182012,5,3097
2021-05-20,Libya,EMRO,338,182350,0,3097
2021-05-21,Libya,EMRO,299,182649,5,3102
2021-05-22,Libya,EMRO,250,182899,3,3105
2021-05-23,Libya,EMRO,0,182899,0,3105
2021-05-24,Libya,EMRO,412,183311,6,3111
2021-05-25,Libya,EMRO,281,183592,1,3112
2021-05-26,Libya,EMRO,340,183932,2,3114
2021-05-27,Libya,EMRO,219,184151,1,3115
2021-05-28,Libya,EMRO,321,184472,0,3115
2021-05-29,Libya,EMRO,343,184815,1,3116
2021-05-30,Libya,EMRO,0,184815,0,3116
2021-01-01,Liechtenstein,EURO,24,2245,0,44
2021-01-02,Liechtenstein,EURO,14,2259,0,44
2021-01-03,Liechtenstein,EURO,23,2282,0,44
2021-01-04,Liechtenstein,EURO,19,2301,2,46
2021-01-05,Liechtenstein,EURO,31,2332,2,48
2021-01-06,Liechtenstein,EURO,30,2362,0,48
2021-01-07,Liechtenstein,EURO,10,2372,0,48
2021-01-08,Liechtenstein,EURO,10,2382,2,50
2021-01-09,Liechtenstein,EURO,13,2395,0,50
2021-01-10,Liechtenstein,EURO,8,2403,0,50
2021-01-11,Liechtenstein,EURO,9,2412,0,50
2021-01-12,Liechtenstein,EURO,16,2428,0,50
2021-01-13,Liechtenstein,EURO,9,2437,0,50
2021-01-14,Liechtenstein,EURO,4,2441,0,50
2021-01-15,Liechtenstein,EURO,1,2442,0,50
2021-01-16,Liechtenstein,EURO,4,2446,0,50
2021-01-17,Liechtenstein,EURO,6,2452,0,50
2021-01-18,Liechtenstein,EURO,6,2458,1,51
2021-01-19,Liechtenstein,EURO,10,2468,0,51
2021-01-20,Liechtenstein,EURO,10,2478,1,52
2021-01-21,Liechtenstein,EURO,17,2495,0,52
2021-01-22,Liechtenstein,EURO,5,2500,1,53
2021-01-23,Liechtenstein,EURO,6,2506,0,53
2021-01-24,Liechtenstein,EURO,5,2511,0,53
2021-01-25,Liechtenstein,EURO,11,2522,0,53
2021-01-26,Liechtenstein,EURO,4,2526,0,53
2021-01-27,Liechtenstein,EURO,17,2543,0,53
2021-01-28,Liechtenstein,EURO,9,2552,0,53
2021-01-29,Liechtenstein,EURO,9,2561,0,53
2021-01-30,Liechtenstein,EURO,2,2563,0,53
2021-01-31,Liechtenstein,EURO,2,2565,0,53
2021-02-01,Liechtenstein,EURO,2,2567,0,53
2021-02-02,Liechtenstein,EURO,12,2579,0,53
2021-02-03,Liechtenstein,EURO,3,2582,0,53
2021-02-04,Liechtenstein,EURO,5,2587,0,53
2021-02-05,Liechtenstein,EURO,1,2588,0,53
2021-02-06,Liechtenstein,EURO,3,2591,0,53
2021-02-07,Liechtenstein,EURO,4,2595,0,53
2021-02-08,Liechtenstein,EURO,3,2598,1,54
2021-02-09,Liechtenstein,EURO,5,2603,0,54
2021-02-10,Liechtenstein,EURO,4,2607,0,54
2021-02-11,Liechtenstein,EURO,2,2609,0,54
2021-02-12,Liechtenstein,EURO,3,2612,0,54
2021-02-13,Liechtenstein,EURO,0,2612,1,55
2021-02-14,Liechtenstein,EURO,1,2613,0,55
2021-02-15,Liechtenstein,EURO,1,2614,0,55
2021-02-16,Liechtenstein,EURO,1,2615,0,55
2021-02-17,Liechtenstein,EURO,1,2616,0,55
2021-02-18,Liechtenstein,EURO,1,2617,0,55
2021-02-19,Liechtenstein,EURO,2,2619,0,55
2021-02-20,Liechtenstein,EURO,0,2619,0,55
2021-02-21,Liechtenstein,EURO,1,2620,0,55
2021-02-22,Liechtenstein,EURO,4,2624,0,55
2021-02-23,Liechtenstein,EURO,3,2627,0,55
2021-02-24,Liechtenstein,EURO,6,2633,0,55
2021-02-25,Liechtenstein,EURO,7,2640,0,55
2021-02-26,Liechtenstein,EURO,2,2642,0,55
2021-02-27,Liechtenstein,EURO,1,2643,0,55
2021-02-28,Liechtenstein,EURO,5,2648,0,55
2021-03-01,Liechtenstein,EURO,4,2652,0,55
2021-03-02,Liechtenstein,EURO,1,2653,0,55
2021-03-03,Liechtenstein,EURO,5,2658,0,55
2021-03-04,Liechtenstein,EURO,5,2663,0,55
2021-03-05,Liechtenstein,EURO,2,2665,1,56
2021-03-06,Liechtenstein,EURO,1,2666,0,56
2021-03-07,Liechtenstein,EURO,2,2668,0,56
2021-03-08,Liechtenstein,EURO,2,2670,0,56
2021-03-09,Liechtenstein,EURO,0,2670,0,56
2021-03-10,Liechtenstein,EURO,0,2670,0,56
2021-03-11,Liechtenstein,EURO,7,2677,0,56
2021-03-12,Liechtenstein,EURO,1,2678,0,56
2021-03-13,Liechtenstein,EURO,4,2682,0,56
2021-03-14,Liechtenstein,EURO,6,2688,0,56
2021-03-15,Liechtenstein,EURO,3,2691,0,56
2021-03-16,Liechtenstein,EURO,2,2693,0,56
2021-03-17,Liechtenstein,EURO,3,2696,0,56
2021-03-18,Liechtenstein,EURO,3,2699,0,56
2021-03-19,Liechtenstein,EURO,3,2702,0,56
2021-03-20,Liechtenstein,EURO,4,2706,0,56
2021-03-21,Liechtenstein,EURO,3,2709,0,56
2021-03-22,Liechtenstein,EURO,2,2711,0,56
2021-03-23,Liechtenstein,EURO,3,2714,0,56
2021-03-24,Liechtenstein,EURO,6,2720,0,56
2021-03-25,Liechtenstein,EURO,3,2723,0,56
2021-03-26,Liechtenstein,EURO,4,2727,0,56
2021-03-27,Liechtenstein,EURO,3,2730,0,56
2021-03-28,Liechtenstein,EURO,7,2737,0,56
2021-03-29,Liechtenstein,EURO,6,2743,0,56
2021-03-30,Liechtenstein,EURO,6,2749,0,56
2021-03-31,Liechtenstein,EURO,4,2753,0,56
2021-04-01,Liechtenstein,EURO,3,2756,0,56
2021-04-02,Liechtenstein,EURO,3,2759,0,56
2021-04-03,Liechtenstein,EURO,7,2766,0,56
2021-04-04,Liechtenstein,EURO,8,2774,0,56
2021-04-05,Liechtenstein,EURO,5,2779,0,56
2021-04-06,Liechtenstein,EURO,5,2784,0,56
2021-04-07,Liechtenstein,EURO,4,2788,0,56
2021-04-08,Liechtenstein,EURO,15,2803,0,56
2021-04-09,Liechtenstein,EURO,16,2819,0,56
2021-04-10,Liechtenstein,EURO,10,2829,0,56
2021-04-11,Liechtenstein,EURO,6,2835,0,56
2021-04-12,Liechtenstein,EURO,7,2842,0,56
2021-04-13,Liechtenstein,EURO,9,2851,0,56
2021-04-14,Liechtenstein,EURO,9,2860,0,56
2021-04-15,Liechtenstein,EURO,12,2872,0,56
2021-04-16,Liechtenstein,EURO,14,2886,0,56
2021-04-17,Liechtenstein,EURO,11,2897,0,56
2021-04-18,Liechtenstein,EURO,10,2907,0,56
2021-04-19,Liechtenstein,EURO,7,2914,0,56
2021-04-20,Liechtenstein,EURO,11,2925,0,56
2021-04-21,Liechtenstein,EURO,11,2936,0,56
2021-04-22,Liechtenstein,EURO,4,2940,0,56
2021-04-23,Liechtenstein,EURO,7,2947,0,56
2021-04-24,Liechtenstein,EURO,15,2962,0,56
2021-04-25,Liechtenstein,EURO,9,2971,0,56
2021-04-26,Liechtenstein,EURO,5,2976,0,56
2021-04-27,Liechtenstein,EURO,16,2992,0,56
2021-04-28,Liechtenstein,EURO,12,3004,0,56
2021-04-29,Liechtenstein,EURO,7,3011,0,56
2021-04-30,Liechtenstein,EURO,10,3021,0,56
2021-05-01,Liechtenstein,EURO,7,3028,0,56
2021-05-02,Liechtenstein,EURO,5,3033,0,56
2021-05-03,Liechtenstein,EURO,1,3034,1,57
2021-05-04,Liechtenstein,EURO,7,3041,0,57
2021-05-05,Liechtenstein,EURO,5,3046,0,57
2021-05-06,Liechtenstein,EURO,4,3050,0,57
2021-05-07,Liechtenstein,EURO,4,3054,0,57
2021-05-08,Liechtenstein,EURO,3,3057,0,57
2021-05-09,Liechtenstein,EURO,3,3060,0,57
2021-05-10,Liechtenstein,EURO,4,3064,0,57
2021-05-11,Liechtenstein,EURO,4,3068,0,57
2021-05-12,Liechtenstein,EURO,1,3069,0,57
2021-05-13,Liechtenstein,EURO,1,3070,0,57
2021-05-14,Liechtenstein,EURO,1,3071,0,57
2021-05-15,Liechtenstein,EURO,3,3074,0,57
2021-05-16,Liechtenstein,EURO,3,3077,0,57
2021-05-17,Liechtenstein,EURO,3,3080,0,57
2021-05-18,Liechtenstein,EURO,2,3082,0,57
2021-05-19,Liechtenstein,EURO,0,3082,0,57
2021-05-20,Liechtenstein,EURO,1,3083,0,57
2021-05-21,Liechtenstein,EURO,3,3086,0,57
2021-05-22,Liechtenstein,EURO,2,3088,0,57
2021-05-23,Liechtenstein,EURO,1,3089,0,57
2021-05-24,Liechtenstein,EURO,2,3091,0,57
2021-05-25,Liechtenstein,EURO,0,3091,0,57
2021-05-26,Liechtenstein,EURO,2,3093,0,57
2021-05-27,Liechtenstein,EURO,3,3096,0,57
2021-05-28,Liechtenstein,EURO,2,3098,0,57
2021-05-29,Liechtenstein,EURO,1,3099,0,57
2021-05-30,Liechtenstein,EURO,2,3101,0,57
2021-01-01,Lithuania,EURO,2713,147989,41,1843
2021-01-02,Lithuania,EURO,1174,149163,51,1894
2021-01-03,Lithuania,EURO,1404,150567,50,1944
2021-01-04,Lithuania,EURO,1248,151815,38,1982
2021-01-05,Lithuania,EURO,2272,154087,40,2022
2021-01-06,Lithuania,EURO,2653,156740,34,2056
2021-01-07,Lithuania,EURO,2217,158957,43,2099
2021-01-08,Lithuania,EURO,1971,160928,41,2140
2021-01-09,Lithuania,EURO,1752,162680,41,2181
2021-01-10,Lithuania,EURO,1372,164052,29,2210
2021-01-11,Lithuania,EURO,596,164648,43,2253
2021-01-12,Lithuania,EURO,1348,165996,34,2287
2021-01-13,Lithuania,EURO,1664,167660,38,2325
2021-01-14,Lithuania,EURO,1311,168971,33,2358
2021-01-15,Lithuania,EURO,1132,170103,35,2393
2021-01-16,Lithuania,EURO,1242,171345,34,2427
2021-01-17,Lithuania,EURO,703,172048,31,2458
2021-01-18,Lithuania,EURO,430,172478,26,2484
2021-01-19,Lithuania,EURO,918,173396,22,2506
2021-01-20,Lithuania,EURO,1257,174653,25,2531
2021-01-21,Lithuania,EURO,1132,175785,39,2570
2021-01-22,Lithuania,EURO,1012,176797,36,2606
2021-01-23,Lithuania,EURO,1143,177940,34,2640
2021-01-24,Lithuania,EURO,647,178587,23,2663
2021-01-25,Lithuania,EURO,469,179056,20,2683
2021-01-26,Lithuania,EURO,843,179899,17,2700
2021-01-27,Lithuania,EURO,1288,181187,29,2729
2021-01-28,Lithuania,EURO,932,182119,29,2758
2021-01-29,Lithuania,EURO,882,183001,17,2775
2021-01-30,Lithuania,EURO,797,183798,25,2800
2021-01-31,Lithuania,EURO,677,184475,17,2817
2021-02-01,Lithuania,EURO,305,184780,23,2840
2021-02-02,Lithuania,EURO,690,185470,20,2860
2021-02-03,Lithuania,EURO,728,186198,19,2879
2021-02-04,Lithuania,EURO,721,186919,15,2894
2021-02-05,Lithuania,EURO,668,187587,24,2918
2021-02-06,Lithuania,EURO,697,188284,16,2934
2021-02-07,Lithuania,EURO,386,188670,16,2950
2021-02-08,Lithuania,EURO,275,188945,17,2967
2021-02-09,Lithuania,EURO,503,189448,15,2982
2021-02-10,Lithuania,EURO,529,189977,15,2997
2021-02-11,Lithuania,EURO,627,190604,23,3020
2021-02-12,Lithuania,EURO,536,191140,21,3041
2021-02-13,Lithuania,EURO,623,191763,17,3058
2021-02-14,Lithuania,EURO,385,192148,16,3074
2021-02-15,Lithuania,EURO,221,192369,12,3086
2021-02-16,Lithuania,EURO,481,192850,13,3099
2021-02-17,Lithuania,EURO,381,193231,20,3119
2021-02-18,Lithuania,EURO,495,193726,13,3132
2021-02-19,Lithuania,EURO,680,194406,15,3147
2021-02-20,Lithuania,EURO,604,195010,15,3162
2021-02-21,Lithuania,EURO,481,195491,12,3174
2021-02-22,Lithuania,EURO,264,195755,8,3182
2021-02-23,Lithuania,EURO,505,196260,8,3190
2021-02-24,Lithuania,EURO,652,196912,13,3203
2021-02-25,Lithuania,EURO,556,197468,9,3212
2021-02-26,Lithuania,EURO,651,198119,14,3226
2021-02-27,Lithuania,EURO,670,198789,9,3235
2021-02-28,Lithuania,EURO,356,199145,9,3244
2021-03-01,Lithuania,EURO,253,199398,9,3253
2021-03-02,Lithuania,EURO,427,199825,10,3263
2021-03-03,Lithuania,EURO,524,200349,18,3281
2021-03-04,Lithuania,EURO,535,200884,13,3294
2021-03-05,Lithuania,EURO,451,201335,9,3303
2021-03-06,Lithuania,EURO,464,201799,18,3321
2021-03-07,Lithuania,EURO,415,202214,7,3328
2021-03-08,Lithuania,EURO,216,202430,8,3336
2021-03-09,Lithuania,EURO,470,202900,5,3341
2021-03-10,Lithuania,EURO,486,203386,10,3351
2021-03-11,Lithuania,EURO,606,203992,12,3363
2021-03-12,Lithuania,EURO,364,204356,10,3373
2021-03-13,Lithuania,EURO,598,204954,16,3389
2021-03-14,Lithuania,EURO,431,205385,7,3396
2021-03-15,Lithuania,EURO,259,205644,14,3410
2021-03-16,Lithuania,EURO,646,206290,6,3416
2021-03-17,Lithuania,EURO,599,206889,11,3427
2021-03-18,Lithuania,EURO,580,207469,15,3442
2021-03-19,Lithuania,EURO,579,208048,10,3452
2021-03-20,Lithuania,EURO,602,208650,12,3464
2021-03-21,Lithuania,EURO,361,209011,12,3476
2021-03-22,Lithuania,EURO,329,209340,10,3486
2021-03-23,Lithuania,EURO,862,210202,15,3501
2021-03-24,Lithuania,EURO,809,211011,9,3510
2021-03-25,Lithuania,EURO,793,211804,11,3521
2021-03-26,Lithuania,EURO,872,212676,8,3529
2021-03-27,Lithuania,EURO,771,213447,10,3539
2021-03-28,Lithuania,EURO,494,213941,12,3551
2021-03-29,Lithuania,EURO,424,214365,9,3560
2021-03-30,Lithuania,EURO,851,215216,6,3566
2021-03-31,Lithuania,EURO,903,216119,8,3574
2021-04-01,Lithuania,EURO,886,217005,9,3583
2021-04-02,Lithuania,EURO,860,217865,11,3594
2021-04-03,Lithuania,EURO,1013,218878,8,3602
2021-04-04,Lithuania,EURO,833,219711,7,3609
2021-04-05,Lithuania,EURO,501,220212,6,3615
2021-04-06,Lithuania,EURO,688,220900,8,3623
2021-04-07,Lithuania,EURO,1120,222020,12,3635
2021-04-08,Lithuania,EURO,1107,223127,12,3647
2021-04-09,Lithuania,EURO,1182,224309,13,3660
2021-04-10,Lithuania,EURO,999,225308,11,3671
2021-04-11,Lithuania,EURO,865,226173,16,3687
2021-04-12,Lithuania,EURO,610,226783,10,3697
2021-04-13,Lithuania,EURO,1106,227889,16,3713
2021-04-14,Lithuania,EURO,1371,229260,5,3718
2021-04-15,Lithuania,EURO,1202,230462,12,3730
2021-04-16,Lithuania,EURO,1139,231601,9,3739
2021-04-17,Lithuania,EURO,1228,232829,12,3751
2021-04-18,Lithuania,EURO,802,233631,9,3760
2021-04-19,Lithuania,EURO,601,234232,10,3770
2021-04-20,Lithuania,EURO,1151,235383,15,3785
2021-04-21,Lithuania,EURO,1150,236533,17,3802
2021-04-22,Lithuania,EURO,1417,237950,16,3818
2021-04-23,Lithuania,EURO,1313,239263,15,3833
2021-04-24,Lithuania,EURO,1259,240522,8,3841
2021-04-25,Lithuania,EURO,775,241297,7,3848
2021-04-26,Lithuania,EURO,575,241872,9,3857
2021-04-27,Lithuania,EURO,1054,242926,20,3877
2021-04-28,Lithuania,EURO,1629,244555,23,3900
2021-04-29,Lithuania,EURO,1341,245896,16,3916
2021-04-30,Lithuania,EURO,1373,247269,7,3923
2021-05-01,Lithuania,EURO,1386,248655,14,3937
2021-05-02,Lithuania,EURO,1025,249680,13,3950
2021-05-03,Lithuania,EURO,657,250337,6,3956
2021-05-04,Lithuania,EURO,1113,251450,20,3976
2021-05-05,Lithuania,EURO,1249,252699,17,3993
2021-05-06,Lithuania,EURO,1392,254091,7,4000
2021-05-07,Lithuania,EURO,1293,255384,19,4019
2021-05-08,Lithuania,EURO,1522,256906,5,4024
2021-05-09,Lithuania,EURO,921,257827,10,4034
2021-05-10,Lithuania,EURO,0,257827,0,4034
2021-05-11,Lithuania,EURO,2035,259862,19,4053
2021-05-12,Lithuania,EURO,1266,261128,6,4059
2021-05-13,Lithuania,EURO,1207,262335,12,4071
2021-05-14,Lithuania,EURO,1140,263475,13,4084
2021-05-15,Lithuania,EURO,1249,264724,4,4088
2021-05-16,Lithuania,EURO,812,265536,15,4103
2021-05-17,Lithuania,EURO,527,266063,9,4112
2021-05-18,Lithuania,EURO,732,266795,14,4126
2021-05-19,Lithuania,EURO,1024,267819,13,4139
2021-05-20,Lithuania,EURO,865,268684,16,4155
2021-05-21,Lithuania,EURO,679,269363,6,4161
2021-05-22,Lithuania,EURO,1013,270376,12,4173
2021-05-23,Lithuania,EURO,473,270849,12,4185
2021-05-24,Lithuania,EURO,281,271130,10,4195
2021-05-25,Lithuania,EURO,552,271682,14,4209
2021-05-26,Lithuania,EURO,549,272231,11,4220
2021-05-27,Lithuania,EURO,595,272826,9,4229
2021-05-28,Lithuania,EURO,520,273346,6,4235
2021-05-29,Lithuania,EURO,520,273866,10,4245
2021-05-30,Lithuania,EURO,333,274199,12,4257
2021-01-01,Luxembourg,EURO,215,46736,3,498
2021-01-02,Luxembourg,EURO,21,46757,3,501
2021-01-03,Luxembourg,EURO,81,46838,2,503
2021-01-04,Luxembourg,EURO,66,46904,3,506
2021-01-05,Luxembourg,EURO,160,47064,2,508
2021-01-06,Luxembourg,EURO,281,47345,6,514
2021-01-07,Luxembourg,EURO,163,47508,3,517
2021-01-08,Luxembourg,EURO,149,47657,4,521
2021-01-09,Luxembourg,EURO,136,47793,6,527
2021-01-10,Luxembourg,EURO,104,47897,3,530
2021-01-11,Luxembourg,EURO,42,47939,3,533
2021-01-12,Luxembourg,EURO,153,48092,2,535
2021-01-13,Luxembourg,EURO,189,48281,3,538
2021-01-14,Luxembourg,EURO,113,48394,4,542
2021-01-15,Luxembourg,EURO,143,48537,3,545
2021-01-16,Luxembourg,EURO,135,48672,4,549
2021-01-17,Luxembourg,EURO,86,48758,3,552
2021-01-18,Luxembourg,EURO,37,48795,0,552
2021-01-19,Luxembourg,EURO,85,48880,5,557
2021-01-20,Luxembourg,EURO,227,49107,3,560
2021-01-21,Luxembourg,EURO,115,49222,2,562
2021-01-22,Luxembourg,EURO,119,49341,0,562
2021-01-23,Luxembourg,EURO,143,49484,0,562
2021-01-24,Luxembourg,EURO,122,49606,2,564
2021-01-25,Luxembourg,EURO,29,49635,0,564
2021-01-26,Luxembourg,EURO,119,49754,2,566
2021-01-27,Luxembourg,EURO,236,49990,4,570
2021-01-28,Luxembourg,EURO,138,50128,1,571
2021-01-29,Luxembourg,EURO,160,50288,3,574
2021-01-30,Luxembourg,EURO,158,50446,3,577
2021-01-31,Luxembourg,EURO,152,50598,2,579
2021-02-01,Luxembourg,EURO,34,50632,1,580
2021-02-02,Luxembourg,EURO,190,50822,4,584
2021-02-03,Luxembourg,EURO,203,51025,2,586
2021-02-04,Luxembourg,EURO,198,51223,1,587
2021-02-05,Luxembourg,EURO,180,51403,1,588
2021-02-06,Luxembourg,EURO,177,51580,2,590
2021-02-07,Luxembourg,EURO,158,51738,2,592
2021-02-08,Luxembourg,EURO,31,51769,1,593
2021-02-09,Luxembourg,EURO,141,51910,4,597
2021-02-10,Luxembourg,EURO,225,52135,3,600
2021-02-11,Luxembourg,EURO,198,52333,2,602
2021-02-12,Luxembourg,EURO,146,52479,2,604
2021-02-13,Luxembourg,EURO,157,52636,2,606
2021-02-14,Luxembourg,EURO,181,52817,0,606
2021-02-15,Luxembourg,EURO,39,52856,1,607
2021-02-16,Luxembourg,EURO,139,52995,4,611
2021-02-17,Luxembourg,EURO,268,53263,1,612
2021-02-18,Luxembourg,EURO,229,53492,4,616
2021-02-19,Luxembourg,EURO,217,53709,3,619
2021-02-20,Luxembourg,EURO,182,53891,3,622
2021-02-21,Luxembourg,EURO,170,54061,1,623
2021-02-22,Luxembourg,EURO,35,54096,2,625
2021-02-23,Luxembourg,EURO,180,54276,3,628
2021-02-24,Luxembourg,EURO,321,54597,1,629
2021-02-25,Luxembourg,EURO,195,54792,3,632
2021-02-26,Luxembourg,EURO,236,55028,2,634
2021-02-27,Luxembourg,EURO,202,55230,3,637
2021-02-28,Luxembourg,EURO,124,55354,0,637
2021-03-01,Luxembourg,EURO,53,55407,1,638
2021-03-02,Luxembourg,EURO,151,55558,1,639
2021-03-03,Luxembourg,EURO,268,55826,2,641
2021-03-04,Luxembourg,EURO,206,56032,2,643
2021-03-05,Luxembourg,EURO,186,56218,4,647
2021-03-06,Luxembourg,EURO,196,56414,5,652
2021-03-07,Luxembourg,EURO,141,56555,5,657
2021-03-08,Luxembourg,EURO,30,56585,5,662
2021-03-09,Luxembourg,EURO,144,56729,1,663
2021-03-10,Luxembourg,EURO,234,56963,5,668
2021-03-11,Luxembourg,EURO,264,57227,5,673
2021-03-12,Luxembourg,EURO,178,57405,2,675
2021-03-13,Luxembourg,EURO,191,57596,6,681
2021-03-14,Luxembourg,EURO,180,57776,7,688
2021-03-15,Luxembourg,EURO,49,57825,1,689
2021-03-16,Luxembourg,EURO,184,58009,4,693
2021-03-17,Luxembourg,EURO,296,58305,4,697
2021-03-18,Luxembourg,EURO,265,58570,7,704
2021-03-19,Luxembourg,EURO,281,58851,1,705
2021-03-20,Luxembourg,EURO,254,59105,9,714
2021-03-21,Luxembourg,EURO,206,59311,1,715
2021-03-22,Luxembourg,EURO,78,59389,3,718
2021-03-23,Luxembourg,EURO,165,59554,1,719
2021-03-24,Luxembourg,EURO,353,59907,7,726
2021-03-25,Luxembourg,EURO,298,60205,2,728
2021-03-26,Luxembourg,EURO,260,60465,8,736
2021-03-27,Luxembourg,EURO,290,60755,2,738
2021-03-28,Luxembourg,EURO,293,61048,0,738
2021-03-29,Luxembourg,EURO,26,61074,0,738
2021-03-30,Luxembourg,EURO,182,61256,3,741
2021-03-31,Luxembourg,EURO,388,61644,2,743
2021-04-01,Luxembourg,EURO,238,61882,3,746
2021-04-02,Luxembourg,EURO,223,62105,3,749
2021-04-03,Luxembourg,EURO,255,62360,1,750
2021-04-04,Luxembourg,EURO,204,62564,0,750
2021-04-05,Luxembourg,EURO,54,62618,5,755
2021-04-06,Luxembourg,EURO,7,62625,5,760
2021-04-07,Luxembourg,EURO,168,62793,1,761
2021-04-08,Luxembourg,EURO,387,63180,1,762
2021-04-09,Luxembourg,EURO,286,63466,0,762
2021-04-10,Luxembourg,EURO,183,63649,1,763
2021-04-11,Luxembourg,EURO,201,63850,5,768
2021-04-12,Luxembourg,EURO,29,63879,0,768
2021-04-13,Luxembourg,EURO,181,64060,4,772
2021-04-14,Luxembourg,EURO,270,64330,5,777
2021-04-15,Luxembourg,EURO,214,64544,7,784
2021-04-16,Luxembourg,EURO,196,64740,1,785
2021-04-17,Luxembourg,EURO,209,64949,0,785
2021-04-18,Luxembourg,EURO,156,65105,0,785
2021-04-19,Luxembourg,EURO,31,65136,0,785
2021-04-20,Luxembourg,EURO,167,65303,1,786
2021-04-21,Luxembourg,EURO,278,65581,0,786
2021-04-22,Luxembourg,EURO,209,65790,2,788
2021-04-23,Luxembourg,EURO,200,65990,2,790
2021-04-24,Luxembourg,EURO,195,66185,0,790
2021-04-25,Luxembourg,EURO,109,66294,0,790
2021-04-26,Luxembourg,EURO,44,66338,0,790
2021-04-27,Luxembourg,EURO,223,66561,1,791
2021-04-28,Luxembourg,EURO,239,66800,0,791
2021-04-29,Luxembourg,EURO,207,67007,1,792
2021-04-30,Luxembourg,EURO,153,67160,2,794
2021-05-01,Luxembourg,EURO,198,67358,2,796
2021-05-02,Luxembourg,EURO,68,67426,1,797
2021-05-03,Luxembourg,EURO,9,67435,3,800
2021-05-04,Luxembourg,EURO,177,67612,0,800
2021-05-05,Luxembourg,EURO,183,67795,0,800
2021-05-06,Luxembourg,EURO,154,67949,0,800
2021-05-07,Luxembourg,EURO,134,68083,1,801
2021-05-08,Luxembourg,EURO,147,68230,0,801
2021-05-09,Luxembourg,EURO,111,68341,1,802
2021-05-10,Luxembourg,EURO,14,68355,0,802
2021-05-11,Luxembourg,EURO,128,68483,2,804
2021-05-12,Luxembourg,EURO,188,68671,2,806
2021-05-13,Luxembourg,EURO,159,68830,0,806
2021-05-14,Luxembourg,EURO,24,68854,0,806
2021-05-15,Luxembourg,EURO,108,68962,0,806
2021-05-16,Luxembourg,EURO,101,69063,0,806
2021-05-17,Luxembourg,EURO,20,69083,0,806
2021-05-18,Luxembourg,EURO,53,69136,2,808
2021-05-19,Luxembourg,EURO,165,69301,0,808
2021-05-20,Luxembourg,EURO,68,69369,0,808
2021-05-21,Luxembourg,EURO,50,69419,1,809
2021-05-22,Luxembourg,EURO,65,69484,1,810
2021-05-23,Luxembourg,EURO,85,69569,0,810
2021-05-24,Luxembourg,EURO,9,69578,0,810
2021-05-25,Luxembourg,EURO,1,69579,0,810
2021-05-26,Luxembourg,EURO,90,69669,2,812
2021-05-27,Luxembourg,EURO,80,69749,0,812
2021-05-28,Luxembourg,EURO,81,69830,1,813
2021-05-29,Luxembourg,EURO,59,69889,1,814
2021-05-30,Luxembourg,EURO,43,69932,0,814
2021-01-01,Madagascar,AFRO,0,17714,0,261
2021-01-02,Madagascar,AFRO,0,17714,0,261
2021-01-03,Madagascar,AFRO,53,17767,1,262
2021-01-04,Madagascar,AFRO,0,17767,0,262
2021-01-05,Madagascar,AFRO,0,17767,0,262
2021-01-06,Madagascar,AFRO,0,17767,0,262
2021-01-07,Madagascar,AFRO,0,17767,0,262
2021-01-08,Madagascar,AFRO,0,17767,0,262
2021-01-09,Madagascar,AFRO,0,17767,0,262
2021-01-10,Madagascar,AFRO,0,17767,0,262
2021-01-11,Madagascar,AFRO,0,17767,0,262
2021-01-12,Madagascar,AFRO,234,18001,5,267
2021-01-13,Madagascar,AFRO,0,18001,0,267
2021-01-14,Madagascar,AFRO,0,18001,0,267
2021-01-15,Madagascar,AFRO,0,18001,0,267
2021-01-16,Madagascar,AFRO,0,18001,0,267
2021-01-17,Madagascar,AFRO,0,18001,0,267
2021-01-18,Madagascar,AFRO,300,18301,6,273
2021-01-19,Madagascar,AFRO,0,18301,0,273
2021-01-20,Madagascar,AFRO,0,18301,0,273
2021-01-21,Madagascar,AFRO,0,18301,0,273
2021-01-22,Madagascar,AFRO,0,18301,0,273
2021-01-23,Madagascar,AFRO,0,18301,0,273
2021-01-24,Madagascar,AFRO,0,18301,0,273
2021-01-25,Madagascar,AFRO,442,18743,6,279
2021-01-26,Madagascar,AFRO,0,18743,0,279
2021-01-27,Madagascar,AFRO,0,18743,0,279
2021-01-28,Madagascar,AFRO,0,18743,0,279
2021-01-29,Madagascar,AFRO,0,18743,0,279
2021-01-30,Madagascar,AFRO,0,18743,0,279
2021-01-31,Madagascar,AFRO,0,18743,0,279
2021-02-01,Madagascar,AFRO,322,19065,2,281
2021-02-02,Madagascar,AFRO,0,19065,0,281
2021-02-03,Madagascar,AFRO,0,19065,0,281
2021-02-04,Madagascar,AFRO,0,19065,0,281
2021-02-05,Madagascar,AFRO,0,19065,0,281
2021-02-06,Madagascar,AFRO,0,19065,0,281
2021-02-07,Madagascar,AFRO,0,19065,0,281
2021-02-08,Madagascar,AFRO,0,19065,0,281
2021-02-09,Madagascar,AFRO,295,19360,4,285
2021-02-10,Madagascar,AFRO,0,19360,0,285
2021-02-11,Madagascar,AFRO,0,19360,0,285
2021-02-12,Madagascar,AFRO,0,19360,0,285
2021-02-13,Madagascar,AFRO,0,19360,0,285
2021-02-14,Madagascar,AFRO,0,19360,0,285
2021-02-15,Madagascar,AFRO,0,19360,0,285
2021-02-16,Madagascar,AFRO,238,19598,7,292
2021-02-17,Madagascar,AFRO,0,19598,0,292
2021-02-18,Madagascar,AFRO,0,19598,0,292
2021-02-19,Madagascar,AFRO,0,19598,0,292
2021-02-20,Madagascar,AFRO,0,19598,0,292
2021-02-21,Madagascar,AFRO,0,19598,0,292
2021-02-22,Madagascar,AFRO,0,19598,0,292
2021-02-23,Madagascar,AFRO,233,19831,5,297
2021-02-24,Madagascar,AFRO,0,19831,0,297
2021-02-25,Madagascar,AFRO,0,19831,0,297
2021-02-26,Madagascar,AFRO,0,19831,0,297
2021-02-27,Madagascar,AFRO,0,19831,0,297
2021-02-28,Madagascar,AFRO,0,19831,0,297
2021-03-01,Madagascar,AFRO,0,19831,0,297
2021-03-02,Madagascar,AFRO,0,19831,0,297
2021-03-03,Madagascar,AFRO,0,19831,0,297
2021-03-04,Madagascar,AFRO,0,19831,0,297
2021-03-05,Madagascar,AFRO,0,19831,0,297
2021-03-06,Madagascar,AFRO,0,19831,0,297
2021-03-07,Madagascar,AFRO,324,20155,3,300
2021-03-08,Madagascar,AFRO,0,20155,0,300
2021-03-09,Madagascar,AFRO,0,20155,0,300
2021-03-10,Madagascar,AFRO,0,20155,0,300
2021-03-11,Madagascar,AFRO,0,20155,0,300
2021-03-12,Madagascar,AFRO,0,20155,0,300
2021-03-13,Madagascar,AFRO,0,20155,0,300
2021-03-14,Madagascar,AFRO,1201,21356,26,326
2021-03-15,Madagascar,AFRO,0,21356,0,326
2021-03-16,Madagascar,AFRO,0,21356,0,326
2021-03-17,Madagascar,AFRO,0,21356,0,326
2021-03-18,Madagascar,AFRO,0,21356,0,326
2021-03-19,Madagascar,AFRO,0,21356,0,326
2021-03-20,Madagascar,AFRO,757,22113,14,340
2021-03-21,Madagascar,AFRO,0,22113,0,340
2021-03-22,Madagascar,AFRO,371,22484,11,351
2021-03-23,Madagascar,AFRO,132,22616,4,355
2021-03-24,Madagascar,AFRO,66,22682,6,361
2021-03-25,Madagascar,AFRO,162,22844,2,363
2021-03-26,Madagascar,AFRO,196,23040,6,369
2021-03-27,Madagascar,AFRO,190,23230,9,378
2021-03-28,Madagascar,AFRO,194,23424,3,381
2021-03-29,Madagascar,AFRO,161,23585,6,387
2021-03-30,Madagascar,AFRO,384,23969,7,394
2021-03-31,Madagascar,AFRO,295,24264,0,394
2021-04-01,Madagascar,AFRO,161,24425,15,409
2021-04-02,Madagascar,AFRO,270,24695,15,424
2021-04-03,Madagascar,AFRO,273,24968,20,444
2021-04-04,Madagascar,AFRO,294,25262,5,449
2021-04-05,Madagascar,AFRO,310,25572,5,454
2021-04-06,Madagascar,AFRO,137,25709,5,459
2021-04-07,Madagascar,AFRO,165,25874,3,462
2021-04-08,Madagascar,AFRO,253,26127,7,469
2021-04-09,Madagascar,AFRO,348,26475,6,475
2021-04-10,Madagascar,AFRO,559,27034,11,486
2021-04-11,Madagascar,AFRO,514,27548,7,493
2021-04-12,Madagascar,AFRO,515,28063,7,500
2021-04-13,Madagascar,AFRO,478,28541,6,506
2021-04-14,Madagascar,AFRO,224,28765,6,512
2021-04-15,Madagascar,AFRO,583,29348,8,520
2021-04-16,Madagascar,AFRO,859,30207,7,527
2021-04-17,Madagascar,AFRO,832,31039,4,531
2021-04-18,Madagascar,AFRO,578,31617,7,538
2021-04-19,Madagascar,AFRO,588,32205,4,542
2021-04-20,Madagascar,AFRO,593,32798,10,552
2021-04-21,Madagascar,AFRO,404,33202,11,563
2021-04-22,Madagascar,AFRO,390,33592,6,569
2021-04-23,Madagascar,AFRO,477,34069,10,579
2021-04-24,Madagascar,AFRO,706,34775,9,588
2021-04-25,Madagascar,AFRO,487,35262,5,593
2021-04-26,Madagascar,AFRO,484,35746,6,599
2021-04-27,Madagascar,AFRO,299,36045,6,605
2021-04-28,Madagascar,AFRO,145,36190,9,614
2021-04-29,Madagascar,AFRO,320,36510,17,631
2021-04-30,Madagascar,AFRO,186,36696,6,637
2021-05-01,Madagascar,AFRO,318,37014,6,643
2021-05-02,Madagascar,AFRO,282,37296,11,654
2021-05-03,Madagascar,AFRO,334,37630,12,666
2021-05-04,Madagascar,AFRO,121,37751,11,677
2021-05-05,Madagascar,AFRO,238,37989,5,682
2021-05-06,Madagascar,AFRO,127,38116,8,690
2021-05-07,Madagascar,AFRO,221,38337,5,695
2021-05-08,Madagascar,AFRO,304,38641,6,701
2021-05-09,Madagascar,AFRO,233,38874,15,716
2021-05-10,Madagascar,AFRO,138,39012,6,722
2021-05-11,Madagascar,AFRO,150,39162,7,729
2021-05-12,Madagascar,AFRO,189,39351,3,732
2021-05-13,Madagascar,AFRO,159,39510,6,738
2021-05-14,Madagascar,AFRO,249,39759,7,745
2021-05-15,Madagascar,AFRO,129,39888,3,748
2021-05-16,Madagascar,AFRO,117,40005,6,754
2021-05-17,Madagascar,AFRO,136,40141,9,763
2021-05-18,Madagascar,AFRO,63,40204,8,771
2021-05-19,Madagascar,AFRO,122,40326,3,774
2021-05-20,Madagascar,AFRO,59,40385,3,777
2021-05-21,Madagascar,AFRO,134,40519,6,783
2021-05-22,Madagascar,AFRO,173,40692,3,786
2021-05-23,Madagascar,AFRO,88,40780,7,793
2021-05-24,Madagascar,AFRO,96,40876,7,800
2021-05-25,Madagascar,AFRO,78,40954,6,806
2021-05-26,Madagascar,AFRO,45,40999,4,810
2021-05-27,Madagascar,AFRO,62,41061,7,817
2021-05-28,Madagascar,AFRO,41,41102,5,822
2021-05-29,Madagascar,AFRO,82,41184,5,827
2021-05-30,Madagascar,AFRO,50,41234,2,829
2021-01-01,Malawi,AFRO,112,6583,0,189
2021-01-02,Malawi,AFRO,0,6583,0,189
2021-01-03,Malawi,AFRO,128,6711,3,192
2021-01-04,Malawi,AFRO,133,6844,3,195
2021-01-05,Malawi,AFRO,91,6935,1,196
2021-01-06,Malawi,AFRO,175,7110,3,199
2021-01-07,Malawi,AFRO,227,7337,0,199
2021-01-08,Malawi,AFRO,274,7611,4,203
2021-01-09,Malawi,AFRO,314,7925,5,208
2021-01-10,Malawi,AFRO,381,8306,12,220
2021-01-11,Malawi,AFRO,269,8575,5,225
2021-01-12,Malawi,AFRO,452,9027,10,235
2021-01-13,Malawi,AFRO,373,9400,19,254
2021-01-14,Malawi,AFRO,591,9991,21,275
2021-01-15,Malawi,AFRO,503,10494,10,285
2021-01-16,Malawi,AFRO,0,10494,0,285
2021-01-17,Malawi,AFRO,1291,11785,15,300
2021-01-18,Malawi,AFRO,685,12470,14,314
2021-01-19,Malawi,AFRO,557,13027,7,321
2021-01-20,Malawi,AFRO,853,13880,15,336
2021-01-21,Malawi,AFRO,971,14851,18,354
2021-01-22,Malawi,AFRO,1197,16048,42,396
2021-01-23,Malawi,AFRO,1315,17363,49,445
2021-01-24,Malawi,AFRO,1076,18439,25,470
2021-01-25,Malawi,AFRO,956,19395,38,508
2021-01-26,Malawi,AFRO,592,19987,10,518
2021-01-27,Malawi,AFRO,843,20830,22,540
2021-01-28,Malawi,AFRO,830,21660,15,555
2021-01-29,Malawi,AFRO,644,22304,73,628
2021-01-30,Malawi,AFRO,716,23020,15,643
2021-01-31,Malawi,AFRO,477,23497,44,687
2021-02-01,Malawi,AFRO,466,23963,15,702
2021-02-02,Malawi,AFRO,402,24365,10,712
2021-02-03,Malawi,AFRO,538,24903,14,726
2021-02-04,Malawi,AFRO,546,25449,35,761
2021-02-05,Malawi,AFRO,435,25884,18,779
2021-02-06,Malawi,AFRO,476,26360,20,799
2021-02-07,Malawi,AFRO,515,26875,38,837
2021-02-08,Malawi,AFRO,320,27195,19,856
2021-02-09,Malawi,AFRO,227,27422,18,874
2021-02-10,Malawi,AFRO,300,27722,9,883
2021-02-11,Malawi,AFRO,328,28050,17,900
2021-02-12,Malawi,AFRO,220,28270,14,914
2021-02-13,Malawi,AFRO,360,28630,12,926
2021-02-14,Malawi,AFRO,246,28876,11,937
2021-02-15,Malawi,AFRO,159,29035,15,952
2021-02-16,Malawi,AFRO,146,29181,6,958
2021-02-17,Malawi,AFRO,240,29421,10,968
2021-02-18,Malawi,AFRO,213,29634,8,976
2021-02-19,Malawi,AFRO,0,29634,8,984
2021-02-20,Malawi,AFRO,643,30277,8,992
2021-02-21,Malawi,AFRO,251,30528,12,1004
2021-02-22,Malawi,AFRO,214,30742,9,1013
2021-02-23,Malawi,AFRO,200,30942,8,1021
2021-02-24,Malawi,AFRO,164,31106,3,1024
2021-02-25,Malawi,AFRO,189,31295,5,1029
2021-02-26,Malawi,AFRO,207,31502,4,1033
2021-02-27,Malawi,AFRO,173,31675,4,1037
2021-02-28,Malawi,AFRO,123,31798,0,1037
2021-03-01,Malawi,AFRO,147,31945,3,1040
2021-03-02,Malawi,AFRO,63,32008,4,1044
2021-03-03,Malawi,AFRO,140,32148,0,1044
2021-03-04,Malawi,AFRO,81,32229,12,1056
2021-03-05,Malawi,AFRO,56,32285,2,1058
2021-03-06,Malawi,AFRO,72,32357,0,1058
2021-03-07,Malawi,AFRO,41,32398,9,1067
2021-03-08,Malawi,AFRO,44,32442,2,1069
2021-03-09,Malawi,AFRO,27,32469,1,1070
2021-03-10,Malawi,AFRO,59,32528,4,1074
2021-03-11,Malawi,AFRO,86,32614,3,1077
2021-03-12,Malawi,AFRO,59,32673,1,1078
2021-03-13,Malawi,AFRO,73,32746,1,1079
2021-03-14,Malawi,AFRO,43,32789,3,1082
2021-03-15,Malawi,AFRO,42,32831,1,1083
2021-03-16,Malawi,AFRO,33,32864,1,1084
2021-03-17,Malawi,AFRO,30,32894,4,1088
2021-03-18,Malawi,AFRO,76,32970,0,1088
2021-03-19,Malawi,AFRO,75,33045,3,1091
2021-03-20,Malawi,AFRO,0,33045,0,1091
2021-03-21,Malawi,AFRO,171,33216,2,1093
2021-03-22,Malawi,AFRO,21,33237,3,1096
2021-03-23,Malawi,AFRO,33,33270,2,1098
2021-03-24,Malawi,AFRO,53,33323,1,1099
2021-03-25,Malawi,AFRO,31,33354,6,1105
2021-03-26,Malawi,AFRO,33,33387,3,1108
2021-03-27,Malawi,AFRO,28,33415,4,1112
2021-03-28,Malawi,AFRO,43,33458,1,1113
2021-03-29,Malawi,AFRO,23,33481,1,1114
2021-03-30,Malawi,AFRO,24,33505,0,1114
2021-03-31,Malawi,AFRO,20,33525,2,1116
2021-04-01,Malawi,AFRO,26,33551,1,1117
2021-04-02,Malawi,AFRO,33,33584,1,1118
2021-04-03,Malawi,AFRO,55,33639,1,1119
2021-04-04,Malawi,AFRO,0,33639,0,1119
2021-04-05,Malawi,AFRO,22,33661,4,1123
2021-04-06,Malawi,AFRO,12,33673,1,1124
2021-04-07,Malawi,AFRO,12,33685,0,1124
2021-04-08,Malawi,AFRO,33,33718,1,1125
2021-04-09,Malawi,AFRO,20,33738,0,1125
2021-04-10,Malawi,AFRO,41,33779,1,1126
2021-04-11,Malawi,AFRO,26,33805,1,1127
2021-04-12,Malawi,AFRO,22,33827,1,1128
2021-04-13,Malawi,AFRO,32,33859,4,1132
2021-04-14,Malawi,AFRO,13,33872,1,1133
2021-04-15,Malawi,AFRO,19,33891,1,1134
2021-04-16,Malawi,AFRO,11,33902,0,1134
2021-04-17,Malawi,AFRO,17,33919,2,1136
2021-04-18,Malawi,AFRO,15,33934,2,1138
2021-04-19,Malawi,AFRO,7,33941,0,1138
2021-04-20,Malawi,AFRO,18,33959,1,1139
2021-04-21,Malawi,AFRO,9,33968,3,1142
2021-04-22,Malawi,AFRO,7,33975,0,1142
2021-04-23,Malawi,AFRO,14,33989,3,1145
2021-04-24,Malawi,AFRO,0,33989,0,1145
2021-04-25,Malawi,AFRO,22,34011,2,1147
2021-04-26,Malawi,AFRO,5,34016,0,1147
2021-04-27,Malawi,AFRO,5,34021,0,1147
2021-04-28,Malawi,AFRO,10,34031,0,1147
2021-04-29,Malawi,AFRO,21,34052,0,1147
2021-04-30,Malawi,AFRO,10,34062,1,1148
2021-05-01,Malawi,AFRO,16,34078,0,1148
2021-05-02,Malawi,AFRO,17,34095,0,1148
2021-05-03,Malawi,AFRO,1,34096,0,1148
2021-05-04,Malawi,AFRO,3,34099,0,1148
2021-05-05,Malawi,AFRO,24,34123,1,1149
2021-05-06,Malawi,AFRO,20,34143,2,1151
2021-05-07,Malawi,AFRO,8,34151,1,1152
2021-05-08,Malawi,AFRO,7,34158,0,1152
2021-05-09,Malawi,AFRO,8,34166,1,1153
2021-05-10,Malawi,AFRO,5,34171,0,1153
2021-05-11,Malawi,AFRO,9,34180,0,1153
2021-05-12,Malawi,AFRO,3,34183,0,1153
2021-05-13,Malawi,AFRO,3,34186,0,1153
2021-05-14,Malawi,AFRO,14,34200,0,1153
2021-05-15,Malawi,AFRO,6,34206,0,1153
2021-05-16,Malawi,AFRO,4,34210,0,1153
2021-05-17,Malawi,AFRO,4,34214,0,1153
2021-05-18,Malawi,AFRO,2,34216,0,1153
2021-05-19,Malawi,AFRO,15,34231,0,1153
2021-05-20,Malawi,AFRO,7,34238,0,1153
2021-05-21,Malawi,AFRO,13,34251,0,1153
2021-05-22,Malawi,AFRO,10,34261,0,1153
2021-05-23,Malawi,AFRO,13,34274,0,1153
2021-05-24,Malawi,AFRO,10,34284,0,1153
2021-05-25,Malawi,AFRO,9,34293,1,1154
2021-05-26,Malawi,AFRO,2,34295,0,1154
2021-05-27,Malawi,AFRO,9,34304,0,1154
2021-05-28,Malawi,AFRO,5,34309,0,1154
2021-05-29,Malawi,AFRO,14,34323,0,1154
2021-05-30,Malawi,AFRO,6,34329,0,1154
2021-01-01,Malaysia,WPRO,2525,113010,8,471
2021-01-02,Malaysia,WPRO,2068,115078,3,474
2021-01-03,Malaysia,WPRO,2295,117373,9,483
2021-01-04,Malaysia,WPRO,1704,119077,11,494
2021-01-05,Malaysia,WPRO,1741,120818,7,501
2021-01-06,Malaysia,WPRO,2027,122845,8,509
2021-01-07,Malaysia,WPRO,2593,125438,4,513
2021-01-08,Malaysia,WPRO,3027,128465,8,521
2021-01-09,Malaysia,WPRO,2643,131108,16,537
2021-01-10,Malaysia,WPRO,2451,133559,5,542
2021-01-11,Malaysia,WPRO,2433,135992,9,551
2021-01-12,Malaysia,WPRO,2232,138224,4,555
2021-01-13,Malaysia,WPRO,3309,141533,4,559
2021-01-14,Malaysia,WPRO,2985,144518,4,563
2021-01-15,Malaysia,WPRO,3337,147855,15,578
2021-01-16,Malaysia,WPRO,3211,151066,8,586
2021-01-17,Malaysia,WPRO,4029,155095,8,594
2021-01-18,Malaysia,WPRO,3339,158434,7,601
2021-01-19,Malaysia,WPRO,3306,161740,4,605
2021-01-20,Malaysia,WPRO,3631,165371,14,619
2021-01-21,Malaysia,WPRO,4008,169379,11,630
2021-01-22,Malaysia,WPRO,3170,172549,12,642
2021-01-23,Malaysia,WPRO,3631,176180,18,660
2021-01-24,Malaysia,WPRO,4275,180455,7,667
2021-01-25,Malaysia,WPRO,3346,183801,11,678
2021-01-26,Malaysia,WPRO,3048,186849,11,689
2021-01-27,Malaysia,WPRO,3585,190434,11,700
2021-01-28,Malaysia,WPRO,3680,194114,7,707
2021-01-29,Malaysia,WPRO,4094,198208,10,717
2021-01-30,Malaysia,WPRO,5725,203933,16,733
2021-01-31,Malaysia,WPRO,5728,209661,13,746
2021-02-01,Malaysia,WPRO,5298,214959,14,760
2021-02-02,Malaysia,WPRO,4214,219173,10,770
2021-02-03,Malaysia,WPRO,3455,222628,21,791
2021-02-04,Malaysia,WPRO,4284,226912,18,809
2021-02-05,Malaysia,WPRO,4571,231483,17,826
2021-02-06,Malaysia,WPRO,3391,234874,19,845
2021-02-07,Malaysia,WPRO,3847,238721,12,857
2021-02-08,Malaysia,WPRO,3731,242452,15,872
2021-02-09,Malaysia,WPRO,3100,245552,24,896
2021-02-10,Malaysia,WPRO,2764,248316,13,909
2021-02-11,Malaysia,WPRO,3288,251604,14,923
2021-02-12,Malaysia,WPRO,3384,254988,13,936
2021-02-13,Malaysia,WPRO,3318,258306,17,953
2021-02-14,Malaysia,WPRO,3499,261805,5,958
2021-02-15,Malaysia,WPRO,2464,264269,7,965
2021-02-16,Malaysia,WPRO,2186,266455,10,975
2021-02-17,Malaysia,WPRO,2710,269165,8,983
2021-02-18,Malaysia,WPRO,2998,272163,22,1005
2021-02-19,Malaysia,WPRO,2712,274875,25,1030
2021-02-20,Malaysia,WPRO,2936,277811,13,1043
2021-02-21,Malaysia,WPRO,2461,280272,8,1051
2021-02-22,Malaysia,WPRO,3297,283569,5,1056
2021-02-23,Malaysia,WPRO,2192,285761,6,1062
2021-02-24,Malaysia,WPRO,2468,288229,14,1076
2021-02-25,Malaysia,WPRO,3545,291774,12,1088
2021-02-26,Malaysia,WPRO,1924,293698,12,1100
2021-02-27,Malaysia,WPRO,2253,295951,11,1111
2021-02-28,Malaysia,WPRO,2364,298315,10,1121
2021-03-01,Malaysia,WPRO,2437,300752,9,1130
2021-03-02,Malaysia,WPRO,1828,302580,5,1135
2021-03-03,Malaysia,WPRO,1555,304135,6,1141
2021-03-04,Malaysia,WPRO,1745,305880,7,1148
2021-03-05,Malaysia,WPRO,2063,307943,5,1153
2021-03-06,Malaysia,WPRO,2154,310097,6,1159
2021-03-07,Malaysia,WPRO,1680,311777,7,1166
2021-03-08,Malaysia,WPRO,1683,313460,3,1169
2021-03-09,Malaysia,WPRO,1529,314989,8,1177
2021-03-10,Malaysia,WPRO,1280,316269,9,1186
2021-03-11,Malaysia,WPRO,1448,317717,5,1191
2021-03-12,Malaysia,WPRO,1647,319364,9,1200
2021-03-13,Malaysia,WPRO,1575,320939,3,1203
2021-03-14,Malaysia,WPRO,1470,322409,3,1206
2021-03-15,Malaysia,WPRO,1354,323763,4,1210
2021-03-16,Malaysia,WPRO,1208,324971,3,1213
2021-03-17,Malaysia,WPRO,1063,326034,5,1218
2021-03-18,Malaysia,WPRO,1219,327253,2,1220
2021-03-19,Malaysia,WPRO,1213,328466,3,1223
2021-03-20,Malaysia,WPRO,1576,330042,2,1225
2021-03-21,Malaysia,WPRO,1671,331713,4,1229
2021-03-22,Malaysia,WPRO,1327,333040,4,1233
2021-03-23,Malaysia,WPRO,1116,334156,5,1238
2021-03-24,Malaysia,WPRO,1384,335540,6,1244
2021-03-25,Malaysia,WPRO,1268,336808,2,1246
2021-03-26,Malaysia,WPRO,1360,338168,2,1248
2021-03-27,Malaysia,WPRO,1275,339443,1,1249
2021-03-28,Malaysia,WPRO,1199,340642,2,1251
2021-03-29,Malaysia,WPRO,1302,341944,4,1255
2021-03-30,Malaysia,WPRO,941,342885,5,1260
2021-03-31,Malaysia,WPRO,1133,344018,5,1265
2021-04-01,Malaysia,WPRO,1482,345500,7,1272
2021-04-02,Malaysia,WPRO,1178,346678,6,1278
2021-04-03,Malaysia,WPRO,1294,347972,5,1283
2021-04-04,Malaysia,WPRO,1638,349610,3,1286
2021-04-05,Malaysia,WPRO,1349,350959,2,1288
2021-04-06,Malaysia,WPRO,1070,352029,7,1295
2021-04-07,Malaysia,WPRO,1300,353329,5,1300
2021-04-08,Malaysia,WPRO,1139,354468,4,1304
2021-04-09,Malaysia,WPRO,1285,355753,4,1308
2021-04-10,Malaysia,WPRO,1854,357607,5,1313
2021-04-11,Malaysia,WPRO,1510,359117,8,1321
2021-04-12,Malaysia,WPRO,1739,360856,8,1329
2021-04-13,Malaysia,WPRO,1317,362173,4,1333
2021-04-14,Malaysia,WPRO,1767,363940,12,1345
2021-04-15,Malaysia,WPRO,1889,365829,8,1353
2021-04-16,Malaysia,WPRO,2148,367977,10,1363
2021-04-17,Malaysia,WPRO,2551,370528,2,1365
2021-04-18,Malaysia,WPRO,2331,372859,5,1370
2021-04-19,Malaysia,WPRO,2195,375054,8,1378
2021-04-20,Malaysia,WPRO,2078,377132,8,1386
2021-04-21,Malaysia,WPRO,2341,379473,3,1389
2021-04-22,Malaysia,WPRO,2340,381813,11,1400
2021-04-23,Malaysia,WPRO,2875,384688,7,1407
2021-04-24,Malaysia,WPRO,2847,387535,8,1415
2021-04-25,Malaysia,WPRO,2717,390252,11,1426
2021-04-26,Malaysia,WPRO,2690,392942,10,1436
2021-04-27,Malaysia,WPRO,2776,395718,13,1449
2021-04-28,Malaysia,WPRO,2733,398451,13,1462
2021-04-29,Malaysia,WPRO,3142,401593,15,1477
2021-04-30,Malaysia,WPRO,3332,404925,15,1492
2021-05-01,Malaysia,WPRO,3788,408713,14,1506
2021-05-02,Malaysia,WPRO,2881,411594,15,1521
2021-05-03,Malaysia,WPRO,3418,415012,12,1533
2021-05-04,Malaysia,WPRO,2500,417512,18,1551
2021-05-05,Malaysia,WPRO,3120,420632,23,1574
2021-05-06,Malaysia,WPRO,3744,424376,17,1591
2021-05-07,Malaysia,WPRO,3551,427927,19,1610
2021-05-08,Malaysia,WPRO,4498,432425,22,1632
2021-05-09,Malaysia,WPRO,4519,436944,25,1657
2021-05-10,Malaysia,WPRO,3733,440677,26,1683
2021-05-11,Malaysia,WPRO,3807,444484,17,1700
2021-05-12,Malaysia,WPRO,3973,448457,22,1722
2021-05-13,Malaysia,WPRO,4765,453222,39,1761
2021-05-14,Malaysia,WPRO,4855,458077,27,1788
2021-05-15,Malaysia,WPRO,4113,462190,34,1822
2021-05-16,Malaysia,WPRO,4140,466330,44,1866
2021-05-17,Malaysia,WPRO,3780,470110,36,1902
2021-05-18,Malaysia,WPRO,4446,474556,45,1947
2021-05-19,Malaysia,WPRO,4865,479421,47,1994
2021-05-20,Malaysia,WPRO,6075,485496,46,2040
2021-05-21,Malaysia,WPRO,6806,492302,59,2099
2021-05-22,Malaysia,WPRO,6493,498795,50,2149
2021-05-23,Malaysia,WPRO,6320,505115,50,2199
2021-05-24,Malaysia,WPRO,6976,512091,49,2248
2021-05-25,Malaysia,WPRO,6509,518600,61,2309
2021-05-26,Malaysia,WPRO,7289,525889,60,2369
2021-05-27,Malaysia,WPRO,7478,533367,63,2432
2021-05-28,Malaysia,WPRO,7857,541224,59,2491
2021-05-29,Malaysia,WPRO,8290,549514,61,2552
2021-05-30,Malaysia,WPRO,9020,558534,98,2650
2021-01-01,Maldives,SEARO,47,13804,0,48
2021-01-02,Maldives,SEARO,30,13834,0,48
2021-01-03,Maldives,SEARO,33,13867,0,48
2021-01-04,Maldives,SEARO,26,13893,0,48
2021-01-05,Maldives,SEARO,37,13930,0,48
2021-01-06,Maldives,SEARO,37,13967,0,48
2021-01-07,Maldives,SEARO,21,13988,1,49
2021-01-08,Maldives,SEARO,52,14040,0,49
2021-01-09,Maldives,SEARO,25,14065,0,49
2021-01-10,Maldives,SEARO,44,14109,0,49
2021-01-11,Maldives,SEARO,50,14159,0,49
2021-01-12,Maldives,SEARO,59,14218,0,49
2021-01-13,Maldives,SEARO,59,14277,0,49
2021-01-14,Maldives,SEARO,48,14325,0,49
2021-01-15,Maldives,SEARO,50,14375,0,49
2021-01-16,Maldives,SEARO,87,14462,0,49
2021-01-17,Maldives,SEARO,51,14513,0,49
2021-01-18,Maldives,SEARO,69,14582,0,49
2021-01-19,Maldives,SEARO,51,14633,0,49
2021-01-20,Maldives,SEARO,79,14712,0,49
2021-01-21,Maldives,SEARO,53,14765,1,50
2021-01-22,Maldives,SEARO,65,14830,0,50
2021-01-23,Maldives,SEARO,55,14885,0,50
2021-01-24,Maldives,SEARO,108,14993,1,51
2021-01-25,Maldives,SEARO,109,15102,0,51
2021-01-26,Maldives,SEARO,145,15247,0,51
2021-01-27,Maldives,SEARO,143,15390,0,51
2021-01-28,Maldives,SEARO,106,15496,0,51
2021-01-29,Maldives,SEARO,118,15614,0,51
2021-01-30,Maldives,SEARO,122,15736,0,51
2021-01-31,Maldives,SEARO,105,15841,1,52
2021-02-01,Maldives,SEARO,215,16056,0,52
2021-02-02,Maldives,SEARO,99,16155,0,52
2021-02-03,Maldives,SEARO,121,16276,1,53
2021-02-04,Maldives,SEARO,134,16410,1,54
2021-02-05,Maldives,SEARO,137,16547,0,54
2021-02-06,Maldives,SEARO,109,16656,0,54
2021-02-07,Maldives,SEARO,127,16783,1,55
2021-02-08,Maldives,SEARO,126,16909,0,55
2021-02-09,Maldives,SEARO,192,17101,1,56
2021-02-10,Maldives,SEARO,100,17201,0,56
2021-02-11,Maldives,SEARO,186,17387,0,56
2021-02-12,Maldives,SEARO,120,17507,0,56
2021-02-13,Maldives,SEARO,209,17716,0,56
2021-02-14,Maldives,SEARO,112,17828,2,58
2021-02-15,Maldives,SEARO,125,17953,0,58
2021-02-16,Maldives,SEARO,129,18082,0,58
2021-02-17,Maldives,SEARO,142,18224,0,58
2021-02-18,Maldives,SEARO,116,18340,0,58
2021-02-19,Maldives,SEARO,127,18467,0,58
2021-02-20,Maldives,SEARO,145,18612,2,60
2021-02-21,Maldives,SEARO,157,18769,0,60
2021-02-22,Maldives,SEARO,161,18930,0,60
2021-02-23,Maldives,SEARO,108,19038,0,60
2021-02-24,Maldives,SEARO,124,19162,0,60
2021-02-25,Maldives,SEARO,184,19346,0,60
2021-02-26,Maldives,SEARO,133,19479,0,60
2021-02-27,Maldives,SEARO,118,19597,1,61
2021-02-28,Maldives,SEARO,196,19793,1,62
2021-03-01,Maldives,SEARO,186,19979,0,62
2021-03-02,Maldives,SEARO,165,20144,0,62
2021-03-03,Maldives,SEARO,136,20280,1,63
2021-03-04,Maldives,SEARO,167,20447,1,64
2021-03-05,Maldives,SEARO,118,20565,0,64
2021-03-06,Maldives,SEARO,98,20663,0,64
2021-03-07,Maldives,SEARO,131,20794,0,64
2021-03-08,Maldives,SEARO,125,20919,0,64
2021-03-09,Maldives,SEARO,115,21034,0,64
2021-03-10,Maldives,SEARO,110,21144,0,64
2021-03-11,Maldives,SEARO,124,21268,0,64
2021-03-12,Maldives,SEARO,114,21382,0,64
2021-03-13,Maldives,SEARO,94,21476,0,64
2021-03-14,Maldives,SEARO,96,21572,0,64
2021-03-15,Maldives,SEARO,94,21666,0,64
2021-03-16,Maldives,SEARO,153,21819,0,64
2021-03-17,Maldives,SEARO,142,21961,0,64
2021-03-18,Maldives,SEARO,186,22147,1,65
2021-03-19,Maldives,SEARO,145,22292,0,65
2021-03-20,Maldives,SEARO,81,22373,0,65
2021-03-21,Maldives,SEARO,140,22513,1,66
2021-03-22,Maldives,SEARO,149,22662,0,66
2021-03-23,Maldives,SEARO,128,22790,0,66
2021-03-24,Maldives,SEARO,139,22929,0,66
2021-03-25,Maldives,SEARO,162,23091,0,66
2021-03-26,Maldives,SEARO,146,23237,0,66
2021-03-27,Maldives,SEARO,166,23403,0,66
2021-03-28,Maldives,SEARO,121,23524,0,66
2021-03-29,Maldives,SEARO,147,23671,0,66
2021-03-30,Maldives,SEARO,167,23838,0,66
2021-03-31,Maldives,SEARO,241,24079,1,67
2021-04-01,Maldives,SEARO,300,24379,0,67
2021-04-02,Maldives,SEARO,169,24548,0,67
2021-04-03,Maldives,SEARO,103,24651,0,67
2021-04-04,Maldives,SEARO,132,24783,0,67
2021-04-05,Maldives,SEARO,125,24908,0,67
2021-04-06,Maldives,SEARO,145,25053,0,67
2021-04-07,Maldives,SEARO,138,25191,0,67
2021-04-08,Maldives,SEARO,113,25304,0,67
2021-04-09,Maldives,SEARO,132,25436,0,67
2021-04-10,Maldives,SEARO,88,25524,0,67
2021-04-11,Maldives,SEARO,93,25617,0,67
2021-04-12,Maldives,SEARO,84,25701,0,67
2021-04-13,Maldives,SEARO,58,25759,0,67
2021-04-14,Maldives,SEARO,85,25844,0,67
2021-04-15,Maldives,SEARO,95,25939,0,67
2021-04-16,Maldives,SEARO,82,26021,1,68
2021-04-17,Maldives,SEARO,124,26145,1,69
2021-04-18,Maldives,SEARO,203,26348,1,70
2021-04-19,Maldives,SEARO,157,26505,0,70
2021-04-20,Maldives,SEARO,162,26667,1,71
2021-04-21,Maldives,SEARO,253,26920,0,71
2021-04-22,Maldives,SEARO,164,27084,0,71
2021-04-23,Maldives,SEARO,319,27403,0,71
2021-04-24,Maldives,SEARO,218,27621,0,71
2021-04-25,Maldives,SEARO,253,27874,0,71
2021-04-26,Maldives,SEARO,328,28202,0,71
2021-04-27,Maldives,SEARO,386,28588,0,71
2021-04-28,Maldives,SEARO,464,29052,1,72
2021-04-29,Maldives,SEARO,318,29370,1,73
2021-04-30,Maldives,SEARO,465,29835,0,73
2021-05-01,Maldives,SEARO,402,30237,0,73
2021-05-02,Maldives,SEARO,508,30745,1,74
2021-05-03,Maldives,SEARO,585,31330,0,74
2021-05-04,Maldives,SEARO,601,31931,0,74
2021-05-05,Maldives,SEARO,734,32665,0,74
2021-05-06,Maldives,SEARO,703,33368,3,77
2021-05-07,Maldives,SEARO,766,34134,5,82
2021-05-08,Maldives,SEARO,590,34724,1,83
2021-05-09,Maldives,SEARO,1091,35815,1,84
2021-05-10,Maldives,SEARO,1204,37019,3,87
2021-05-11,Maldives,SEARO,1501,38520,0,87
2021-05-12,Maldives,SEARO,1572,40092,0,87
2021-05-13,Maldives,SEARO,1216,41308,0,87
2021-05-14,Maldives,SEARO,1467,42775,4,91
2021-05-15,Maldives,SEARO,1007,43782,3,94
2021-05-16,Maldives,SEARO,741,44523,3,97
2021-05-17,Maldives,SEARO,1433,45956,4,101
2021-05-18,Maldives,SEARO,1465,47421,4,105
2021-05-19,Maldives,SEARO,1187,48608,7,112
2021-05-20,Maldives,SEARO,2194,50802,2,114
2021-05-21,Maldives,SEARO,1603,52405,6,120
2021-05-22,Maldives,SEARO,1960,54365,3,123
2021-05-23,Maldives,SEARO,1559,55924,6,129
2021-05-24,Maldives,SEARO,1417,57341,10,139
2021-05-25,Maldives,SEARO,1004,58345,5,144
2021-05-26,Maldives,SEARO,1299,59644,3,147
2021-05-27,Maldives,SEARO,1299,60943,3,150
2021-05-28,Maldives,SEARO,901,61844,5,155
2021-05-29,Maldives,SEARO,1062,62906,2,157
2021-05-30,Maldives,SEARO,780,63686,1,158
2021-01-01,Mali,AFRO,61,7090,0,269
2021-01-02,Mali,AFRO,0,7090,0,269
2021-01-03,Mali,AFRO,136,7226,7,276
2021-01-04,Mali,AFRO,27,7253,2,278
2021-01-05,Mali,AFRO,7,7260,1,279
2021-01-06,Mali,AFRO,0,7260,0,279
2021-01-07,Mali,AFRO,135,7395,6,285
2021-01-08,Mali,AFRO,0,7395,0,285
2021-01-09,Mali,AFRO,32,7427,1,286
2021-01-10,Mali,AFRO,138,7565,9,295
2021-01-11,Mali,AFRO,35,7600,3,298
2021-01-12,Mali,AFRO,64,7664,1,299
2021-01-13,Mali,AFRO,23,7687,4,303
2021-01-14,Mali,AFRO,51,7738,0,303
2021-01-15,Mali,AFRO,0,7738,0,303
2021-01-16,Mali,AFRO,62,7800,5,308
2021-01-17,Mali,AFRO,23,7823,0,308
2021-01-18,Mali,AFRO,16,7839,2,310
2021-01-19,Mali,AFRO,16,7855,1,311
2021-01-20,Mali,AFRO,25,7880,6,317
2021-01-21,Mali,AFRO,17,7897,1,318
2021-01-22,Mali,AFRO,14,7911,2,320
2021-01-23,Mali,AFRO,26,7937,1,321
2021-01-24,Mali,AFRO,28,7965,2,323
2021-01-25,Mali,AFRO,18,7983,0,323
2021-01-26,Mali,AFRO,0,7983,0,323
2021-01-27,Mali,AFRO,23,8006,4,327
2021-01-28,Mali,AFRO,31,8037,0,327
2021-01-29,Mali,AFRO,19,8056,2,329
2021-01-30,Mali,AFRO,7,8063,0,329
2021-01-31,Mali,AFRO,6,8069,1,330
2021-02-01,Mali,AFRO,22,8091,0,330
2021-02-02,Mali,AFRO,9,8100,0,330
2021-02-03,Mali,AFRO,11,8111,3,333
2021-02-04,Mali,AFRO,8,8119,0,333
2021-02-05,Mali,AFRO,11,8130,0,333
2021-02-06,Mali,AFRO,15,8145,3,336
2021-02-07,Mali,AFRO,15,8160,2,338
2021-02-08,Mali,AFRO,16,8176,0,338
2021-02-09,Mali,AFRO,5,8181,1,339
2021-02-10,Mali,AFRO,11,8192,0,339
2021-02-11,Mali,AFRO,11,8203,0,339
2021-02-12,Mali,AFRO,15,8218,1,340
2021-02-13,Mali,AFRO,0,8218,0,340
2021-02-14,Mali,AFRO,8,8226,2,342
2021-02-15,Mali,AFRO,3,8229,0,342
2021-02-16,Mali,AFRO,6,8235,0,342
2021-02-17,Mali,AFRO,6,8241,0,342
2021-02-18,Mali,AFRO,15,8256,0,342
2021-02-19,Mali,AFRO,0,8256,0,342
2021-02-20,Mali,AFRO,4,8260,2,344
2021-02-21,Mali,AFRO,32,8292,3,347
2021-02-22,Mali,AFRO,7,8299,1,348
2021-02-23,Mali,AFRO,7,8306,0,348
2021-02-24,Mali,AFRO,18,8324,0,348
2021-02-25,Mali,AFRO,8,8332,0,348
2021-02-26,Mali,AFRO,17,8349,1,349
2021-02-27,Mali,AFRO,9,8358,1,350
2021-02-28,Mali,AFRO,7,8365,2,352
2021-03-01,Mali,AFRO,11,8376,1,353
2021-03-02,Mali,AFRO,14,8390,2,355
2021-03-03,Mali,AFRO,30,8420,0,355
2021-03-04,Mali,AFRO,26,8446,2,357
2021-03-05,Mali,AFRO,24,8470,0,357
2021-03-06,Mali,AFRO,39,8509,1,358
2021-03-07,Mali,AFRO,51,8560,0,358
2021-03-08,Mali,AFRO,20,8580,0,358
2021-03-09,Mali,AFRO,0,8580,0,358
2021-03-10,Mali,AFRO,130,8710,0,358
2021-03-11,Mali,AFRO,29,8739,0,358
2021-03-12,Mali,AFRO,43,8782,1,359
2021-03-13,Mali,AFRO,31,8813,1,360
2021-03-14,Mali,AFRO,49,8862,0,360
2021-03-15,Mali,AFRO,0,8862,0,360
2021-03-16,Mali,AFRO,0,8862,0,360
2021-03-17,Mali,AFRO,0,8862,0,360
2021-03-18,Mali,AFRO,71,8933,3,363
2021-03-19,Mali,AFRO,133,9066,0,363
2021-03-20,Mali,AFRO,0,9066,0,363
2021-03-21,Mali,AFRO,204,9270,-3,360
2021-03-22,Mali,AFRO,60,9330,1,361
2021-03-23,Mali,AFRO,0,9330,0,361
2021-03-24,Mali,AFRO,144,9474,7,368
2021-03-25,Mali,AFRO,103,9577,4,372
2021-03-26,Mali,AFRO,70,9647,3,375
2021-03-27,Mali,AFRO,72,9719,1,376
2021-03-28,Mali,AFRO,54,9773,0,376
2021-03-29,Mali,AFRO,98,9871,3,379
2021-03-30,Mali,AFRO,50,9921,5,384
2021-03-31,Mali,AFRO,77,9998,0,384
2021-04-01,Mali,AFRO,44,10042,1,385
2021-04-02,Mali,AFRO,157,10199,1,386
2021-04-03,Mali,AFRO,86,10285,4,390
2021-04-04,Mali,AFRO,147,10432,1,391
2021-04-05,Mali,AFRO,69,10501,1,392
2021-04-06,Mali,AFRO,0,10501,0,392
2021-04-07,Mali,AFRO,249,10750,4,396
2021-04-08,Mali,AFRO,91,10841,4,400
2021-04-09,Mali,AFRO,413,11254,2,402
2021-04-10,Mali,AFRO,139,11393,2,404
2021-04-11,Mali,AFRO,312,11705,1,405
2021-04-12,Mali,AFRO,139,11844,3,408
2021-04-13,Mali,AFRO,158,12002,6,414
2021-04-14,Mali,AFRO,177,12179,3,417
2021-04-15,Mali,AFRO,288,12467,2,419
2021-04-16,Mali,AFRO,239,12706,2,421
2021-04-17,Mali,AFRO,129,12835,5,426
2021-04-18,Mali,AFRO,145,12980,3,429
2021-04-19,Mali,AFRO,90,13070,4,433
2021-04-20,Mali,AFRO,75,13145,8,441
2021-04-21,Mali,AFRO,101,13246,3,444
2021-04-22,Mali,AFRO,90,13336,7,451
2021-04-23,Mali,AFRO,84,13420,5,456
2021-04-24,Mali,AFRO,84,13504,4,460
2021-04-25,Mali,AFRO,56,13560,2,462
2021-04-26,Mali,AFRO,67,13627,5,467
2021-04-27,Mali,AFRO,31,13658,7,474
2021-04-28,Mali,AFRO,64,13722,2,476
2021-04-29,Mali,AFRO,58,13780,1,477
2021-04-30,Mali,AFRO,35,13815,4,481
2021-05-01,Mali,AFRO,43,13858,3,484
2021-05-02,Mali,AFRO,38,13896,1,485
2021-05-03,Mali,AFRO,19,13915,4,489
2021-05-04,Mali,AFRO,22,13937,2,491
2021-05-05,Mali,AFRO,32,13969,1,492
2021-05-06,Mali,AFRO,29,13998,1,493
2021-05-07,Mali,AFRO,31,14029,0,493
2021-05-08,Mali,AFRO,30,14059,4,497
2021-05-09,Mali,AFRO,23,14082,2,499
2021-05-10,Mali,AFRO,26,14108,1,500
2021-05-11,Mali,AFRO,7,14115,2,502
2021-05-12,Mali,AFRO,18,14133,4,506
2021-05-13,Mali,AFRO,16,14149,1,507
2021-05-14,Mali,AFRO,0,14149,1,508
2021-05-15,Mali,AFRO,14,14163,2,510
2021-05-16,Mali,AFRO,13,14176,1,511
2021-05-17,Mali,AFRO,14,14190,0,511
2021-05-18,Mali,AFRO,4,14194,0,511
2021-05-19,Mali,AFRO,13,14207,0,511
2021-05-20,Mali,AFRO,14,14221,1,512
2021-05-21,Mali,AFRO,5,14226,0,512
2021-05-22,Mali,AFRO,10,14236,0,512
2021-05-23,Mali,AFRO,0,14236,0,512
2021-05-24,Mali,AFRO,5,14241,2,514
2021-05-25,Mali,AFRO,3,14244,0,514
2021-05-26,Mali,AFRO,8,14252,0,514
2021-05-27,Mali,AFRO,4,14256,0,514
2021-05-28,Mali,AFRO,3,14259,0,514
2021-05-29,Mali,AFRO,3,14262,2,516
2021-05-30,Mali,AFRO,3,14265,1,517
2021-01-01,Malta,EURO,135,12898,2,225
2021-01-02,Malta,EURO,88,12986,0,225
2021-01-03,Malta,EURO,85,13071,1,226
2021-01-04,Malta,EURO,148,13219,0,226
2021-01-05,Malta,EURO,158,13377,2,228
2021-01-06,Malta,EURO,224,13601,3,231
2021-01-07,Malta,EURO,164,13765,0,231
2021-01-08,Malta,EURO,191,13956,3,234
2021-01-09,Malta,EURO,245,14201,2,236
2021-01-10,Malta,EURO,184,14385,1,237
2021-01-11,Malta,EURO,133,14518,0,237
2021-01-12,Malta,EURO,240,14758,1,238
2021-01-13,Malta,EURO,189,14947,0,238
2021-01-14,Malta,EURO,121,15068,1,239
2021-01-15,Malta,EURO,193,15261,0,239
2021-01-16,Malta,EURO,175,15436,1,240
2021-01-17,Malta,EURO,141,15577,3,243
2021-01-18,Malta,EURO,154,15731,1,244
2021-01-19,Malta,EURO,200,15931,2,246
2021-01-20,Malta,EURO,187,16118,0,246
2021-01-21,Malta,EURO,151,16269,2,248
2021-01-22,Malta,EURO,143,16412,3,251
2021-01-23,Malta,EURO,119,16531,1,252
2021-01-24,Malta,EURO,116,16647,3,255
2021-01-25,Malta,EURO,203,16850,1,256
2021-01-26,Malta,EURO,138,16988,1,257
2021-01-27,Malta,EURO,193,17181,3,260
2021-01-28,Malta,EURO,101,17282,1,261
2021-01-29,Malta,EURO,208,17490,6,267
2021-01-30,Malta,EURO,185,17675,2,269
2021-01-31,Malta,EURO,182,17857,1,270
2021-02-01,Malta,EURO,124,17981,0,270
2021-02-02,Malta,EURO,141,18122,3,273
2021-02-03,Malta,EURO,138,18260,1,274
2021-02-04,Malta,EURO,79,18339,2,276
2021-02-05,Malta,EURO,57,18396,1,277
2021-02-06,Malta,EURO,134,18530,5,282
2021-02-07,Malta,EURO,100,18630,2,284
2021-02-08,Malta,EURO,137,18767,1,285
2021-02-09,Malta,EURO,202,18969,1,286
2021-02-10,Malta,EURO,167,19136,1,287
2021-02-11,Malta,EURO,151,19287,3,290
2021-02-12,Malta,EURO,164,19451,0,290
2021-02-13,Malta,EURO,154,19605,1,291
2021-02-14,Malta,EURO,138,19743,2,293
2021-02-15,Malta,EURO,156,19899,3,296
2021-02-16,Malta,EURO,102,20001,0,296
2021-02-17,Malta,EURO,199,20200,2,298
2021-02-18,Malta,EURO,163,20363,2,300
2021-02-19,Malta,EURO,154,20517,1,301
2021-02-20,Malta,EURO,199,20716,1,302
2021-02-21,Malta,EURO,130,20846,2,304
2021-02-22,Malta,EURO,193,21039,1,305
2021-02-23,Malta,EURO,221,21260,1,306
2021-02-24,Malta,EURO,226,21486,1,307
2021-02-25,Malta,EURO,192,21678,4,311
2021-02-26,Malta,EURO,258,21936,1,312
2021-02-27,Malta,EURO,237,22173,1,313
2021-02-28,Malta,EURO,263,22436,1,314
2021-03-01,Malta,EURO,175,22611,1,315
2021-03-02,Malta,EURO,336,22947,6,321
2021-03-03,Malta,EURO,233,23180,0,321
2021-03-04,Malta,EURO,362,23542,4,325
2021-03-05,Malta,EURO,283,23825,2,327
2021-03-06,Malta,EURO,345,24170,0,327
2021-03-07,Malta,EURO,182,24352,5,332
2021-03-08,Malta,EURO,201,24553,1,333
2021-03-09,Malta,EURO,248,24801,1,334
2021-03-10,Malta,EURO,501,25302,2,336
2021-03-11,Malta,EURO,283,25585,1,337
2021-03-12,Malta,EURO,329,25914,7,344
2021-03-13,Malta,EURO,298,26212,3,347
2021-03-14,Malta,EURO,268,26480,3,350
2021-03-15,Malta,EURO,213,26693,3,353
2021-03-16,Malta,EURO,313,27006,3,356
2021-03-17,Malta,EURO,211,27217,5,361
2021-03-18,Malta,EURO,243,27460,0,361
2021-03-19,Malta,EURO,179,27639,2,363
2021-03-20,Malta,EURO,210,27849,4,367
2021-03-21,Malta,EURO,224,28073,2,369
2021-03-22,Malta,EURO,191,28264,3,372
2021-03-23,Malta,EURO,159,28423,1,373
2021-03-24,Malta,EURO,101,28524,2,375
2021-03-25,Malta,EURO,102,28626,1,376
2021-03-26,Malta,EURO,103,28729,5,381
2021-03-27,Malta,EURO,93,28822,4,385
2021-03-28,Malta,EURO,67,28889,2,387
2021-03-29,Malta,EURO,63,28952,1,388
2021-03-30,Malta,EURO,55,29007,3,391
2021-03-31,Malta,EURO,40,29047,1,392
2021-04-01,Malta,EURO,52,29099,2,394
2021-04-02,Malta,EURO,42,29141,1,395
2021-04-03,Malta,EURO,62,29203,2,397
2021-04-04,Malta,EURO,34,29237,1,398
2021-04-05,Malta,EURO,56,29293,1,399
2021-04-06,Malta,EURO,64,29357,1,400
2021-04-07,Malta,EURO,65,29422,0,400
2021-04-08,Malta,EURO,55,29477,1,401
2021-04-09,Malta,EURO,48,29525,0,401
2021-04-10,Malta,EURO,37,29562,1,402
2021-04-11,Malta,EURO,66,29628,0,402
2021-04-12,Malta,EURO,47,29675,0,402
2021-04-13,Malta,EURO,59,29734,1,403
2021-04-14,Malta,EURO,58,29792,0,403
2021-04-15,Malta,EURO,55,29847,1,404
2021-04-16,Malta,EURO,27,29874,1,405
2021-04-17,Malta,EURO,67,29941,3,408
2021-04-18,Malta,EURO,39,29980,1,409
2021-04-19,Malta,EURO,60,30040,1,410
2021-04-20,Malta,EURO,13,30053,0,410
2021-04-21,Malta,EURO,24,30077,1,411
2021-04-22,Malta,EURO,33,30110,0,411
2021-04-23,Malta,EURO,33,30143,0,411
2021-04-24,Malta,EURO,20,30163,1,412
2021-04-25,Malta,EURO,25,30188,1,413
2021-04-26,Malta,EURO,15,30203,0,413
2021-04-27,Malta,EURO,45,30248,0,413
2021-04-28,Malta,EURO,15,30263,0,413
2021-04-29,Malta,EURO,27,30290,0,413
2021-04-30,Malta,EURO,16,30306,1,414
2021-05-01,Malta,EURO,15,30321,1,415
2021-05-02,Malta,EURO,12,30333,2,417
2021-05-03,Malta,EURO,35,30368,0,417
2021-05-04,Malta,EURO,27,30395,0,417
2021-05-05,Malta,EURO,30,30425,0,417
2021-05-06,Malta,EURO,9,30434,0,417
2021-05-07,Malta,EURO,12,30446,0,417
2021-05-08,Malta,EURO,6,30452,0,417
2021-05-09,Malta,EURO,9,30461,0,417
2021-05-10,Malta,EURO,11,30472,0,417
2021-05-11,Malta,EURO,6,30478,0,417
2021-05-12,Malta,EURO,5,30483,0,417
2021-05-13,Malta,EURO,4,30487,0,417
2021-05-14,Malta,EURO,1,30488,0,417
2021-05-15,Malta,EURO,4,30492,0,417
2021-05-16,Malta,EURO,2,30494,0,417
2021-05-17,Malta,EURO,4,30498,0,417
2021-05-18,Malta,EURO,2,30500,0,417
2021-05-19,Malta,EURO,3,30503,0,417
2021-05-20,Malta,EURO,2,30505,0,417
2021-05-21,Malta,EURO,6,30511,0,417
2021-05-22,Malta,EURO,2,30513,0,417
2021-05-23,Malta,EURO,5,30518,0,417
2021-05-24,Malta,EURO,2,30520,0,417
2021-05-25,Malta,EURO,3,30523,1,418
2021-05-26,Malta,EURO,7,30530,1,419
2021-05-27,Malta,EURO,4,30534,0,419
2021-05-28,Malta,EURO,6,30540,0,419
2021-05-29,Malta,EURO,3,30543,0,419
2021-05-30,Malta,EURO,4,30547,0,419
2021-01-01,Marshall Islands,WPRO,0,4,0,0
2021-01-02,Marshall Islands,WPRO,0,4,0,0
2021-01-03,Marshall Islands,WPRO,0,4,0,0
2021-01-04,Marshall Islands,WPRO,0,4,0,0
2021-01-05,Marshall Islands,WPRO,0,4,0,0
2021-01-06,Marshall Islands,WPRO,0,4,0,0
2021-01-07,Marshall Islands,WPRO,0,4,0,0
2021-01-08,Marshall Islands,WPRO,0,4,0,0
2021-01-09,Marshall Islands,WPRO,0,4,0,0
2021-01-10,Marshall Islands,WPRO,0,4,0,0
2021-01-11,Marshall Islands,WPRO,0,4,0,0
2021-01-12,Marshall Islands,WPRO,0,4,0,0
2021-01-13,Marshall Islands,WPRO,0,4,0,0
2021-01-14,Marshall Islands,WPRO,0,4,0,0
2021-01-15,Marshall Islands,WPRO,0,4,0,0
2021-01-16,Marshall Islands,WPRO,0,4,0,0
2021-01-17,Marshall Islands,WPRO,0,4,0,0
2021-01-18,Marshall Islands,WPRO,0,4,0,0
2021-01-19,Marshall Islands,WPRO,0,4,0,0
2021-01-20,Marshall Islands,WPRO,0,4,0,0
2021-01-21,Marshall Islands,WPRO,0,4,0,0
2021-01-22,Marshall Islands,WPRO,0,4,0,0
2021-01-23,Marshall Islands,WPRO,0,4,0,0
2021-01-24,Marshall Islands,WPRO,0,4,0,0
2021-01-25,Marshall Islands,WPRO,0,4,0,0
2021-01-26,Marshall Islands,WPRO,0,4,0,0
2021-01-27,Marshall Islands,WPRO,0,4,0,0
2021-01-28,Marshall Islands,WPRO,0,4,0,0
2021-01-29,Marshall Islands,WPRO,0,4,0,0
2021-01-30,Marshall Islands,WPRO,0,4,0,0
2021-01-31,Marshall Islands,WPRO,0,4,0,0
2021-02-01,Marshall Islands,WPRO,0,4,0,0
2021-02-02,Marshall Islands,WPRO,0,4,0,0
2021-02-03,Marshall Islands,WPRO,0,4,0,0
2021-02-04,Marshall Islands,WPRO,0,4,0,0
2021-02-05,Marshall Islands,WPRO,0,4,0,0
2021-02-06,Marshall Islands,WPRO,0,4,0,0
2021-02-07,Marshall Islands,WPRO,0,4,0,0
2021-02-08,Marshall Islands,WPRO,0,4,0,0
2021-02-09,Marshall Islands,WPRO,0,4,0,0
2021-02-10,Marshall Islands,WPRO,0,4,0,0
2021-02-11,Marshall Islands,WPRO,0,4,0,0
2021-02-12,Marshall Islands,WPRO,0,4,0,0
2021-02-13,Marshall Islands,WPRO,0,4,0,0
2021-02-14,Marshall Islands,WPRO,0,4,0,0
2021-02-15,Marshall Islands,WPRO,0,4,0,0
2021-02-16,Marshall Islands,WPRO,0,4,0,0
2021-02-17,Marshall Islands,WPRO,0,4,0,0
2021-02-18,Marshall Islands,WPRO,0,4,0,0
2021-02-19,Marshall Islands,WPRO,0,4,0,0
2021-02-20,Marshall Islands,WPRO,0,4,0,0
2021-02-21,Marshall Islands,WPRO,0,4,0,0
2021-02-22,Marshall Islands,WPRO,0,4,0,0
2021-02-23,Marshall Islands,WPRO,0,4,0,0
2021-02-24,Marshall Islands,WPRO,0,4,0,0
2021-02-25,Marshall Islands,WPRO,0,4,0,0
2021-02-26,Marshall Islands,WPRO,0,4,0,0
2021-02-27,Marshall Islands,WPRO,0,4,0,0
2021-02-28,Marshall Islands,WPRO,0,4,0,0
2021-03-01,Marshall Islands,WPRO,0,4,0,0
2021-03-02,Marshall Islands,WPRO,0,4,0,0
2021-03-03,Marshall Islands,WPRO,0,4,0,0
2021-03-04,Marshall Islands,WPRO,0,4,0,0
2021-03-05,Marshall Islands,WPRO,0,4,0,0
2021-03-06,Marshall Islands,WPRO,0,4,0,0
2021-03-07,Marshall Islands,WPRO,0,4,0,0
2021-03-08,Marshall Islands,WPRO,0,4,0,0
2021-03-09,Marshall Islands,WPRO,0,4,0,0
2021-03-10,Marshall Islands,WPRO,0,4,0,0
2021-03-11,Marshall Islands,WPRO,0,4,0,0
2021-03-12,Marshall Islands,WPRO,0,4,0,0
2021-03-13,Marshall Islands,WPRO,0,4,0,0
2021-03-14,Marshall Islands,WPRO,0,4,0,0
2021-03-15,Marshall Islands,WPRO,0,4,0,0
2021-03-16,Marshall Islands,WPRO,0,4,0,0
2021-03-17,Marshall Islands,WPRO,0,4,0,0
2021-03-18,Marshall Islands,WPRO,0,4,0,0
2021-03-19,Marshall Islands,WPRO,0,4,0,0
2021-03-20,Marshall Islands,WPRO,0,4,0,0
2021-03-21,Marshall Islands,WPRO,0,4,0,0
2021-03-22,Marshall Islands,WPRO,0,4,0,0
2021-03-23,Marshall Islands,WPRO,0,4,0,0
2021-03-24,Marshall Islands,WPRO,0,4,0,0
2021-03-25,Marshall Islands,WPRO,0,4,0,0
2021-03-26,Marshall Islands,WPRO,0,4,0,0
2021-03-27,Marshall Islands,WPRO,0,4,0,0
2021-03-28,Marshall Islands,WPRO,0,4,0,0
2021-03-29,Marshall Islands,WPRO,0,4,0,0
2021-03-30,Marshall Islands,WPRO,0,4,0,0
2021-03-31,Marshall Islands,WPRO,0,4,0,0
2021-04-01,Marshall Islands,WPRO,0,4,0,0
2021-04-02,Marshall Islands,WPRO,0,4,0,0
2021-04-03,Marshall Islands,WPRO,0,4,0,0
2021-04-04,Marshall Islands,WPRO,0,4,0,0
2021-04-05,Marshall Islands,WPRO,0,4,0,0
2021-04-06,Marshall Islands,WPRO,0,4,0,0
2021-04-07,Marshall Islands,WPRO,0,4,0,0
2021-04-08,Marshall Islands,WPRO,0,4,0,0
2021-04-09,Marshall Islands,WPRO,0,4,0,0
2021-04-10,Marshall Islands,WPRO,0,4,0,0
2021-04-11,Marshall Islands,WPRO,0,4,0,0
2021-04-12,Marshall Islands,WPRO,0,4,0,0
2021-04-13,Marshall Islands,WPRO,0,4,0,0
2021-04-14,Marshall Islands,WPRO,0,4,0,0
2021-04-15,Marshall Islands,WPRO,0,4,0,0
2021-04-16,Marshall Islands,WPRO,0,4,0,0
2021-04-17,Marshall Islands,WPRO,0,4,0,0
2021-04-18,Marshall Islands,WPRO,0,4,0,0
2021-04-19,Marshall Islands,WPRO,0,4,0,0
2021-04-20,Marshall Islands,WPRO,0,4,0,0
2021-04-21,Marshall Islands,WPRO,0,4,0,0
2021-04-22,Marshall Islands,WPRO,0,4,0,0
2021-04-23,Marshall Islands,WPRO,0,4,0,0
2021-04-24,Marshall Islands,WPRO,0,4,0,0
2021-04-25,Marshall Islands,WPRO,0,4,0,0
2021-04-26,Marshall Islands,WPRO,0,4,0,0
2021-04-27,Marshall Islands,WPRO,0,4,0,0
2021-04-28,Marshall Islands,WPRO,0,4,0,0
2021-04-29,Marshall Islands,WPRO,0,4,0,0
2021-04-30,Marshall Islands,WPRO,0,4,0,0
2021-05-01,Marshall Islands,WPRO,0,4,0,0
2021-05-02,Marshall Islands,WPRO,0,4,0,0
2021-05-03,Marshall Islands,WPRO,0,4,0,0
2021-05-04,Marshall Islands,WPRO,0,4,0,0
2021-05-05,Marshall Islands,WPRO,0,4,0,0
2021-05-06,Marshall Islands,WPRO,0,4,0,0
2021-05-07,Marshall Islands,WPRO,0,4,0,0
2021-05-08,Marshall Islands,WPRO,0,4,0,0
2021-05-09,Marshall Islands,WPRO,0,4,0,0
2021-05-10,Marshall Islands,WPRO,0,4,0,0
2021-05-11,Marshall Islands,WPRO,0,4,0,0
2021-05-12,Marshall Islands,WPRO,0,4,0,0
2021-05-13,Marshall Islands,WPRO,0,4,0,0
2021-05-14,Marshall Islands,WPRO,0,4,0,0
2021-05-15,Marshall Islands,WPRO,0,4,0,0
2021-05-16,Marshall Islands,WPRO,0,4,0,0
2021-05-17,Marshall Islands,WPRO,0,4,0,0
2021-05-18,Marshall Islands,WPRO,0,4,0,0
2021-05-19,Marshall Islands,WPRO,0,4,0,0
2021-05-20,Marshall Islands,WPRO,0,4,0,0
2021-05-21,Marshall Islands,WPRO,0,4,0,0
2021-05-22,Marshall Islands,WPRO,0,4,0,0
2021-05-23,Marshall Islands,WPRO,0,4,0,0
2021-05-24,Marshall Islands,WPRO,0,4,0,0
2021-05-25,Marshall Islands,WPRO,0,4,0,0
2021-05-26,Marshall Islands,WPRO,0,4,0,0
2021-05-27,Marshall Islands,WPRO,0,4,0,0
2021-05-28,Marshall Islands,WPRO,0,4,0,0
2021-05-29,Marshall Islands,WPRO,0,4,0,0
2021-05-30,Marshall Islands,WPRO,0,4,0,0
2021-01-01,Martinique,AMRO,19,6091,1,43
2021-01-02,Martinique,AMRO,0,6091,0,43
2021-01-03,Martinique,AMRO,0,6091,0,43
2021-01-04,Martinique,AMRO,0,6091,0,43
2021-01-05,Martinique,AMRO,26,6117,0,43
2021-01-06,Martinique,AMRO,0,6117,0,43
2021-01-07,Martinique,AMRO,0,6117,0,43
2021-01-08,Martinique,AMRO,0,6117,0,43
2021-01-09,Martinique,AMRO,0,6117,0,43
2021-01-10,Martinique,AMRO,0,6117,0,43
2021-01-11,Martinique,AMRO,0,6117,0,43
2021-01-12,Martinique,AMRO,110,6227,0,43
2021-01-13,Martinique,AMRO,0,6227,0,43
2021-01-14,Martinique,AMRO,0,6227,0,43
2021-01-15,Martinique,AMRO,0,6227,0,43
2021-01-16,Martinique,AMRO,0,6227,0,43
2021-01-17,Martinique,AMRO,0,6227,0,43
2021-01-18,Martinique,AMRO,0,6227,0,43
2021-01-19,Martinique,AMRO,75,6302,1,44
2021-01-20,Martinique,AMRO,0,6302,0,44
2021-01-21,Martinique,AMRO,0,6302,0,44
2021-01-22,Martinique,AMRO,0,6302,0,44
2021-01-23,Martinique,AMRO,68,6370,0,44
2021-01-24,Martinique,AMRO,0,6370,0,44
2021-01-25,Martinique,AMRO,0,6370,0,44
2021-01-26,Martinique,AMRO,0,6370,0,44
2021-01-27,Martinique,AMRO,0,6370,0,44
2021-01-28,Martinique,AMRO,0,6370,0,44
2021-01-29,Martinique,AMRO,0,6370,0,44
2021-01-30,Martinique,AMRO,0,6370,0,44
2021-01-31,Martinique,AMRO,0,6370,0,44
2021-02-01,Martinique,AMRO,0,6370,0,44
2021-02-02,Martinique,AMRO,72,6442,1,45
2021-02-03,Martinique,AMRO,0,6442,0,45
2021-02-04,Martinique,AMRO,0,6442,0,45
2021-02-05,Martinique,AMRO,0,6442,0,45
2021-02-06,Martinique,AMRO,0,6442,0,45
2021-02-07,Martinique,AMRO,0,6442,0,45
2021-02-08,Martinique,AMRO,0,6442,0,45
2021-02-09,Martinique,AMRO,79,6521,0,45
2021-02-10,Martinique,AMRO,0,6521,0,45
2021-02-11,Martinique,AMRO,0,6521,0,45
2021-02-12,Martinique,AMRO,0,6521,0,45
2021-02-13,Martinique,AMRO,0,6521,0,45
2021-02-14,Martinique,AMRO,72,6593,0,45
2021-02-15,Martinique,AMRO,0,6593,0,45
2021-02-16,Martinique,AMRO,0,6593,0,45
2021-02-17,Martinique,AMRO,0,6593,0,45
2021-02-18,Martinique,AMRO,0,6593,0,45
2021-02-19,Martinique,AMRO,0,6593,0,45
2021-02-20,Martinique,AMRO,0,6593,0,45
2021-02-21,Martinique,AMRO,0,6593,0,45
2021-02-22,Martinique,AMRO,0,6593,0,45
2021-02-23,Martinique,AMRO,53,6646,0,45
2021-02-24,Martinique,AMRO,0,6646,0,45
2021-02-25,Martinique,AMRO,0,6646,0,45
2021-02-26,Martinique,AMRO,0,6646,0,45
2021-02-27,Martinique,AMRO,100,6746,0,45
2021-02-28,Martinique,AMRO,0,6746,0,45
2021-03-01,Martinique,AMRO,0,6746,0,45
2021-03-02,Martinique,AMRO,0,6746,0,45
2021-03-03,Martinique,AMRO,0,6746,0,45
2021-03-04,Martinique,AMRO,0,6746,0,45
2021-03-05,Martinique,AMRO,0,6746,0,45
2021-03-06,Martinique,AMRO,140,6886,2,47
2021-03-07,Martinique,AMRO,0,6886,0,47
2021-03-08,Martinique,AMRO,0,6886,0,47
2021-03-09,Martinique,AMRO,0,6886,0,47
2021-03-10,Martinique,AMRO,0,6886,0,47
2021-03-11,Martinique,AMRO,0,6886,0,47
2021-03-12,Martinique,AMRO,0,6886,0,47
2021-03-13,Martinique,AMRO,0,6886,0,47
2021-03-14,Martinique,AMRO,151,7037,0,47
2021-03-15,Martinique,AMRO,0,7037,0,47
2021-03-16,Martinique,AMRO,0,7037,0,47
2021-03-17,Martinique,AMRO,0,7037,0,47
2021-03-18,Martinique,AMRO,0,7037,0,47
2021-03-19,Martinique,AMRO,0,7037,0,47
2021-03-20,Martinique,AMRO,0,7037,0,47
2021-03-21,Martinique,AMRO,227,7264,0,47
2021-03-22,Martinique,AMRO,0,7264,0,47
2021-03-23,Martinique,AMRO,0,7264,0,47
2021-03-24,Martinique,AMRO,0,7264,0,47
2021-03-25,Martinique,AMRO,0,7264,0,47
2021-03-26,Martinique,AMRO,0,7264,0,47
2021-03-27,Martinique,AMRO,0,7264,0,47
2021-03-28,Martinique,AMRO,285,7549,3,50
2021-03-29,Martinique,AMRO,0,7549,0,50
2021-03-30,Martinique,AMRO,0,7549,0,50
2021-03-31,Martinique,AMRO,0,7549,0,50
2021-04-01,Martinique,AMRO,0,7549,0,50
2021-04-02,Martinique,AMRO,0,7549,0,50
2021-04-03,Martinique,AMRO,614,8163,4,54
2021-04-04,Martinique,AMRO,0,8163,0,54
2021-04-05,Martinique,AMRO,0,8163,0,54
2021-04-06,Martinique,AMRO,0,8163,0,54
2021-04-07,Martinique,AMRO,0,8163,0,54
2021-04-08,Martinique,AMRO,0,8163,0,54
2021-04-09,Martinique,AMRO,0,8163,0,54
2021-04-10,Martinique,AMRO,724,8887,5,59
2021-04-11,Martinique,AMRO,0,8887,0,59
2021-04-12,Martinique,AMRO,0,8887,0,59
2021-04-13,Martinique,AMRO,0,8887,0,59
2021-04-14,Martinique,AMRO,0,8887,0,59
2021-04-15,Martinique,AMRO,0,8887,0,59
2021-04-16,Martinique,AMRO,0,8887,0,59
2021-04-17,Martinique,AMRO,0,8887,0,59
2021-04-18,Martinique,AMRO,871,9758,7,66
2021-04-19,Martinique,AMRO,0,9758,0,66
2021-04-20,Martinique,AMRO,0,9758,0,66
2021-04-21,Martinique,AMRO,0,9758,0,66
2021-04-22,Martinique,AMRO,0,9758,0,66
2021-04-23,Martinique,AMRO,0,9758,0,66
2021-04-24,Martinique,AMRO,0,9758,0,66
2021-04-25,Martinique,AMRO,733,10491,4,70
2021-04-26,Martinique,AMRO,0,10491,0,70
2021-04-27,Martinique,AMRO,0,10491,0,70
2021-04-28,Martinique,AMRO,0,10491,0,70
2021-04-29,Martinique,AMRO,0,10491,0,70
2021-04-30,Martinique,AMRO,0,10491,0,70
2021-05-01,Martinique,AMRO,0,10491,0,70
2021-05-02,Martinique,AMRO,648,11139,9,79
2021-05-03,Martinique,AMRO,0,11139,0,79
2021-05-04,Martinique,AMRO,0,11139,0,79
2021-05-05,Martinique,AMRO,0,11139,0,79
2021-05-06,Martinique,AMRO,0,11139,0,79
2021-05-07,Martinique,AMRO,0,11139,0,79
2021-05-08,Martinique,AMRO,351,11490,8,87
2021-05-09,Martinique,AMRO,0,11490,0,87
2021-05-10,Martinique,AMRO,0,11490,0,87
2021-05-11,Martinique,AMRO,0,11490,0,87
2021-05-12,Martinique,AMRO,0,11490,0,87
2021-05-13,Martinique,AMRO,0,11490,0,87
2021-05-14,Martinique,AMRO,0,11490,0,87
2021-05-15,Martinique,AMRO,0,11490,0,87
2021-05-16,Martinique,AMRO,179,11669,3,90
2021-05-17,Martinique,AMRO,0,11669,0,90
2021-05-18,Martinique,AMRO,0,11669,0,90
2021-05-19,Martinique,AMRO,0,11669,0,90
2021-05-20,Martinique,AMRO,0,11669,0,90
2021-05-21,Martinique,AMRO,0,11669,0,90
2021-05-22,Martinique,AMRO,0,11669,0,90
2021-05-23,Martinique,AMRO,120,11789,3,93
2021-05-24,Martinique,AMRO,0,11789,0,93
2021-05-25,Martinique,AMRO,0,11789,0,93
2021-05-26,Martinique,AMRO,0,11789,0,93
2021-05-27,Martinique,AMRO,0,11789,0,93
2021-05-28,Martinique,AMRO,0,11789,0,93
2021-05-29,Martinique,AMRO,0,11789,0,93
2021-05-30,Martinique,AMRO,190,11979,2,95
2021-01-01,Mauritania,AFRO,0,13642,0,324
2021-01-02,Mauritania,AFRO,0,13642,0,324
2021-01-03,Mauritania,AFRO,722,14364,23,347
2021-01-04,Mauritania,AFRO,0,14364,0,347
2021-01-05,Mauritania,AFRO,0,14364,0,347
2021-01-06,Mauritania,AFRO,617,14981,20,367
2021-01-07,Mauritania,AFRO,130,15111,6,373
2021-01-08,Mauritania,AFRO,103,15214,5,378
2021-01-09,Mauritania,AFRO,0,15214,0,378
2021-01-10,Mauritania,AFRO,0,15214,0,378
2021-01-11,Mauritania,AFRO,298,15512,6,384
2021-01-12,Mauritania,AFRO,0,15512,0,384
2021-01-13,Mauritania,AFRO,99,15611,3,387
2021-01-14,Mauritania,AFRO,0,15611,0,387
2021-01-15,Mauritania,AFRO,282,15893,9,396
2021-01-16,Mauritania,AFRO,0,15893,0,396
2021-01-17,Mauritania,AFRO,0,15893,0,396
2021-01-18,Mauritania,AFRO,146,16039,6,402
2021-01-19,Mauritania,AFRO,0,16039,0,402
2021-01-20,Mauritania,AFRO,0,16039,0,402
2021-01-21,Mauritania,AFRO,0,16039,0,402
2021-01-22,Mauritania,AFRO,0,16039,0,402
2021-01-23,Mauritania,AFRO,183,16222,8,410
2021-01-24,Mauritania,AFRO,0,16222,0,410
2021-01-25,Mauritania,AFRO,0,16222,0,410
2021-01-26,Mauritania,AFRO,0,16222,0,410
2021-01-27,Mauritania,AFRO,0,16222,0,410
2021-01-28,Mauritania,AFRO,0,16222,0,410
2021-01-29,Mauritania,AFRO,238,16460,8,418
2021-01-30,Mauritania,AFRO,0,16460,0,418
2021-01-31,Mauritania,AFRO,0,16460,0,418
2021-02-01,Mauritania,AFRO,0,16460,0,418
2021-02-02,Mauritania,AFRO,0,16460,0,418
2021-02-03,Mauritania,AFRO,0,16460,0,418
2021-02-04,Mauritania,AFRO,202,16662,4,422
2021-02-05,Mauritania,AFRO,0,16662,0,422
2021-02-06,Mauritania,AFRO,0,16662,0,422
2021-02-07,Mauritania,AFRO,115,16777,3,425
2021-02-08,Mauritania,AFRO,0,16777,0,425
2021-02-09,Mauritania,AFRO,0,16777,0,425
2021-02-10,Mauritania,AFRO,0,16777,0,425
2021-02-11,Mauritania,AFRO,0,16777,0,425
2021-02-12,Mauritania,AFRO,0,16777,0,425
2021-02-13,Mauritania,AFRO,0,16777,0,425
2021-02-14,Mauritania,AFRO,0,16777,0,425
2021-02-15,Mauritania,AFRO,197,16974,5,430
2021-02-16,Mauritania,AFRO,22,16996,0,430
2021-02-17,Mauritania,AFRO,20,17016,1,431
2021-02-18,Mauritania,AFRO,25,17041,1,432
2021-02-19,Mauritania,AFRO,17,17058,1,433
2021-02-20,Mauritania,AFRO,13,17071,0,433
2021-02-21,Mauritania,AFRO,12,17083,1,434
2021-02-22,Mauritania,AFRO,12,17095,0,434
2021-02-23,Mauritania,AFRO,15,17110,1,435
2021-02-24,Mauritania,AFRO,20,17130,2,437
2021-02-25,Mauritania,AFRO,28,17158,2,439
2021-02-26,Mauritania,AFRO,21,17179,0,439
2021-02-27,Mauritania,AFRO,0,17179,0,439
2021-02-28,Mauritania,AFRO,0,17179,0,439
2021-03-01,Mauritania,AFRO,8,17187,0,439
2021-03-02,Mauritania,AFRO,20,17207,2,441
2021-03-03,Mauritania,AFRO,28,17235,0,441
2021-03-04,Mauritania,AFRO,17,17252,1,442
2021-03-05,Mauritania,AFRO,0,17252,0,442
2021-03-06,Mauritania,AFRO,15,17267,0,442
2021-03-07,Mauritania,AFRO,42,17309,0,442
2021-03-08,Mauritania,AFRO,0,17309,0,442
2021-03-09,Mauritania,AFRO,31,17340,0,442
2021-03-10,Mauritania,AFRO,25,17365,0,442
2021-03-11,Mauritania,AFRO,20,17385,0,442
2021-03-12,Mauritania,AFRO,9,17394,0,442
2021-03-13,Mauritania,AFRO,16,17410,0,442
2021-03-14,Mauritania,AFRO,0,17410,0,442
2021-03-15,Mauritania,AFRO,28,17438,2,444
2021-03-16,Mauritania,AFRO,19,17457,0,444
2021-03-17,Mauritania,AFRO,30,17487,0,444
2021-03-18,Mauritania,AFRO,34,17521,1,445
2021-03-19,Mauritania,AFRO,21,17542,0,445
2021-03-20,Mauritania,AFRO,28,17570,1,446
2021-03-21,Mauritania,AFRO,17,17587,0,446
2021-03-22,Mauritania,AFRO,14,17601,0,446
2021-03-23,Mauritania,AFRO,29,17630,1,447
2021-03-24,Mauritania,AFRO,28,17658,0,447
2021-03-25,Mauritania,AFRO,32,17690,0,447
2021-03-26,Mauritania,AFRO,22,17712,0,447
2021-03-27,Mauritania,AFRO,33,17745,1,448
2021-03-28,Mauritania,AFRO,0,17745,0,448
2021-03-29,Mauritania,AFRO,26,17771,0,448
2021-03-30,Mauritania,AFRO,25,17796,1,449
2021-03-31,Mauritania,AFRO,28,17824,0,449
2021-04-01,Mauritania,AFRO,23,17847,0,449
2021-04-02,Mauritania,AFRO,31,17878,0,449
2021-04-03,Mauritania,AFRO,26,17904,0,449
2021-04-04,Mauritania,AFRO,13,17917,0,449
2021-04-05,Mauritania,AFRO,10,17927,0,449
2021-04-06,Mauritania,AFRO,12,17939,0,449
2021-04-07,Mauritania,AFRO,16,17955,1,450
2021-04-08,Mauritania,AFRO,0,17955,0,450
2021-04-09,Mauritania,AFRO,40,17995,0,450
2021-04-10,Mauritania,AFRO,10,18005,0,450
2021-04-11,Mauritania,AFRO,0,18005,0,450
2021-04-12,Mauritania,AFRO,17,18022,0,450
2021-04-13,Mauritania,AFRO,13,18035,0,450
2021-04-14,Mauritania,AFRO,17,18052,1,451
2021-04-15,Mauritania,AFRO,14,18066,1,452
2021-04-16,Mauritania,AFRO,6,18072,0,452
2021-04-17,Mauritania,AFRO,0,18072,0,452
2021-04-18,Mauritania,AFRO,49,18121,0,452
2021-04-19,Mauritania,AFRO,8,18129,1,453
2021-04-20,Mauritania,AFRO,13,18142,1,454
2021-04-21,Mauritania,AFRO,14,18156,0,454
2021-04-22,Mauritania,AFRO,19,18175,0,454
2021-04-23,Mauritania,AFRO,17,18192,0,454
2021-04-24,Mauritania,AFRO,0,18192,0,454
2021-04-25,Mauritania,AFRO,0,18192,0,454
2021-04-26,Mauritania,AFRO,65,18257,0,454
2021-04-27,Mauritania,AFRO,25,18282,1,455
2021-04-28,Mauritania,AFRO,32,18314,0,455
2021-04-29,Mauritania,AFRO,32,18346,0,455
2021-04-30,Mauritania,AFRO,31,18377,0,455
2021-05-01,Mauritania,AFRO,25,18402,0,455
2021-05-02,Mauritania,AFRO,0,18402,0,455
2021-05-03,Mauritania,AFRO,46,18448,0,455
2021-05-04,Mauritania,AFRO,28,18476,0,455
2021-05-05,Mauritania,AFRO,27,18503,0,455
2021-05-06,Mauritania,AFRO,39,18542,1,456
2021-05-07,Mauritania,AFRO,34,18576,0,456
2021-05-08,Mauritania,AFRO,37,18613,0,456
2021-05-09,Mauritania,AFRO,23,18636,0,456
2021-05-10,Mauritania,AFRO,31,18667,0,456
2021-05-11,Mauritania,AFRO,24,18691,0,456
2021-05-12,Mauritania,AFRO,33,18724,1,457
2021-05-13,Mauritania,AFRO,21,18745,0,457
2021-05-14,Mauritania,AFRO,22,18767,0,457
2021-05-15,Mauritania,AFRO,14,18781,0,457
2021-05-16,Mauritania,AFRO,25,18806,0,457
2021-05-17,Mauritania,AFRO,22,18828,0,457
2021-05-18,Mauritania,AFRO,30,18858,0,457
2021-05-19,Mauritania,AFRO,47,18905,0,457
2021-05-20,Mauritania,AFRO,52,18957,0,457
2021-05-21,Mauritania,AFRO,54,19011,0,457
2021-05-22,Mauritania,AFRO,38,19049,1,458
2021-05-23,Mauritania,AFRO,65,19114,0,458
2021-05-24,Mauritania,AFRO,35,19149,0,458
2021-05-25,Mauritania,AFRO,46,19195,2,460
2021-05-26,Mauritania,AFRO,56,19251,0,460
2021-05-27,Mauritania,AFRO,36,19287,1,461
2021-05-28,Mauritania,AFRO,57,19344,1,462
2021-05-29,Mauritania,AFRO,63,19407,0,462
2021-05-30,Mauritania,AFRO,56,19463,1,463
2021-01-01,Mauritius,AFRO,0,527,0,10
2021-01-02,Mauritius,AFRO,0,527,0,10
2021-01-03,Mauritius,AFRO,0,527,0,10
2021-01-04,Mauritius,AFRO,0,527,0,10
2021-01-05,Mauritius,AFRO,4,531,0,10
2021-01-06,Mauritius,AFRO,0,531,0,10
2021-01-07,Mauritius,AFRO,0,531,0,10
2021-01-08,Mauritius,AFRO,8,539,0,10
2021-01-09,Mauritius,AFRO,0,539,0,10
2021-01-10,Mauritius,AFRO,0,539,0,10
2021-01-11,Mauritius,AFRO,0,539,0,10
2021-01-12,Mauritius,AFRO,6,545,0,10
2021-01-13,Mauritius,AFRO,1,546,0,10
2021-01-14,Mauritius,AFRO,0,546,0,10
2021-01-15,Mauritius,AFRO,0,546,0,10
2021-01-16,Mauritius,AFRO,1,547,0,10
2021-01-17,Mauritius,AFRO,0,547,0,10
2021-01-18,Mauritius,AFRO,0,547,0,10
2021-01-19,Mauritius,AFRO,0,547,0,10
2021-01-20,Mauritius,AFRO,9,556,0,10
2021-01-21,Mauritius,AFRO,0,556,0,10
2021-01-22,Mauritius,AFRO,0,556,0,10
2021-01-23,Mauritius,AFRO,0,556,0,10
2021-01-24,Mauritius,AFRO,0,556,0,10
2021-01-25,Mauritius,AFRO,0,556,0,10
2021-01-26,Mauritius,AFRO,12,568,0,10
2021-01-27,Mauritius,AFRO,0,568,0,10
2021-01-28,Mauritius,AFRO,0,568,0,10
2021-01-29,Mauritius,AFRO,0,568,0,10
2021-01-30,Mauritius,AFRO,0,568,0,10
2021-01-31,Mauritius,AFRO,0,568,0,10
2021-02-01,Mauritius,AFRO,0,568,0,10
2021-02-02,Mauritius,AFRO,0,568,0,10
2021-02-03,Mauritius,AFRO,15,583,0,10
2021-02-04,Mauritius,AFRO,1,584,0,10
2021-02-05,Mauritius,AFRO,0,584,0,10
2021-02-06,Mauritius,AFRO,0,584,0,10
2021-02-07,Mauritius,AFRO,0,584,0,10
2021-02-08,Mauritius,AFRO,0,584,0,10
2021-02-09,Mauritius,AFRO,0,584,0,10
2021-02-10,Mauritius,AFRO,0,584,0,10
2021-02-11,Mauritius,AFRO,10,594,0,10
2021-02-12,Mauritius,AFRO,1,595,0,10
2021-02-13,Mauritius,AFRO,0,595,0,10
2021-02-14,Mauritius,AFRO,0,595,0,10
2021-02-15,Mauritius,AFRO,0,595,0,10
2021-02-16,Mauritius,AFRO,6,601,0,10
2021-02-17,Mauritius,AFRO,2,603,0,10
2021-02-18,Mauritius,AFRO,0,603,0,10
2021-02-19,Mauritius,AFRO,0,603,0,10
2021-02-20,Mauritius,AFRO,0,603,0,10
2021-02-21,Mauritius,AFRO,0,603,0,10
2021-02-22,Mauritius,AFRO,0,603,0,10
2021-02-23,Mauritius,AFRO,0,603,0,10
2021-02-24,Mauritius,AFRO,0,603,0,10
2021-02-25,Mauritius,AFRO,0,603,0,10
2021-02-26,Mauritius,AFRO,7,610,0,10
2021-02-27,Mauritius,AFRO,0,610,0,10
2021-02-28,Mauritius,AFRO,0,610,0,10
2021-03-01,Mauritius,AFRO,0,610,0,10
2021-03-02,Mauritius,AFRO,9,619,0,10
2021-03-03,Mauritius,AFRO,0,619,0,10
2021-03-04,Mauritius,AFRO,0,619,0,10
2021-03-05,Mauritius,AFRO,1,620,0,10
2021-03-06,Mauritius,AFRO,0,620,0,10
2021-03-07,Mauritius,AFRO,0,620,0,10
2021-03-08,Mauritius,AFRO,19,639,0,10
2021-03-09,Mauritius,AFRO,2,641,0,10
2021-03-10,Mauritius,AFRO,0,641,0,10
2021-03-11,Mauritius,AFRO,0,641,0,10
2021-03-12,Mauritius,AFRO,0,641,0,10
2021-03-13,Mauritius,AFRO,50,691,0,10
2021-03-14,Mauritius,AFRO,0,691,0,10
2021-03-15,Mauritius,AFRO,0,691,0,10
2021-03-16,Mauritius,AFRO,79,770,0,10
2021-03-17,Mauritius,AFRO,14,784,0,10
2021-03-18,Mauritius,AFRO,5,789,0,10
2021-03-19,Mauritius,AFRO,3,792,0,10
2021-03-20,Mauritius,AFRO,0,792,0,10
2021-03-21,Mauritius,AFRO,20,812,0,10
2021-03-22,Mauritius,AFRO,0,812,0,10
2021-03-23,Mauritius,AFRO,0,812,0,10
2021-03-24,Mauritius,AFRO,0,812,0,10
2021-03-25,Mauritius,AFRO,48,860,0,10
2021-03-26,Mauritius,AFRO,0,860,0,10
2021-03-27,Mauritius,AFRO,10,870,0,10
2021-03-28,Mauritius,AFRO,0,870,0,10
2021-03-29,Mauritius,AFRO,63,933,0,10
2021-03-30,Mauritius,AFRO,30,963,0,10
2021-03-31,Mauritius,AFRO,0,963,0,10
2021-04-01,Mauritius,AFRO,71,1034,2,12
2021-04-02,Mauritius,AFRO,0,1034,0,12
2021-04-03,Mauritius,AFRO,0,1034,0,12
2021-04-04,Mauritius,AFRO,0,1034,0,12
2021-04-05,Mauritius,AFRO,78,1112,0,12
2021-04-06,Mauritius,AFRO,0,1112,0,12
2021-04-07,Mauritius,AFRO,0,1112,0,12
2021-04-08,Mauritius,AFRO,0,1112,0,12
2021-04-09,Mauritius,AFRO,0,1112,0,12
2021-04-10,Mauritius,AFRO,0,1112,0,12
2021-04-11,Mauritius,AFRO,0,1112,0,12
2021-04-12,Mauritius,AFRO,64,1176,0,12
2021-04-13,Mauritius,AFRO,0,1176,0,12
2021-04-14,Mauritius,AFRO,22,1198,3,15
2021-04-15,Mauritius,AFRO,0,1198,0,15
2021-04-16,Mauritius,AFRO,0,1198,0,15
2021-04-17,Mauritius,AFRO,0,1198,0,15
2021-04-18,Mauritius,AFRO,5,1203,0,15
2021-04-19,Mauritius,AFRO,0,1203,0,15
2021-04-20,Mauritius,AFRO,0,1203,0,15
2021-04-21,Mauritius,AFRO,0,1203,0,15
2021-04-22,Mauritius,AFRO,0,1203,0,15
2021-04-23,Mauritius,AFRO,0,1203,0,15
2021-04-24,Mauritius,AFRO,3,1206,1,16
2021-04-25,Mauritius,AFRO,0,1206,0,16
2021-04-26,Mauritius,AFRO,0,1206,0,16
2021-04-27,Mauritius,AFRO,0,1206,0,16
2021-04-28,Mauritius,AFRO,0,1206,0,16
2021-04-29,Mauritius,AFRO,0,1206,0,16
2021-04-30,Mauritius,AFRO,0,1206,0,16
2021-05-01,Mauritius,AFRO,0,1206,0,16
2021-05-02,Mauritius,AFRO,0,1206,0,16
2021-05-03,Mauritius,AFRO,0,1206,0,16
2021-05-04,Mauritius,AFRO,35,1241,1,17
2021-05-05,Mauritius,AFRO,0,1241,0,17
2021-05-06,Mauritius,AFRO,0,1241,0,17
2021-05-07,Mauritius,AFRO,0,1241,0,17
2021-05-08,Mauritius,AFRO,0,1241,0,17
2021-05-09,Mauritius,AFRO,5,1246,0,17
2021-05-10,Mauritius,AFRO,0,1246,0,17
2021-05-11,Mauritius,AFRO,0,1246,0,17
2021-05-12,Mauritius,AFRO,42,1288,0,17
2021-05-13,Mauritius,AFRO,0,1288,0,17
2021-05-14,Mauritius,AFRO,0,1288,0,17
2021-05-15,Mauritius,AFRO,0,1288,0,17
2021-05-16,Mauritius,AFRO,0,1288,0,17
2021-05-17,Mauritius,AFRO,0,1288,0,17
2021-05-18,Mauritius,AFRO,0,1288,0,17
2021-05-19,Mauritius,AFRO,0,1288,0,17
2021-05-20,Mauritius,AFRO,34,1322,0,17
2021-05-21,Mauritius,AFRO,0,1322,0,17
2021-05-22,Mauritius,AFRO,0,1322,0,17
2021-05-23,Mauritius,AFRO,0,1322,0,17
2021-05-24,Mauritius,AFRO,0,1322,0,17
2021-05-25,Mauritius,AFRO,0,1322,0,17
2021-05-26,Mauritius,AFRO,0,1322,0,17
2021-05-27,Mauritius,AFRO,0,1322,0,17
2021-05-28,Mauritius,AFRO,0,1322,0,17
2021-05-29,Mauritius,AFRO,71,1393,0,17
2021-05-30,Mauritius,AFRO,0,1393,0,17
2021-01-01,Mayotte,AFRO,0,5890,0,55
2021-01-02,Mayotte,AFRO,0,5890,0,55
2021-01-03,Mayotte,AFRO,0,5890,0,55
2021-01-04,Mayotte,AFRO,0,5890,0,55
2021-01-05,Mayotte,AFRO,155,6045,1,56
2021-01-06,Mayotte,AFRO,0,6045,0,56
2021-01-07,Mayotte,AFRO,0,6045,0,56
2021-01-08,Mayotte,AFRO,0,6045,0,56
2021-01-09,Mayotte,AFRO,187,6232,0,56
2021-01-10,Mayotte,AFRO,0,6232,0,56
2021-01-11,Mayotte,AFRO,23,6255,0,56
2021-01-12,Mayotte,AFRO,0,6255,0,56
2021-01-13,Mayotte,AFRO,0,6255,0,56
2021-01-14,Mayotte,AFRO,0,6255,0,56
2021-01-15,Mayotte,AFRO,356,6611,2,58
2021-01-16,Mayotte,AFRO,0,6611,0,58
2021-01-17,Mayotte,AFRO,0,6611,0,58
2021-01-18,Mayotte,AFRO,0,6611,0,58
2021-01-19,Mayotte,AFRO,178,6789,0,58
2021-01-20,Mayotte,AFRO,129,6918,0,58
2021-01-21,Mayotte,AFRO,63,6981,0,58
2021-01-22,Mayotte,AFRO,177,7158,0,58
2021-01-23,Mayotte,AFRO,92,7250,0,58
2021-01-24,Mayotte,AFRO,294,7544,1,59
2021-01-25,Mayotte,AFRO,0,7544,0,59
2021-01-26,Mayotte,AFRO,46,7590,0,59
2021-01-27,Mayotte,AFRO,0,7590,0,59
2021-01-28,Mayotte,AFRO,294,7884,1,60
2021-01-29,Mayotte,AFRO,347,8231,1,61
2021-01-30,Mayotte,AFRO,0,8231,0,61
2021-01-31,Mayotte,AFRO,0,8231,0,61
2021-02-01,Mayotte,AFRO,0,8231,0,61
2021-02-02,Mayotte,AFRO,357,8588,0,61
2021-02-03,Mayotte,AFRO,415,9003,0,61
2021-02-04,Mayotte,AFRO,289,9292,1,62
2021-02-05,Mayotte,AFRO,254,9546,1,63
2021-02-06,Mayotte,AFRO,1209,10755,1,64
2021-02-07,Mayotte,AFRO,0,10755,0,64
2021-02-08,Mayotte,AFRO,0,10755,0,64
2021-02-09,Mayotte,AFRO,392,11147,1,65
2021-02-10,Mayotte,AFRO,300,11447,3,68
2021-02-11,Mayotte,AFRO,336,11783,1,69
2021-02-12,Mayotte,AFRO,657,12440,3,72
2021-02-13,Mayotte,AFRO,262,12702,0,72
2021-02-14,Mayotte,AFRO,833,13535,6,78
2021-02-15,Mayotte,AFRO,0,13535,0,78
2021-02-16,Mayotte,AFRO,135,13670,3,81
2021-02-17,Mayotte,AFRO,367,14037,4,85
2021-02-18,Mayotte,AFRO,444,14481,0,85
2021-02-19,Mayotte,AFRO,11,14492,4,89
2021-02-20,Mayotte,AFRO,873,15365,3,92
2021-02-21,Mayotte,AFRO,427,15792,0,92
2021-02-22,Mayotte,AFRO,0,15792,0,92
2021-02-23,Mayotte,AFRO,557,16349,3,95
2021-02-24,Mayotte,AFRO,289,16638,3,98
2021-02-25,Mayotte,AFRO,0,16638,0,98
2021-02-26,Mayotte,AFRO,223,16861,4,102
2021-02-27,Mayotte,AFRO,0,16861,0,102
2021-02-28,Mayotte,AFRO,0,16861,0,102
2021-03-01,Mayotte,AFRO,739,17600,8,110
2021-03-02,Mayotte,AFRO,0,17600,0,110
2021-03-03,Mayotte,AFRO,0,17600,0,110
2021-03-04,Mayotte,AFRO,0,17600,0,110
2021-03-05,Mayotte,AFRO,540,18140,15,125
2021-03-06,Mayotte,AFRO,0,18140,0,125
2021-03-07,Mayotte,AFRO,0,18140,0,125
2021-03-08,Mayotte,AFRO,175,18315,3,128
2021-03-09,Mayotte,AFRO,98,18413,1,129
2021-03-10,Mayotte,AFRO,0,18413,0,129
2021-03-11,Mayotte,AFRO,191,18604,0,129
2021-03-12,Mayotte,AFRO,0,18604,0,129
2021-03-13,Mayotte,AFRO,38,18642,0,129
2021-03-14,Mayotte,AFRO,0,18642,0,129
2021-03-15,Mayotte,AFRO,203,18845,8,137
2021-03-16,Mayotte,AFRO,0,18845,0,137
2021-03-17,Mayotte,AFRO,0,18845,0,137
2021-03-18,Mayotte,AFRO,77,18922,5,142
2021-03-19,Mayotte,AFRO,62,18984,0,142
2021-03-20,Mayotte,AFRO,22,19006,9,151
2021-03-21,Mayotte,AFRO,0,19006,0,151
2021-03-22,Mayotte,AFRO,0,19006,0,151
2021-03-23,Mayotte,AFRO,0,19006,0,151
2021-03-24,Mayotte,AFRO,218,19224,3,154
2021-03-25,Mayotte,AFRO,0,19224,0,154
2021-03-26,Mayotte,AFRO,82,19306,0,154
2021-03-27,Mayotte,AFRO,0,19306,0,154
2021-03-28,Mayotte,AFRO,0,19306,0,154
2021-03-29,Mayotte,AFRO,0,19306,0,154
2021-03-30,Mayotte,AFRO,0,19306,0,154
2021-03-31,Mayotte,AFRO,102,19408,7,161
2021-04-01,Mayotte,AFRO,0,19408,0,161
2021-04-02,Mayotte,AFRO,0,19408,0,161
2021-04-03,Mayotte,AFRO,82,19490,1,162
2021-04-04,Mayotte,AFRO,0,19490,0,162
2021-04-05,Mayotte,AFRO,0,19490,0,162
2021-04-06,Mayotte,AFRO,0,19490,0,162
2021-04-07,Mayotte,AFRO,0,19490,5,167
2021-04-08,Mayotte,AFRO,0,19490,0,167
2021-04-09,Mayotte,AFRO,153,19643,0,167
2021-04-10,Mayotte,AFRO,0,19643,0,167
2021-04-11,Mayotte,AFRO,0,19643,0,167
2021-04-12,Mayotte,AFRO,0,19643,0,167
2021-04-13,Mayotte,AFRO,63,19706,0,167
2021-04-14,Mayotte,AFRO,0,19706,0,167
2021-04-15,Mayotte,AFRO,51,19757,1,168
2021-04-16,Mayotte,AFRO,32,19789,0,168
2021-04-17,Mayotte,AFRO,0,19789,0,168
2021-04-18,Mayotte,AFRO,0,19789,0,168
2021-04-19,Mayotte,AFRO,0,19789,0,168
2021-04-20,Mayotte,AFRO,60,19849,1,169
2021-04-21,Mayotte,AFRO,47,19896,0,169
2021-04-22,Mayotte,AFRO,0,19896,0,169
2021-04-23,Mayotte,AFRO,0,19896,0,169
2021-04-24,Mayotte,AFRO,0,19896,0,169
2021-04-25,Mayotte,AFRO,0,19896,0,169
2021-04-26,Mayotte,AFRO,0,19896,0,169
2021-04-27,Mayotte,AFRO,0,19896,0,169
2021-04-28,Mayotte,AFRO,159,20055,1,170
2021-04-29,Mayotte,AFRO,0,20055,0,170
2021-04-30,Mayotte,AFRO,0,20055,0,170
2021-05-01,Mayotte,AFRO,39,20094,0,170
2021-05-02,Mayotte,AFRO,0,20094,0,170
2021-05-03,Mayotte,AFRO,0,20094,0,170
2021-05-04,Mayotte,AFRO,0,20094,0,170
2021-05-05,Mayotte,AFRO,0,20094,0,170
2021-05-06,Mayotte,AFRO,40,20134,0,170
2021-05-07,Mayotte,AFRO,0,20134,0,170
2021-05-08,Mayotte,AFRO,0,20134,0,170
2021-05-09,Mayotte,AFRO,0,20134,0,170
2021-05-10,Mayotte,AFRO,0,20134,0,170
2021-05-11,Mayotte,AFRO,0,20134,0,170
2021-05-12,Mayotte,AFRO,42,20176,1,171
2021-05-13,Mayotte,AFRO,0,20176,0,171
2021-05-14,Mayotte,AFRO,0,20176,0,171
2021-05-15,Mayotte,AFRO,0,20176,0,171
2021-05-16,Mayotte,AFRO,0,20176,0,171
2021-05-17,Mayotte,AFRO,0,20176,0,171
2021-05-18,Mayotte,AFRO,0,20176,0,171
2021-05-19,Mayotte,AFRO,0,20176,0,171
2021-05-20,Mayotte,AFRO,0,20176,0,171
2021-05-21,Mayotte,AFRO,0,20176,0,171
2021-05-22,Mayotte,AFRO,-875,19301,0,171
2021-05-23,Mayotte,AFRO,0,19301,0,171
2021-05-24,Mayotte,AFRO,0,19301,0,171
2021-05-25,Mayotte,AFRO,0,19301,0,171
2021-05-26,Mayotte,AFRO,0,19301,0,171
2021-05-27,Mayotte,AFRO,0,19301,0,171
2021-05-28,Mayotte,AFRO,0,19301,0,171
2021-05-29,Mayotte,AFRO,24,19325,2,173
2021-05-30,Mayotte,AFRO,0,19325,0,173
2021-01-01,Mexico,AMRO,12406,1413935,1052,124897
2021-01-02,Mexico,AMRO,12159,1426094,910,125807
2021-01-03,Mexico,AMRO,11091,1437185,700,126507
2021-01-04,Mexico,AMRO,6359,1443544,344,126851
2021-01-05,Mexico,AMRO,5211,1448755,362,127213
2021-01-06,Mexico,AMRO,6464,1455219,544,127757
2021-01-07,Mexico,AMRO,11271,1466490,1065,128822
2021-01-08,Mexico,AMRO,13345,1479835,1165,129987
2021-01-09,Mexico,AMRO,13734,1493569,1044,131031
2021-01-10,Mexico,AMRO,14362,1507931,1038,132069
2021-01-11,Mexico,AMRO,16105,1524036,1135,133204
2021-01-12,Mexico,AMRO,10003,1534039,502,133706
2021-01-13,Mexico,AMRO,7594,1541633,662,134368
2021-01-14,Mexico,AMRO,14395,1556028,1314,135682
2021-01-15,Mexico,AMRO,15873,1571901,1235,136917
2021-01-16,Mexico,AMRO,16468,1588369,999,137916
2021-01-17,Mexico,AMRO,21366,1609735,1106,139022
2021-01-18,Mexico,AMRO,20523,1630258,1219,140241
2021-01-19,Mexico,AMRO,11170,1641428,463,140704
2021-01-20,Mexico,AMRO,8074,1649502,544,141248
2021-01-21,Mexico,AMRO,18894,1668396,1584,142832
2021-01-22,Mexico,AMRO,20548,1688944,1539,144371
2021-01-23,Mexico,AMRO,22339,1711283,1803,146174
2021-01-24,Mexico,AMRO,21007,1732290,1440,147614
2021-01-25,Mexico,AMRO,20057,1752347,1470,149084
2021-01-26,Mexico,AMRO,10872,1763219,530,149614
2021-01-27,Mexico,AMRO,8521,1771740,659,150273
2021-01-28,Mexico,AMRO,17165,1788905,1743,152016
2021-01-29,Mexico,AMRO,17944,1806849,1623,153639
2021-01-30,Mexico,AMRO,18670,1825519,1506,155145
2021-01-31,Mexico,AMRO,16374,1841893,1434,156579
2021-02-01,Mexico,AMRO,15337,1857230,1495,158074
2021-02-02,Mexico,AMRO,7030,1864260,462,158536
2021-02-03,Mexico,AMRO,5448,1869708,564,159100
2021-02-04,Mexico,AMRO,4384,1874092,433,159533
2021-02-05,Mexico,AMRO,12153,1886245,1707,161240
2021-02-06,Mexico,AMRO,13575,1899820,1682,162922
2021-02-07,Mexico,AMRO,13051,1912871,1368,164290
2021-02-08,Mexico,AMRO,13209,1926080,1496,165786
2021-02-09,Mexico,AMRO,6065,1932145,414,166200
2021-02-10,Mexico,AMRO,3868,1936013,531,166731
2021-02-11,Mexico,AMRO,10738,1946751,1701,168432
2021-02-12,Mexico,AMRO,11138,1957889,1328,169760
2021-02-13,Mexico,AMRO,10677,1968566,1474,171234
2021-02-14,Mexico,AMRO,10388,1978954,1323,172557
2021-02-15,Mexico,AMRO,9741,1988695,1214,173771
2021-02-16,Mexico,AMRO,4099,1992794,436,174207
2021-02-17,Mexico,AMRO,3098,1995892,450,174657
2021-02-18,Mexico,AMRO,8683,2004575,1329,175986
2021-02-19,Mexico,AMRO,8988,2013563,1075,177061
2021-02-20,Mexico,AMRO,9099,2022662,1047,178108
2021-02-21,Mexico,AMRO,7829,2030491,857,178965
2021-02-22,Mexico,AMRO,7785,2038276,832,179797
2021-02-23,Mexico,AMRO,3104,2041380,310,180107
2021-02-24,Mexico,AMRO,2252,2043632,429,180536
2021-02-25,Mexico,AMRO,8634,2052266,1273,181809
2021-02-26,Mexico,AMRO,8642,2060908,1006,182815
2021-02-27,Mexico,AMRO,8462,2069370,877,183692
2021-02-28,Mexico,AMRO,7512,2076882,782,184474
2021-03-01,Mexico,AMRO,7246,2084128,783,185257
2021-03-02,Mexico,AMRO,2810,2086938,458,185715
2021-03-03,Mexico,AMRO,2343,2089281,437,186152
2021-03-04,Mexico,AMRO,7913,2097194,1035,187187
2021-03-05,Mexico,AMRO,7793,2104987,857,188044
2021-03-06,Mexico,AMRO,7521,2112508,822,188866
2021-03-07,Mexico,AMRO,6797,2119305,712,189578
2021-03-08,Mexico,AMRO,6561,2125866,779,190357
2021-03-09,Mexico,AMRO,2734,2128600,247,190604
2021-03-10,Mexico,AMRO,1877,2130477,319,190923
2021-03-11,Mexico,AMRO,7407,2137884,866,191789
2021-03-12,Mexico,AMRO,6674,2144558,699,192488
2021-03-13,Mexico,AMRO,6470,2151028,654,193142
2021-03-14,Mexico,AMRO,6743,2157771,709,193851
2021-03-15,Mexico,AMRO,6104,2163875,639,194490
2021-03-16,Mexico,AMRO,2415,2166290,220,194710
2021-03-17,Mexico,AMRO,1439,2167729,234,194944
2021-03-18,Mexico,AMRO,1278,2169007,175,195119
2021-03-19,Mexico,AMRO,6455,2175462,789,195908
2021-03-20,Mexico,AMRO,6726,2182188,698,196606
2021-03-21,Mexico,AMRO,5722,2187910,613,197219
2021-03-22,Mexico,AMRO,5729,2193639,608,197827
2021-03-23,Mexico,AMRO,2133,2195772,209,198036
2021-03-24,Mexico,AMRO,1388,2197160,203,198239
2021-03-25,Mexico,AMRO,5881,2203041,809,199048
2021-03-26,Mexico,AMRO,5714,2208755,579,199627
2021-03-27,Mexico,AMRO,5787,2214542,584,200211
2021-03-28,Mexico,AMRO,5303,2219845,651,200862
2021-03-29,Mexico,AMRO,4922,2224767,567,201429
2021-03-30,Mexico,AMRO,1783,2226550,194,201623
2021-03-31,Mexico,AMRO,1292,2227842,203,201826
2021-04-01,Mexico,AMRO,5068,2232910,807,202633
2021-04-02,Mexico,AMRO,5977,2238887,577,203210
2021-04-03,Mexico,AMRO,5381,2244268,454,203664
2021-04-04,Mexico,AMRO,3089,2247357,190,203854
2021-04-05,Mexico,AMRO,1838,2249195,157,204011
2021-04-06,Mexico,AMRO,1263,2250458,136,204147
2021-04-07,Mexico,AMRO,1247,2251705,252,204399
2021-04-08,Mexico,AMRO,4675,2256380,603,205002
2021-04-09,Mexico,AMRO,5499,2261879,596,205598
2021-04-10,Mexico,AMRO,5140,2267019,548,206146
2021-04-11,Mexico,AMRO,5045,2272064,874,207020
2021-04-12,Mexico,AMRO,6356,2278420,2192,209212
2021-04-13,Mexico,AMRO,1793,2280213,126,209338
2021-04-14,Mexico,AMRO,1627,2281840,364,209702
2021-04-15,Mexico,AMRO,4293,2286133,592,210294
2021-04-16,Mexico,AMRO,5113,2291246,518,210812
2021-04-17,Mexico,AMRO,4189,2295435,401,211213
2021-04-18,Mexico,AMRO,4504,2299939,480,211693
2021-04-19,Mexico,AMRO,4967,2304906,535,212228
2021-04-20,Mexico,AMRO,696,2305602,111,212339
2021-04-21,Mexico,AMRO,1308,2306910,127,212466
2021-04-22,Mexico,AMRO,4262,2311172,582,213048
2021-04-23,Mexico,AMRO,4639,2315811,549,213597
2021-04-24,Mexico,AMRO,3708,2319519,498,214095
2021-04-25,Mexico,AMRO,3911,2323430,409,214504
2021-04-26,Mexico,AMRO,3308,2326738,349,214853
2021-04-27,Mexico,AMRO,1653,2328391,94,214947
2021-04-28,Mexico,AMRO,1143,2329534,166,215113
2021-04-29,Mexico,AMRO,3592,2333126,434,215547
2021-04-30,Mexico,AMRO,3818,2336944,371,215918
2021-05-01,Mexico,AMRO,3990,2340934,529,216447
2021-05-02,Mexico,AMRO,3821,2344755,460,216907
2021-05-03,Mexico,AMRO,3025,2347780,261,217168
2021-05-04,Mexico,AMRO,1093,2348873,65,217233
2021-05-05,Mexico,AMRO,1027,2349900,112,217345
2021-05-06,Mexico,AMRO,3064,2352964,395,217740
2021-05-07,Mexico,AMRO,3021,2355985,267,218007
2021-05-08,Mexico,AMRO,2846,2358831,166,218173
2021-05-09,Mexico,AMRO,3043,2361874,484,218657
2021-05-10,Mexico,AMRO,2743,2364617,271,218928
2021-05-11,Mexico,AMRO,1175,2365792,57,218985
2021-05-12,Mexico,AMRO,704,2366496,104,219089
2021-05-13,Mexico,AMRO,1897,2368393,234,219323
2021-05-14,Mexico,AMRO,3090,2371483,267,219590
2021-05-15,Mexico,AMRO,3632,2375115,311,219901
2021-05-16,Mexico,AMRO,2880,2377995,258,220159
2021-05-17,Mexico,AMRO,2695,2380690,225,220384
2021-05-18,Mexico,AMRO,1233,2381923,53,220437
2021-05-19,Mexico,AMRO,822,2382745,56,220493
2021-05-20,Mexico,AMRO,2767,2385512,253,220746
2021-05-21,Mexico,AMRO,2000,2387512,104,220850
2021-05-22,Mexico,AMRO,2628,2390140,230,221080
2021-05-23,Mexico,AMRO,2604,2392744,176,221256
2021-05-24,Mexico,AMRO,2586,2395330,341,221597
2021-05-25,Mexico,AMRO,1274,2396604,50,221647
2021-05-26,Mexico,AMRO,703,2397307,48,221695
2021-05-27,Mexico,AMRO,2483,2399790,265,221960
2021-05-28,Mexico,AMRO,2932,2402722,272,222232
2021-05-29,Mexico,AMRO,3050,2405772,429,222661
2021-05-30,Mexico,AMRO,3006,2408778,411,223072
2021-01-01,Micronesia (Federated States of),WPRO,0,0,0,0
2021-01-02,Micronesia (Federated States of),WPRO,0,0,0,0
2021-01-03,Micronesia (Federated States of),WPRO,0,0,0,0
2021-01-04,Micronesia (Federated States of),WPRO,0,0,0,0
2021-01-05,Micronesia (Federated States of),WPRO,0,0,0,0
2021-01-06,Micronesia (Federated States of),WPRO,0,0,0,0
2021-01-07,Micronesia (Federated States of),WPRO,0,0,0,0
2021-01-08,Micronesia (Federated States of),WPRO,0,0,0,0
2021-01-09,Micronesia (Federated States of),WPRO,0,0,0,0
2021-01-10,Micronesia (Federated States of),WPRO,0,0,0,0
2021-01-11,Micronesia (Federated States of),WPRO,0,0,0,0
2021-01-12,Micronesia (Federated States of),WPRO,0,0,0,0
2021-01-13,Micronesia (Federated States of),WPRO,0,0,0,0
2021-01-14,Micronesia (Federated States of),WPRO,0,0,0,0
2021-01-15,Micronesia (Federated States of),WPRO,0,0,0,0
2021-01-16,Micronesia (Federated States of),WPRO,0,0,0,0
2021-01-17,Micronesia (Federated States of),WPRO,0,0,0,0
2021-01-18,Micronesia (Federated States of),WPRO,0,0,0,0
2021-01-19,Micronesia (Federated States of),WPRO,0,0,0,0
2021-01-20,Micronesia (Federated States of),WPRO,0,0,0,0
2021-01-21,Micronesia (Federated States of),WPRO,0,0,0,0
2021-01-22,Micronesia (Federated States of),WPRO,0,0,0,0
2021-01-23,Micronesia (Federated States of),WPRO,0,0,0,0
2021-01-24,Micronesia (Federated States of),WPRO,0,0,0,0
2021-01-25,Micronesia (Federated States of),WPRO,0,0,0,0
2021-01-26,Micronesia (Federated States of),WPRO,0,0,0,0
2021-01-27,Micronesia (Federated States of),WPRO,0,0,0,0
2021-01-28,Micronesia (Federated States of),WPRO,0,0,0,0
2021-01-29,Micronesia (Federated States of),WPRO,0,0,0,0
2021-01-30,Micronesia (Federated States of),WPRO,0,0,0,0
2021-01-31,Micronesia (Federated States of),WPRO,0,0,0,0
2021-02-01,Micronesia (Federated States of),WPRO,0,0,0,0
2021-02-02,Micronesia (Federated States of),WPRO,0,0,0,0
2021-02-03,Micronesia (Federated States of),WPRO,0,0,0,0
2021-02-04,Micronesia (Federated States of),WPRO,0,0,0,0
2021-02-05,Micronesia (Federated States of),WPRO,0,0,0,0
2021-02-06,Micronesia (Federated States of),WPRO,0,0,0,0
2021-02-07,Micronesia (Federated States of),WPRO,0,0,0,0
2021-02-08,Micronesia (Federated States of),WPRO,0,0,0,0
2021-02-09,Micronesia (Federated States of),WPRO,0,0,0,0
2021-02-10,Micronesia (Federated States of),WPRO,0,0,0,0
2021-02-11,Micronesia (Federated States of),WPRO,0,0,0,0
2021-02-12,Micronesia (Federated States of),WPRO,0,0,0,0
2021-02-13,Micronesia (Federated States of),WPRO,0,0,0,0
2021-02-14,Micronesia (Federated States of),WPRO,0,0,0,0
2021-02-15,Micronesia (Federated States of),WPRO,0,0,0,0
2021-02-16,Micronesia (Federated States of),WPRO,0,0,0,0
2021-02-17,Micronesia (Federated States of),WPRO,0,0,0,0
2021-02-18,Micronesia (Federated States of),WPRO,0,0,0,0
2021-02-19,Micronesia (Federated States of),WPRO,0,0,0,0
2021-02-20,Micronesia (Federated States of),WPRO,0,0,0,0
2021-02-21,Micronesia (Federated States of),WPRO,0,0,0,0
2021-02-22,Micronesia (Federated States of),WPRO,0,0,0,0
2021-02-23,Micronesia (Federated States of),WPRO,0,0,0,0
2021-02-24,Micronesia (Federated States of),WPRO,0,0,0,0
2021-02-25,Micronesia (Federated States of),WPRO,0,0,0,0
2021-02-26,Micronesia (Federated States of),WPRO,0,0,0,0
2021-02-27,Micronesia (Federated States of),WPRO,0,0,0,0
2021-02-28,Micronesia (Federated States of),WPRO,0,0,0,0
2021-03-01,Micronesia (Federated States of),WPRO,0,0,0,0
2021-03-02,Micronesia (Federated States of),WPRO,0,0,0,0
2021-03-03,Micronesia (Federated States of),WPRO,0,0,0,0
2021-03-04,Micronesia (Federated States of),WPRO,0,0,0,0
2021-03-05,Micronesia (Federated States of),WPRO,0,0,0,0
2021-03-06,Micronesia (Federated States of),WPRO,0,0,0,0
2021-03-07,Micronesia (Federated States of),WPRO,0,0,0,0
2021-03-08,Micronesia (Federated States of),WPRO,0,0,0,0
2021-03-09,Micronesia (Federated States of),WPRO,0,0,0,0
2021-03-10,Micronesia (Federated States of),WPRO,0,0,0,0
2021-03-11,Micronesia (Federated States of),WPRO,0,0,0,0
2021-03-12,Micronesia (Federated States of),WPRO,0,0,0,0
2021-03-13,Micronesia (Federated States of),WPRO,0,0,0,0
2021-03-14,Micronesia (Federated States of),WPRO,0,0,0,0
2021-03-15,Micronesia (Federated States of),WPRO,0,0,0,0
2021-03-16,Micronesia (Federated States of),WPRO,0,0,0,0
2021-03-17,Micronesia (Federated States of),WPRO,0,0,0,0
2021-03-18,Micronesia (Federated States of),WPRO,0,0,0,0
2021-03-19,Micronesia (Federated States of),WPRO,0,0,0,0
2021-03-20,Micronesia (Federated States of),WPRO,0,0,0,0
2021-03-21,Micronesia (Federated States of),WPRO,0,0,0,0
2021-03-22,Micronesia (Federated States of),WPRO,0,0,0,0
2021-03-23,Micronesia (Federated States of),WPRO,0,0,0,0
2021-03-24,Micronesia (Federated States of),WPRO,0,0,0,0
2021-03-25,Micronesia (Federated States of),WPRO,0,0,0,0
2021-03-26,Micronesia (Federated States of),WPRO,0,0,0,0
2021-03-27,Micronesia (Federated States of),WPRO,0,0,0,0
2021-03-28,Micronesia (Federated States of),WPRO,0,0,0,0
2021-03-29,Micronesia (Federated States of),WPRO,0,0,0,0
2021-03-30,Micronesia (Federated States of),WPRO,0,0,0,0
2021-03-31,Micronesia (Federated States of),WPRO,0,0,0,0
2021-04-01,Micronesia (Federated States of),WPRO,0,0,0,0
2021-04-02,Micronesia (Federated States of),WPRO,0,0,0,0
2021-04-03,Micronesia (Federated States of),WPRO,0,0,0,0
2021-04-04,Micronesia (Federated States of),WPRO,0,0,0,0
2021-04-05,Micronesia (Federated States of),WPRO,0,0,0,0
2021-04-06,Micronesia (Federated States of),WPRO,0,0,0,0
2021-04-07,Micronesia (Federated States of),WPRO,0,0,0,0
2021-04-08,Micronesia (Federated States of),WPRO,0,0,0,0
2021-04-09,Micronesia (Federated States of),WPRO,0,0,0,0
2021-04-10,Micronesia (Federated States of),WPRO,0,0,0,0
2021-04-11,Micronesia (Federated States of),WPRO,0,0,0,0
2021-04-12,Micronesia (Federated States of),WPRO,0,0,0,0
2021-04-13,Micronesia (Federated States of),WPRO,0,0,0,0
2021-04-14,Micronesia (Federated States of),WPRO,0,0,0,0
2021-04-15,Micronesia (Federated States of),WPRO,0,0,0,0
2021-04-16,Micronesia (Federated States of),WPRO,0,0,0,0
2021-04-17,Micronesia (Federated States of),WPRO,0,0,0,0
2021-04-18,Micronesia (Federated States of),WPRO,0,0,0,0
2021-04-19,Micronesia (Federated States of),WPRO,0,0,0,0
2021-04-20,Micronesia (Federated States of),WPRO,0,0,0,0
2021-04-21,Micronesia (Federated States of),WPRO,0,0,0,0
2021-04-22,Micronesia (Federated States of),WPRO,0,0,0,0
2021-04-23,Micronesia (Federated States of),WPRO,0,0,0,0
2021-04-24,Micronesia (Federated States of),WPRO,0,0,0,0
2021-04-25,Micronesia (Federated States of),WPRO,0,0,0,0
2021-04-26,Micronesia (Federated States of),WPRO,0,0,0,0
2021-04-27,Micronesia (Federated States of),WPRO,0,0,0,0
2021-04-28,Micronesia (Federated States of),WPRO,0,0,0,0
2021-04-29,Micronesia (Federated States of),WPRO,0,0,0,0
2021-04-30,Micronesia (Federated States of),WPRO,0,0,0,0
2021-05-01,Micronesia (Federated States of),WPRO,0,0,0,0
2021-05-02,Micronesia (Federated States of),WPRO,0,0,0,0
2021-05-03,Micronesia (Federated States of),WPRO,0,0,0,0
2021-05-04,Micronesia (Federated States of),WPRO,0,0,0,0
2021-05-05,Micronesia (Federated States of),WPRO,0,0,0,0
2021-05-06,Micronesia (Federated States of),WPRO,0,0,0,0
2021-05-07,Micronesia (Federated States of),WPRO,0,0,0,0
2021-05-08,Micronesia (Federated States of),WPRO,0,0,0,0
2021-05-09,Micronesia (Federated States of),WPRO,0,0,0,0
2021-05-10,Micronesia (Federated States of),WPRO,0,0,0,0
2021-05-11,Micronesia (Federated States of),WPRO,0,0,0,0
2021-05-12,Micronesia (Federated States of),WPRO,0,0,0,0
2021-05-13,Micronesia (Federated States of),WPRO,0,0,0,0
2021-05-14,Micronesia (Federated States of),WPRO,0,0,0,0
2021-05-15,Micronesia (Federated States of),WPRO,0,0,0,0
2021-05-16,Micronesia (Federated States of),WPRO,0,0,0,0
2021-05-17,Micronesia (Federated States of),WPRO,0,0,0,0
2021-05-18,Micronesia (Federated States of),WPRO,0,0,0,0
2021-05-19,Micronesia (Federated States of),WPRO,0,0,0,0
2021-05-20,Micronesia (Federated States of),WPRO,0,0,0,0
2021-05-21,Micronesia (Federated States of),WPRO,0,0,0,0
2021-05-22,Micronesia (Federated States of),WPRO,0,0,0,0
2021-05-23,Micronesia (Federated States of),WPRO,0,0,0,0
2021-05-24,Micronesia (Federated States of),WPRO,0,0,0,0
2021-05-25,Micronesia (Federated States of),WPRO,0,0,0,0
2021-05-26,Micronesia (Federated States of),WPRO,0,0,0,0
2021-05-27,Micronesia (Federated States of),WPRO,0,0,0,0
2021-05-28,Micronesia (Federated States of),WPRO,0,0,0,0
2021-05-29,Micronesia (Federated States of),WPRO,0,0,0,0
2021-05-30,Micronesia (Federated States of),WPRO,0,0,0,0
2021-01-01,Monaco,EURO,22,878,0,3
2021-01-02,Monaco,EURO,10,888,0,3
2021-01-03,Monaco,EURO,16,904,1,4
2021-01-04,Monaco,EURO,6,910,0,4
2021-01-05,Monaco,EURO,10,920,0,4
2021-01-06,Monaco,EURO,30,950,0,4
2021-01-07,Monaco,EURO,31,981,0,4
2021-01-08,Monaco,EURO,40,1021,1,5
2021-01-09,Monaco,EURO,23,1044,0,5
2021-01-10,Monaco,EURO,12,1056,0,5
2021-01-11,Monaco,EURO,4,1060,0,5
2021-01-12,Monaco,EURO,13,1073,1,6
2021-01-13,Monaco,EURO,25,1098,1,7
2021-01-14,Monaco,EURO,33,1131,0,7
2021-01-15,Monaco,EURO,17,1148,1,8
2021-01-16,Monaco,EURO,24,1172,0,8
2021-01-17,Monaco,EURO,25,1197,0,8
2021-01-18,Monaco,EURO,11,1208,0,8
2021-01-19,Monaco,EURO,7,1215,0,8
2021-01-20,Monaco,EURO,28,1243,1,9
2021-01-21,Monaco,EURO,22,1265,0,9
2021-01-22,Monaco,EURO,25,1290,0,9
2021-01-23,Monaco,EURO,24,1314,0,9
2021-01-24,Monaco,EURO,34,1348,0,9
2021-01-25,Monaco,EURO,12,1360,0,9
2021-01-26,Monaco,EURO,11,1371,0,9
2021-01-27,Monaco,EURO,31,1402,0,9
2021-01-28,Monaco,EURO,14,1416,1,10
2021-01-29,Monaco,EURO,17,1433,1,11
2021-01-30,Monaco,EURO,27,1460,1,12
2021-01-31,Monaco,EURO,18,1478,0,12
2021-02-01,Monaco,EURO,14,1492,1,13
2021-02-02,Monaco,EURO,10,1502,1,14
2021-02-03,Monaco,EURO,44,1546,3,17
2021-02-04,Monaco,EURO,29,1575,1,18
2021-02-05,Monaco,EURO,24,1599,0,18
2021-02-06,Monaco,EURO,29,1628,1,19
2021-02-07,Monaco,EURO,22,1650,1,20
2021-02-08,Monaco,EURO,8,1658,0,20
2021-02-09,Monaco,EURO,10,1668,0,20
2021-02-10,Monaco,EURO,30,1698,0,20
2021-02-11,Monaco,EURO,22,1720,0,20
2021-02-12,Monaco,EURO,18,1738,0,20
2021-02-13,Monaco,EURO,17,1755,1,21
2021-02-14,Monaco,EURO,3,1758,0,21
2021-02-15,Monaco,EURO,5,1763,0,21
2021-02-16,Monaco,EURO,14,1777,0,21
2021-02-17,Monaco,EURO,13,1790,0,21
2021-02-18,Monaco,EURO,29,1819,1,22
2021-02-19,Monaco,EURO,19,1838,0,22
2021-02-20,Monaco,EURO,9,1847,0,22
2021-02-21,Monaco,EURO,18,1865,0,22
2021-02-22,Monaco,EURO,8,1873,0,22
2021-02-23,Monaco,EURO,15,1888,0,22
2021-02-24,Monaco,EURO,19,1907,1,23
2021-02-25,Monaco,EURO,12,1919,0,23
2021-02-26,Monaco,EURO,12,1931,0,23
2021-02-27,Monaco,EURO,10,1941,1,24
2021-02-28,Monaco,EURO,11,1952,0,24
2021-03-01,Monaco,EURO,3,1955,0,24
2021-03-02,Monaco,EURO,9,1964,0,24
2021-03-03,Monaco,EURO,8,1972,1,25
2021-03-04,Monaco,EURO,8,1980,1,26
2021-03-05,Monaco,EURO,16,1996,0,26
2021-03-06,Monaco,EURO,12,2008,0,26
2021-03-07,Monaco,EURO,10,2018,0,26
2021-03-08,Monaco,EURO,4,2022,0,26
2021-03-09,Monaco,EURO,5,2027,0,26
2021-03-10,Monaco,EURO,20,2047,0,26
2021-03-11,Monaco,EURO,14,2061,0,26
2021-03-12,Monaco,EURO,13,2074,0,26
2021-03-13,Monaco,EURO,22,2096,1,27
2021-03-14,Monaco,EURO,9,2105,0,27
2021-03-15,Monaco,EURO,1,2106,0,27
2021-03-16,Monaco,EURO,13,2119,0,27
2021-03-17,Monaco,EURO,15,2134,0,27
2021-03-18,Monaco,EURO,6,2140,0,27
2021-03-19,Monaco,EURO,8,2148,0,27
2021-03-20,Monaco,EURO,15,2163,0,27
2021-03-21,Monaco,EURO,9,2172,0,27
2021-03-22,Monaco,EURO,0,2172,0,27
2021-03-23,Monaco,EURO,9,2181,0,27
2021-03-24,Monaco,EURO,17,2198,0,27
2021-03-25,Monaco,EURO,11,2209,1,28
2021-03-26,Monaco,EURO,17,2226,0,28
2021-03-27,Monaco,EURO,21,2247,0,28
2021-03-28,Monaco,EURO,6,2253,0,28
2021-03-29,Monaco,EURO,5,2258,0,28
2021-03-30,Monaco,EURO,6,2264,0,28
2021-03-31,Monaco,EURO,17,2281,0,28
2021-04-01,Monaco,EURO,6,2287,0,28
2021-04-02,Monaco,EURO,17,2304,0,28
2021-04-03,Monaco,EURO,15,2319,0,28
2021-04-04,Monaco,EURO,6,2325,1,29
2021-04-05,Monaco,EURO,3,2328,0,29
2021-04-06,Monaco,EURO,5,2333,1,30
2021-04-07,Monaco,EURO,11,2344,0,30
2021-04-08,Monaco,EURO,8,2352,0,30
2021-04-09,Monaco,EURO,11,2363,0,30
2021-04-10,Monaco,EURO,5,2368,0,30
2021-04-11,Monaco,EURO,5,2373,1,31
2021-04-12,Monaco,EURO,1,2374,0,31
2021-04-13,Monaco,EURO,3,2377,0,31
2021-04-14,Monaco,EURO,1,2378,0,31
2021-04-15,Monaco,EURO,6,2384,0,31
2021-04-16,Monaco,EURO,3,2387,0,31
2021-04-17,Monaco,EURO,4,2391,0,31
2021-04-18,Monaco,EURO,4,2395,0,31
2021-04-19,Monaco,EURO,4,2399,0,31
2021-04-20,Monaco,EURO,5,2404,0,31
2021-04-21,Monaco,EURO,9,2413,0,31
2021-04-22,Monaco,EURO,9,2422,0,31
2021-04-23,Monaco,EURO,1,2423,0,31
2021-04-24,Monaco,EURO,3,2426,0,31
2021-04-25,Monaco,EURO,3,2429,0,31
2021-04-26,Monaco,EURO,3,2432,1,32
2021-04-27,Monaco,EURO,7,2439,0,32
2021-04-28,Monaco,EURO,3,2442,0,32
2021-04-29,Monaco,EURO,5,2447,0,32
2021-04-30,Monaco,EURO,5,2452,0,32
2021-05-01,Monaco,EURO,2,2454,0,32
2021-05-02,Monaco,EURO,3,2457,0,32
2021-05-03,Monaco,EURO,0,2457,0,32
2021-05-04,Monaco,EURO,8,2465,0,32
2021-05-05,Monaco,EURO,3,2468,0,32
2021-05-06,Monaco,EURO,3,2471,0,32
2021-05-07,Monaco,EURO,4,2475,0,32
2021-05-08,Monaco,EURO,2,2477,0,32
2021-05-09,Monaco,EURO,2,2479,0,32
2021-05-10,Monaco,EURO,0,2479,0,32
2021-05-11,Monaco,EURO,2,2481,0,32
2021-05-12,Monaco,EURO,5,2486,0,32
2021-05-13,Monaco,EURO,1,2487,0,32
2021-05-14,Monaco,EURO,3,2490,0,32
2021-05-15,Monaco,EURO,0,2490,0,32
2021-05-16,Monaco,EURO,3,2493,0,32
2021-05-17,Monaco,EURO,0,2493,0,32
2021-05-18,Monaco,EURO,1,2494,0,32
2021-05-19,Monaco,EURO,1,2495,0,32
2021-05-20,Monaco,EURO,2,2497,0,32
2021-05-21,Monaco,EURO,2,2499,0,32
2021-05-22,Monaco,EURO,1,2500,0,32
2021-05-23,Monaco,EURO,1,2501,0,32
2021-05-24,Monaco,EURO,0,2501,0,32
2021-05-25,Monaco,EURO,0,2501,0,32
2021-05-26,Monaco,EURO,1,2502,0,32
2021-05-27,Monaco,EURO,1,2503,0,32
2021-05-28,Monaco,EURO,0,2503,0,32
2021-05-29,Monaco,EURO,0,2503,0,32
2021-05-30,Monaco,EURO,0,2503,0,32
2021-01-01,Mongolia,WPRO,20,1215,0,0
2021-01-02,Mongolia,WPRO,5,1220,0,0
2021-01-03,Mongolia,WPRO,22,1242,0,0
2021-01-04,Mongolia,WPRO,21,1263,0,0
2021-01-05,Mongolia,WPRO,23,1286,0,0
2021-01-06,Mongolia,WPRO,22,1308,1,1
2021-01-07,Mongolia,WPRO,41,1349,0,1
2021-01-08,Mongolia,WPRO,13,1362,0,1
2021-01-09,Mongolia,WPRO,33,1395,0,1
2021-01-10,Mongolia,WPRO,13,1408,0,1
2021-01-11,Mongolia,WPRO,21,1429,0,1
2021-01-12,Mongolia,WPRO,13,1442,0,1
2021-01-13,Mongolia,WPRO,14,1456,0,1
2021-01-14,Mongolia,WPRO,13,1469,0,1
2021-01-15,Mongolia,WPRO,10,1479,0,1
2021-01-16,Mongolia,WPRO,12,1491,0,1
2021-01-17,Mongolia,WPRO,21,1512,0,1
2021-01-18,Mongolia,WPRO,5,1517,0,1
2021-01-19,Mongolia,WPRO,9,1526,0,1
2021-01-20,Mongolia,WPRO,10,1536,0,1
2021-01-21,Mongolia,WPRO,32,1568,0,1
2021-01-22,Mongolia,WPRO,16,1584,0,1
2021-01-23,Mongolia,WPRO,8,1592,0,1
2021-01-24,Mongolia,WPRO,19,1611,1,2
2021-01-25,Mongolia,WPRO,16,1627,0,2
2021-01-26,Mongolia,WPRO,16,1643,0,2
2021-01-27,Mongolia,WPRO,13,1656,0,2
2021-01-28,Mongolia,WPRO,11,1667,0,2
2021-01-29,Mongolia,WPRO,25,1692,0,2
2021-01-30,Mongolia,WPRO,18,1710,0,2
2021-01-31,Mongolia,WPRO,32,1742,0,2
2021-02-01,Mongolia,WPRO,37,1779,0,2
2021-02-02,Mongolia,WPRO,35,1814,0,2
2021-02-03,Mongolia,WPRO,18,1832,0,2
2021-02-04,Mongolia,WPRO,27,1859,0,2
2021-02-05,Mongolia,WPRO,31,1890,0,2
2021-02-06,Mongolia,WPRO,38,1928,0,2
2021-02-07,Mongolia,WPRO,61,1989,0,2
2021-02-08,Mongolia,WPRO,34,2023,0,2
2021-02-09,Mongolia,WPRO,50,2073,0,2
2021-02-10,Mongolia,WPRO,47,2120,0,2
2021-02-11,Mongolia,WPRO,54,2174,0,2
2021-02-12,Mongolia,WPRO,33,2207,0,2
2021-02-13,Mongolia,WPRO,40,2247,0,2
2021-02-14,Mongolia,WPRO,46,2293,0,2
2021-02-15,Mongolia,WPRO,58,2351,0,2
2021-02-16,Mongolia,WPRO,32,2383,0,2
2021-02-17,Mongolia,WPRO,33,2416,0,2
2021-02-18,Mongolia,WPRO,28,2444,0,2
2021-02-19,Mongolia,WPRO,49,2493,0,2
2021-02-20,Mongolia,WPRO,58,2551,0,2
2021-02-21,Mongolia,WPRO,35,2586,0,2
2021-02-22,Mongolia,WPRO,52,2638,0,2
2021-02-23,Mongolia,WPRO,55,2693,0,2
2021-02-24,Mongolia,WPRO,30,2723,0,2
2021-02-25,Mongolia,WPRO,32,2755,0,2
2021-02-26,Mongolia,WPRO,46,2801,0,2
2021-02-27,Mongolia,WPRO,30,2831,0,2
2021-02-28,Mongolia,WPRO,35,2866,0,2
2021-03-01,Mongolia,WPRO,41,2907,0,2
2021-03-02,Mongolia,WPRO,45,2952,0,2
2021-03-03,Mongolia,WPRO,48,3000,0,2
2021-03-04,Mongolia,WPRO,32,3032,0,2
2021-03-05,Mongolia,WPRO,44,3076,0,2
2021-03-06,Mongolia,WPRO,77,3153,0,2
2021-03-07,Mongolia,WPRO,8,3161,0,2
2021-03-08,Mongolia,WPRO,67,3228,0,2
2021-03-09,Mongolia,WPRO,108,3336,1,3
2021-03-10,Mongolia,WPRO,36,3372,0,3
2021-03-11,Mongolia,WPRO,109,3481,0,3
2021-03-12,Mongolia,WPRO,80,3561,1,4
2021-03-13,Mongolia,WPRO,103,3664,0,4
2021-03-14,Mongolia,WPRO,169,3833,0,4
2021-03-15,Mongolia,WPRO,128,3961,0,4
2021-03-16,Mongolia,WPRO,122,4083,0,4
2021-03-17,Mongolia,WPRO,127,4210,0,4
2021-03-18,Mongolia,WPRO,130,4340,0,4
2021-03-19,Mongolia,WPRO,158,4498,0,4
2021-03-20,Mongolia,WPRO,160,4658,0,4
2021-03-21,Mongolia,WPRO,148,4806,1,5
2021-03-22,Mongolia,WPRO,170,4976,0,5
2021-03-23,Mongolia,WPRO,210,5186,0,5
2021-03-24,Mongolia,WPRO,206,5392,0,5
2021-03-25,Mongolia,WPRO,218,5610,0,5
2021-03-26,Mongolia,WPRO,285,5895,0,5
2021-03-27,Mongolia,WPRO,437,6332,0,5
2021-03-28,Mongolia,WPRO,361,6693,1,6
2021-03-29,Mongolia,WPRO,321,7014,0,6
2021-03-30,Mongolia,WPRO,575,7589,0,6
2021-03-31,Mongolia,WPRO,481,8070,0,6
2021-04-01,Mongolia,WPRO,377,8447,2,8
2021-04-02,Mongolia,WPRO,394,8841,0,8
2021-04-03,Mongolia,WPRO,486,9327,2,10
2021-04-04,Mongolia,WPRO,271,9598,1,11
2021-04-05,Mongolia,WPRO,620,10218,0,11
2021-04-06,Mongolia,WPRO,602,10820,1,12
2021-04-07,Mongolia,WPRO,831,11651,1,13
2021-04-08,Mongolia,WPRO,575,12226,4,17
2021-04-09,Mongolia,WPRO,554,12780,1,18
2021-04-10,Mongolia,WPRO,714,13494,1,19
2021-04-11,Mongolia,WPRO,689,14183,1,20
2021-04-12,Mongolia,WPRO,831,15014,2,22
2021-04-13,Mongolia,WPRO,704,15718,3,25
2021-04-14,Mongolia,WPRO,885,16603,2,27
2021-04-15,Mongolia,WPRO,1220,17823,2,29
2021-04-16,Mongolia,WPRO,742,18565,2,31
2021-04-17,Mongolia,WPRO,1107,19672,6,37
2021-04-18,Mongolia,WPRO,983,20655,4,41
2021-04-19,Mongolia,WPRO,1340,21995,3,44
2021-04-20,Mongolia,WPRO,889,22884,5,49
2021-04-21,Mongolia,WPRO,1311,24195,2,51
2021-04-22,Mongolia,WPRO,1169,25364,5,56
2021-04-23,Mongolia,WPRO,1328,26692,5,61
2021-04-24,Mongolia,WPRO,1264,27956,8,69
2021-04-25,Mongolia,WPRO,1263,29219,5,74
2021-04-26,Mongolia,WPRO,1264,30483,4,78
2021-04-27,Mongolia,WPRO,856,31339,2,80
2021-04-28,Mongolia,WPRO,1098,32437,8,88
2021-04-29,Mongolia,WPRO,1171,33608,9,97
2021-04-30,Mongolia,WPRO,1015,34623,5,102
2021-05-01,Mongolia,WPRO,1356,35979,8,110
2021-05-02,Mongolia,WPRO,1306,37285,5,115
2021-05-03,Mongolia,WPRO,1185,38470,2,117
2021-05-04,Mongolia,WPRO,911,39381,2,119
2021-05-05,Mongolia,WPRO,1015,40396,7,126
2021-05-06,Mongolia,WPRO,1128,41524,4,130
2021-05-07,Mongolia,WPRO,940,42464,12,142
2021-05-08,Mongolia,WPRO,737,43201,11,153
2021-05-09,Mongolia,WPRO,815,44016,7,160
2021-05-10,Mongolia,WPRO,804,44820,2,162
2021-05-11,Mongolia,WPRO,639,45459,8,170
2021-05-12,Mongolia,WPRO,477,45936,9,179
2021-05-13,Mongolia,WPRO,512,46448,5,184
2021-05-14,Mongolia,WPRO,585,47033,9,193
2021-05-15,Mongolia,WPRO,515,47548,7,200
2021-05-16,Mongolia,WPRO,553,48101,5,205
2021-05-17,Mongolia,WPRO,541,48642,2,207
2021-05-18,Mongolia,WPRO,533,49175,7,214
2021-05-19,Mongolia,WPRO,349,49524,7,221
2021-05-20,Mongolia,WPRO,575,50099,6,227
2021-05-21,Mongolia,WPRO,519,50618,8,235
2021-05-22,Mongolia,WPRO,629,51247,5,240
2021-05-23,Mongolia,WPRO,684,51931,4,244
2021-05-24,Mongolia,WPRO,539,52470,4,248
2021-05-25,Mongolia,WPRO,630,53100,5,253
2021-05-26,Mongolia,WPRO,634,53734,2,255
2021-05-27,Mongolia,WPRO,680,54414,2,257
2021-05-28,Mongolia,WPRO,653,55067,2,259
2021-05-29,Mongolia,WPRO,785,55852,4,263
2021-05-30,Mongolia,WPRO,769,56621,5,268
2021-01-01,Montenegro,EURO,436,48104,4,681
2021-01-02,Montenegro,EURO,440,48544,1,682
2021-01-03,Montenegro,EURO,249,48793,2,684
2021-01-04,Montenegro,EURO,386,49179,0,684
2021-01-05,Montenegro,EURO,300,49479,5,689
2021-01-06,Montenegro,EURO,520,49999,3,692
2021-01-07,Montenegro,EURO,526,50525,7,699
2021-01-08,Montenegro,EURO,497,51022,6,705
2021-01-09,Montenegro,EURO,479,51501,7,712
2021-01-10,Montenegro,EURO,410,51911,6,718
2021-01-11,Montenegro,EURO,490,52401,3,721
2021-01-12,Montenegro,EURO,343,52744,4,725
2021-01-13,Montenegro,EURO,515,53259,4,729
2021-01-14,Montenegro,EURO,524,53783,1,730
2021-01-15,Montenegro,EURO,447,54230,7,737
2021-01-16,Montenegro,EURO,422,54652,3,740
2021-01-17,Montenegro,EURO,429,55081,1,741
2021-01-18,Montenegro,EURO,403,55484,2,743
2021-01-19,Montenegro,EURO,286,55770,2,745
2021-01-20,Montenegro,EURO,406,56176,1,746
2021-01-21,Montenegro,EURO,351,56527,3,749
2021-01-22,Montenegro,EURO,452,56979,9,758
2021-01-23,Montenegro,EURO,476,57455,4,762
2021-01-24,Montenegro,EURO,421,57876,3,765
2021-01-25,Montenegro,EURO,425,58301,1,766
2021-01-26,Montenegro,EURO,384,58685,2,768
2021-01-27,Montenegro,EURO,567,59252,2,770
2021-01-28,Montenegro,EURO,511,59763,7,777
2021-01-29,Montenegro,EURO,498,60261,6,783
2021-01-30,Montenegro,EURO,463,60724,7,790
2021-01-31,Montenegro,EURO,459,61183,10,800
2021-02-01,Montenegro,EURO,450,61633,2,802
2021-02-02,Montenegro,EURO,365,61998,3,805
2021-02-03,Montenegro,EURO,524,62522,6,811
2021-02-04,Montenegro,EURO,602,63124,7,818
2021-02-05,Montenegro,EURO,515,63639,7,825
2021-02-06,Montenegro,EURO,562,64201,1,826
2021-02-07,Montenegro,EURO,544,64745,5,831
2021-02-08,Montenegro,EURO,510,65255,5,836
2021-02-09,Montenegro,EURO,413,65668,2,838
2021-02-10,Montenegro,EURO,605,66273,4,842
2021-02-11,Montenegro,EURO,620,66893,10,852
2021-02-12,Montenegro,EURO,562,67455,9,861
2021-02-13,Montenegro,EURO,562,68017,8,869
2021-02-14,Montenegro,EURO,482,68499,11,880
2021-02-15,Montenegro,EURO,453,68952,2,882
2021-02-16,Montenegro,EURO,347,69299,8,890
2021-02-17,Montenegro,EURO,411,69710,9,899
2021-02-18,Montenegro,EURO,479,70189,11,910
2021-02-19,Montenegro,EURO,489,70678,6,916
2021-02-20,Montenegro,EURO,454,71132,10,926
2021-02-21,Montenegro,EURO,474,71606,6,932
2021-02-22,Montenegro,EURO,430,72036,7,939
2021-02-23,Montenegro,EURO,369,72405,11,950
2021-02-24,Montenegro,EURO,569,72974,7,957
2021-02-25,Montenegro,EURO,635,73609,12,969
2021-02-26,Montenegro,EURO,583,74192,7,976
2021-02-27,Montenegro,EURO,599,74791,11,987
2021-02-28,Montenegro,EURO,550,75341,7,994
2021-03-01,Montenegro,EURO,514,75855,5,999
2021-03-02,Montenegro,EURO,435,76290,4,1003
2021-03-03,Montenegro,EURO,587,76877,12,1015
2021-03-04,Montenegro,EURO,624,77501,8,1023
2021-03-05,Montenegro,EURO,564,78065,8,1031
2021-03-06,Montenegro,EURO,580,78645,8,1039
2021-03-07,Montenegro,EURO,599,79244,9,1048
2021-03-08,Montenegro,EURO,545,79789,11,1059
2021-03-09,Montenegro,EURO,403,80192,8,1067
2021-03-10,Montenegro,EURO,615,80807,18,1085
2021-03-11,Montenegro,EURO,655,81462,7,1092
2021-03-12,Montenegro,EURO,572,82034,8,1100
2021-03-13,Montenegro,EURO,576,82610,13,1113
2021-03-14,Montenegro,EURO,558,83168,4,1117
2021-03-15,Montenegro,EURO,542,83710,5,1122
2021-03-16,Montenegro,EURO,450,84160,7,1129
2021-03-17,Montenegro,EURO,533,84693,7,1136
2021-03-18,Montenegro,EURO,557,85250,15,1151
2021-03-19,Montenegro,EURO,520,85770,18,1169
2021-03-20,Montenegro,EURO,509,86279,9,1178
2021-03-21,Montenegro,EURO,505,86784,6,1184
2021-03-22,Montenegro,EURO,438,87222,10,1194
2021-03-23,Montenegro,EURO,412,87634,5,1199
2021-03-24,Montenegro,EURO,484,88118,9,1208
2021-03-25,Montenegro,EURO,437,88555,12,1220
2021-03-26,Montenegro,EURO,441,88996,4,1224
2021-03-27,Montenegro,EURO,373,89369,6,1230
2021-03-28,Montenegro,EURO,377,89746,4,1234
2021-03-29,Montenegro,EURO,363,90109,7,1241
2021-03-30,Montenegro,EURO,324,90433,4,1245
2021-03-31,Montenegro,EURO,404,90837,11,1256
2021-04-01,Montenegro,EURO,388,91225,10,1266
2021-04-02,Montenegro,EURO,353,91578,8,1274
2021-04-03,Montenegro,EURO,333,91911,12,1286
2021-04-04,Montenegro,EURO,318,92229,10,1296
2021-04-05,Montenegro,EURO,300,92529,7,1303
2021-04-06,Montenegro,EURO,220,92749,2,1305
2021-04-07,Montenegro,EURO,286,93035,12,1317
2021-04-08,Montenegro,EURO,279,93314,9,1326
2021-04-09,Montenegro,EURO,257,93571,8,1334
2021-04-10,Montenegro,EURO,237,93808,11,1345
2021-04-11,Montenegro,EURO,236,94044,9,1354
2021-04-12,Montenegro,EURO,234,94278,11,1365
2021-04-13,Montenegro,EURO,147,94425,8,1373
2021-04-14,Montenegro,EURO,224,94649,8,1381
2021-04-15,Montenegro,EURO,215,94864,10,1391
2021-04-16,Montenegro,EURO,183,95047,14,1405
2021-04-17,Montenegro,EURO,165,95212,7,1412
2021-04-18,Montenegro,EURO,171,95383,9,1421
2021-04-19,Montenegro,EURO,174,95557,6,1427
2021-04-20,Montenegro,EURO,143,95700,2,1429
2021-04-21,Montenegro,EURO,200,95900,9,1438
2021-04-22,Montenegro,EURO,149,96049,3,1441
2021-04-23,Montenegro,EURO,140,96189,3,1444
2021-04-24,Montenegro,EURO,160,96349,7,1451
2021-04-25,Montenegro,EURO,151,96500,6,1457
2021-04-26,Montenegro,EURO,162,96662,6,1463
2021-04-27,Montenegro,EURO,120,96782,2,1465
2021-04-28,Montenegro,EURO,151,96933,8,1473
2021-04-29,Montenegro,EURO,150,97083,5,1478
2021-04-30,Montenegro,EURO,177,97260,7,1485
2021-05-01,Montenegro,EURO,133,97393,7,1492
2021-05-02,Montenegro,EURO,126,97519,3,1495
2021-05-03,Montenegro,EURO,102,97621,7,1502
2021-05-04,Montenegro,EURO,99,97720,3,1505
2021-05-05,Montenegro,EURO,95,97815,5,1510
2021-05-06,Montenegro,EURO,119,97934,6,1516
2021-05-07,Montenegro,EURO,110,98044,5,1521
2021-05-08,Montenegro,EURO,100,98144,5,1526
2021-05-09,Montenegro,EURO,95,98239,7,1533
2021-05-10,Montenegro,EURO,66,98305,3,1536
2021-05-11,Montenegro,EURO,62,98367,4,1540
2021-05-12,Montenegro,EURO,84,98451,4,1544
2021-05-13,Montenegro,EURO,98,98549,1,1545
2021-05-14,Montenegro,EURO,72,98621,3,1548
2021-05-15,Montenegro,EURO,84,98705,3,1551
2021-05-16,Montenegro,EURO,75,98780,5,1556
2021-05-17,Montenegro,EURO,72,98852,4,1560
2021-05-18,Montenegro,EURO,46,98898,1,1561
2021-05-19,Montenegro,EURO,73,98971,1,1562
2021-05-20,Montenegro,EURO,61,99032,2,1564
2021-05-21,Montenegro,EURO,66,99098,2,1566
2021-05-22,Montenegro,EURO,55,99153,3,1569
2021-05-23,Montenegro,EURO,50,99203,3,1572
2021-05-24,Montenegro,EURO,45,99248,0,1572
2021-05-25,Montenegro,EURO,43,99291,2,1574
2021-05-26,Montenegro,EURO,67,99358,0,1574
2021-05-27,Montenegro,EURO,68,99426,3,1577
2021-05-28,Montenegro,EURO,52,99478,1,1578
2021-05-29,Montenegro,EURO,41,99519,0,1578
2021-05-30,Montenegro,EURO,47,99566,2,1580
2021-01-01,Montserrat,AMRO,0,13,0,1
2021-01-02,Montserrat,AMRO,0,13,0,1
2021-01-03,Montserrat,AMRO,0,13,0,1
2021-01-04,Montserrat,AMRO,0,13,0,1
2021-01-05,Montserrat,AMRO,0,13,0,1
2021-01-06,Montserrat,AMRO,0,13,0,1
2021-01-07,Montserrat,AMRO,0,13,0,1
2021-01-08,Montserrat,AMRO,0,13,0,1
2021-01-09,Montserrat,AMRO,0,13,0,1
2021-01-10,Montserrat,AMRO,0,13,0,1
2021-01-11,Montserrat,AMRO,0,13,0,1
2021-01-12,Montserrat,AMRO,0,13,0,1
2021-01-13,Montserrat,AMRO,0,13,0,1
2021-01-14,Montserrat,AMRO,0,13,0,1
2021-01-15,Montserrat,AMRO,0,13,0,1
2021-01-16,Montserrat,AMRO,0,13,0,1
2021-01-17,Montserrat,AMRO,0,13,0,1
2021-01-18,Montserrat,AMRO,0,13,0,1
2021-01-19,Montserrat,AMRO,0,13,0,1
2021-01-20,Montserrat,AMRO,0,13,0,1
2021-01-21,Montserrat,AMRO,0,13,0,1
2021-01-22,Montserrat,AMRO,0,13,0,1
2021-01-23,Montserrat,AMRO,0,13,0,1
2021-01-24,Montserrat,AMRO,0,13,0,1
2021-01-25,Montserrat,AMRO,0,13,0,1
2021-01-26,Montserrat,AMRO,0,13,0,1
2021-01-27,Montserrat,AMRO,0,13,0,1
2021-01-28,Montserrat,AMRO,0,13,0,1
2021-01-29,Montserrat,AMRO,0,13,0,1
2021-01-30,Montserrat,AMRO,0,13,0,1
2021-01-31,Montserrat,AMRO,0,13,0,1
2021-02-01,Montserrat,AMRO,0,13,0,1
2021-02-02,Montserrat,AMRO,0,13,0,1
2021-02-03,Montserrat,AMRO,0,13,0,1
2021-02-04,Montserrat,AMRO,0,13,0,1
2021-02-05,Montserrat,AMRO,0,13,0,1
2021-02-06,Montserrat,AMRO,0,13,0,1
2021-02-07,Montserrat,AMRO,2,15,0,1
2021-02-08,Montserrat,AMRO,2,17,0,1
2021-02-09,Montserrat,AMRO,0,17,0,1
2021-02-10,Montserrat,AMRO,1,18,0,1
2021-02-11,Montserrat,AMRO,0,18,0,1
2021-02-12,Montserrat,AMRO,1,19,0,1
2021-02-13,Montserrat,AMRO,0,19,0,1
2021-02-14,Montserrat,AMRO,0,19,0,1
2021-02-15,Montserrat,AMRO,1,20,0,1
2021-02-16,Montserrat,AMRO,0,20,0,1
2021-02-17,Montserrat,AMRO,0,20,0,1
2021-02-18,Montserrat,AMRO,0,20,0,1
2021-02-19,Montserrat,AMRO,0,20,0,1
2021-02-20,Montserrat,AMRO,0,20,0,1
2021-02-21,Montserrat,AMRO,0,20,0,1
2021-02-22,Montserrat,AMRO,0,20,0,1
2021-02-23,Montserrat,AMRO,0,20,0,1
2021-02-24,Montserrat,AMRO,0,20,0,1
2021-02-25,Montserrat,AMRO,0,20,0,1
2021-02-26,Montserrat,AMRO,0,20,0,1
2021-02-27,Montserrat,AMRO,0,20,0,1
2021-02-28,Montserrat,AMRO,0,20,0,1
2021-03-01,Montserrat,AMRO,0,20,0,1
2021-03-02,Montserrat,AMRO,0,20,0,1
2021-03-03,Montserrat,AMRO,0,20,0,1
2021-03-04,Montserrat,AMRO,0,20,0,1
2021-03-05,Montserrat,AMRO,0,20,0,1
2021-03-06,Montserrat,AMRO,0,20,0,1
2021-03-07,Montserrat,AMRO,0,20,0,1
2021-03-08,Montserrat,AMRO,0,20,0,1
2021-03-09,Montserrat,AMRO,0,20,0,1
2021-03-10,Montserrat,AMRO,0,20,0,1
2021-03-11,Montserrat,AMRO,0,20,0,1
2021-03-12,Montserrat,AMRO,0,20,0,1
2021-03-13,Montserrat,AMRO,0,20,0,1
2021-03-14,Montserrat,AMRO,0,20,0,1
2021-03-15,Montserrat,AMRO,0,20,0,1
2021-03-16,Montserrat,AMRO,0,20,0,1
2021-03-17,Montserrat,AMRO,0,20,0,1
2021-03-18,Montserrat,AMRO,0,20,0,1
2021-03-19,Montserrat,AMRO,0,20,0,1
2021-03-20,Montserrat,AMRO,0,20,0,1
2021-03-21,Montserrat,AMRO,0,20,0,1
2021-03-22,Montserrat,AMRO,0,20,0,1
2021-03-23,Montserrat,AMRO,0,20,0,1
2021-03-24,Montserrat,AMRO,0,20,0,1
2021-03-25,Montserrat,AMRO,0,20,0,1
2021-03-26,Montserrat,AMRO,0,20,0,1
2021-03-27,Montserrat,AMRO,0,20,0,1
2021-03-28,Montserrat,AMRO,0,20,0,1
2021-03-29,Montserrat,AMRO,0,20,0,1
2021-03-30,Montserrat,AMRO,0,20,0,1
2021-03-31,Montserrat,AMRO,0,20,0,1
2021-04-01,Montserrat,AMRO,0,20,0,1
2021-04-02,Montserrat,AMRO,0,20,0,1
2021-04-03,Montserrat,AMRO,0,20,0,1
2021-04-04,Montserrat,AMRO,0,20,0,1
2021-04-05,Montserrat,AMRO,0,20,0,1
2021-04-06,Montserrat,AMRO,0,20,0,1
2021-04-07,Montserrat,AMRO,0,20,0,1
2021-04-08,Montserrat,AMRO,0,20,0,1
2021-04-09,Montserrat,AMRO,0,20,0,1
2021-04-10,Montserrat,AMRO,0,20,0,1
2021-04-11,Montserrat,AMRO,0,20,0,1
2021-04-12,Montserrat,AMRO,0,20,0,1
2021-04-13,Montserrat,AMRO,0,20,0,1
2021-04-14,Montserrat,AMRO,0,20,0,1
2021-04-15,Montserrat,AMRO,0,20,0,1
2021-04-16,Montserrat,AMRO,0,20,0,1
2021-04-17,Montserrat,AMRO,0,20,0,1
2021-04-18,Montserrat,AMRO,0,20,0,1
2021-04-19,Montserrat,AMRO,0,20,0,1
2021-04-20,Montserrat,AMRO,0,20,0,1
2021-04-21,Montserrat,AMRO,0,20,0,1
2021-04-22,Montserrat,AMRO,0,20,0,1
2021-04-23,Montserrat,AMRO,0,20,0,1
2021-04-24,Montserrat,AMRO,0,20,0,1
2021-04-25,Montserrat,AMRO,0,20,0,1
2021-04-26,Montserrat,AMRO,0,20,0,1
2021-04-27,Montserrat,AMRO,0,20,0,1
2021-04-28,Montserrat,AMRO,0,20,0,1
2021-04-29,Montserrat,AMRO,0,20,0,1
2021-04-30,Montserrat,AMRO,0,20,0,1
2021-05-01,Montserrat,AMRO,0,20,0,1
2021-05-02,Montserrat,AMRO,0,20,0,1
2021-05-03,Montserrat,AMRO,0,20,0,1
2021-05-04,Montserrat,AMRO,0,20,0,1
2021-05-05,Montserrat,AMRO,0,20,0,1
2021-05-06,Montserrat,AMRO,0,20,0,1
2021-05-07,Montserrat,AMRO,0,20,0,1
2021-05-08,Montserrat,AMRO,0,20,0,1
2021-05-09,Montserrat,AMRO,0,20,0,1
2021-05-10,Montserrat,AMRO,0,20,0,1
2021-05-11,Montserrat,AMRO,0,20,0,1
2021-05-12,Montserrat,AMRO,0,20,0,1
2021-05-13,Montserrat,AMRO,0,20,0,1
2021-05-14,Montserrat,AMRO,0,20,0,1
2021-05-15,Montserrat,AMRO,0,20,0,1
2021-05-16,Montserrat,AMRO,0,20,0,1
2021-05-17,Montserrat,AMRO,0,20,0,1
2021-05-18,Montserrat,AMRO,0,20,0,1
2021-05-19,Montserrat,AMRO,0,20,0,1
2021-05-20,Montserrat,AMRO,0,20,0,1
2021-05-21,Montserrat,AMRO,0,20,0,1
2021-05-22,Montserrat,AMRO,0,20,0,1
2021-05-23,Montserrat,AMRO,0,20,0,1
2021-05-24,Montserrat,AMRO,0,20,0,1
2021-05-25,Montserrat,AMRO,0,20,0,1
2021-05-26,Montserrat,AMRO,0,20,0,1
2021-05-27,Montserrat,AMRO,0,20,0,1
2021-05-28,Montserrat,AMRO,0,20,0,1
2021-05-29,Montserrat,AMRO,0,20,0,1
2021-05-30,Montserrat,AMRO,0,20,0,1
2021-01-01,Morocco,EMRO,1861,439193,33,7388
2021-01-02,Morocco,EMRO,1777,440970,37,7425
2021-01-03,Morocco,EMRO,1171,442141,27,7452
2021-01-04,Morocco,EMRO,1005,443146,33,7485
2021-01-05,Morocco,EMRO,656,443802,53,7538
2021-01-06,Morocco,EMRO,1637,445439,43,7581
2021-01-07,Morocco,EMRO,1642,447081,37,7618
2021-01-08,Morocco,EMRO,1597,448678,27,7645
2021-01-09,Morocco,EMRO,1543,450221,40,7685
2021-01-10,Morocco,EMRO,1416,451637,24,7709
2021-01-11,Morocco,EMRO,895,452532,34,7743
2021-01-12,Morocco,EMRO,456,452988,24,7767
2021-01-13,Morocco,EMRO,801,453789,17,7784
2021-01-14,Morocco,EMRO,1266,455055,26,7810
2021-01-15,Morocco,EMRO,1279,456334,44,7854
2021-01-16,Morocco,EMRO,1291,457625,34,7888
2021-01-17,Morocco,EMRO,1240,458865,23,7911
2021-01-18,Morocco,EMRO,806,459671,31,7942
2021-01-19,Morocco,EMRO,473,460144,35,7977
2021-01-20,Morocco,EMRO,1246,461390,34,8011
2021-01-21,Morocco,EMRO,1152,462542,32,8043
2021-01-22,Morocco,EMRO,1164,463706,33,8076
2021-01-23,Morocco,EMRO,1138,464844,29,8105
2021-01-24,Morocco,EMRO,925,465769,23,8128
2021-01-25,Morocco,EMRO,520,466289,22,8150
2021-01-26,Morocco,EMRO,337,466626,22,8172
2021-01-27,Morocco,EMRO,867,467493,15,8187
2021-01-28,Morocco,EMRO,890,468383,20,8207
2021-01-29,Morocco,EMRO,756,469139,17,8224
2021-01-30,Morocco,EMRO,851,469990,22,8246
2021-01-31,Morocco,EMRO,701,470691,13,8259
2021-02-01,Morocco,EMRO,466,471157,16,8275
2021-02-02,Morocco,EMRO,281,471438,12,8287
2021-02-03,Morocco,EMRO,835,472273,22,8309
2021-02-04,Morocco,EMRO,774,473047,14,8323
2021-02-05,Morocco,EMRO,620,473667,28,8351
2021-02-06,Morocco,EMRO,712,474379,17,8368
2021-02-07,Morocco,EMRO,587,474966,13,8381
2021-02-08,Morocco,EMRO,389,475355,13,8394
2021-02-09,Morocco,EMRO,234,475589,14,8408
2021-02-10,Morocco,EMRO,536,476125,16,8424
2021-02-11,Morocco,EMRO,564,476689,12,8436
2021-02-12,Morocco,EMRO,471,477160,4,8440
2021-02-13,Morocco,EMRO,496,477656,10,8450
2021-02-14,Morocco,EMRO,479,478135,10,8460
2021-02-15,Morocco,EMRO,339,478474,17,8477
2021-02-16,Morocco,EMRO,121,478595,14,8491
2021-02-17,Morocco,EMRO,476,479071,13,8504
2021-02-18,Morocco,EMRO,508,479579,13,8517
2021-02-19,Morocco,EMRO,477,480056,7,8524
2021-02-20,Morocco,EMRO,448,480504,16,8540
2021-02-21,Morocco,EMRO,444,480948,8,8548
2021-02-22,Morocco,EMRO,207,481155,6,8554
2021-02-23,Morocco,EMRO,108,481263,5,8559
2021-02-24,Morocco,EMRO,446,481709,15,8574
2021-02-25,Morocco,EMRO,419,482128,18,8592
2021-02-26,Morocco,EMRO,386,482514,6,8598
2021-02-27,Morocco,EMRO,480,482994,10,8608
2021-02-28,Morocco,EMRO,416,483410,7,8615
2021-03-01,Morocco,EMRO,244,483654,8,8623
2021-03-02,Morocco,EMRO,112,483766,14,8637
2021-03-03,Morocco,EMRO,393,484159,8,8645
2021-03-04,Morocco,EMRO,594,484753,8,8653
2021-03-05,Morocco,EMRO,394,485147,16,8669
2021-03-06,Morocco,EMRO,420,485567,4,8673
2021-03-07,Morocco,EMRO,407,485974,3,8676
2021-03-08,Morocco,EMRO,249,486223,6,8682
2021-03-09,Morocco,EMRO,102,486325,1,8683
2021-03-10,Morocco,EMRO,508,486833,12,8695
2021-03-11,Morocco,EMRO,453,487286,10,8705
2021-03-12,Morocco,EMRO,464,487750,7,8712
2021-03-13,Morocco,EMRO,431,488181,4,8716
2021-03-14,Morocco,EMRO,451,488632,2,8718
2021-03-15,Morocco,EMRO,305,488937,5,8723
2021-03-16,Morocco,EMRO,159,489096,10,8733
2021-03-17,Morocco,EMRO,526,489622,4,8737
2021-03-18,Morocco,EMRO,466,490088,8,8745
2021-03-19,Morocco,EMRO,487,490575,3,8748
2021-03-20,Morocco,EMRO,444,491019,7,8755
2021-03-21,Morocco,EMRO,444,491463,8,8763
2021-03-22,Morocco,EMRO,246,491709,4,8767
2021-03-23,Morocco,EMRO,125,491834,2,8769
2021-03-24,Morocco,EMRO,569,492403,6,8775
2021-03-25,Morocco,EMRO,439,492842,11,8786
2021-03-26,Morocco,EMRO,511,493353,2,8788
2021-03-27,Morocco,EMRO,514,493867,5,8793
2021-03-28,Morocco,EMRO,491,494358,5,8798
2021-03-29,Morocco,EMRO,301,494659,0,8798
2021-03-30,Morocco,EMRO,97,494756,9,8807
2021-03-31,Morocco,EMRO,665,495421,6,8813
2021-04-01,Morocco,EMRO,676,496097,5,8818
2021-04-02,Morocco,EMRO,579,496676,7,8825
2021-04-03,Morocco,EMRO,581,497257,10,8835
2021-04-04,Morocco,EMRO,575,497832,7,8842
2021-04-05,Morocco,EMRO,365,498197,8,8850
2021-04-06,Morocco,EMRO,132,498329,7,8857
2021-04-07,Morocco,EMRO,696,499025,8,8865
2021-04-08,Morocco,EMRO,663,499688,2,8867
2021-04-09,Morocco,EMRO,635,500323,6,8873
2021-04-10,Morocco,EMRO,625,500948,12,8885
2021-04-11,Morocco,EMRO,740,501688,6,8891
2021-04-12,Morocco,EMRO,414,502102,9,8900
2021-04-13,Morocco,EMRO,175,502277,9,8909
2021-04-14,Morocco,EMRO,684,502961,6,8915
2021-04-15,Morocco,EMRO,703,503664,5,8920
2021-04-16,Morocco,EMRO,596,504260,7,8927
2021-04-17,Morocco,EMRO,587,504847,7,8934
2021-04-18,Morocco,EMRO,600,505447,10,8944
2021-04-19,Morocco,EMRO,364,505811,1,8945
2021-04-20,Morocco,EMRO,138,505949,7,8952
2021-04-21,Morocco,EMRO,720,506669,7,8959
2021-04-22,Morocco,EMRO,669,507338,10,8969
2021-04-23,Morocco,EMRO,600,507938,7,8976
2021-04-24,Morocco,EMRO,592,508530,7,8983
2021-04-25,Morocco,EMRO,507,509037,5,8988
2021-04-26,Morocco,EMRO,326,509363,4,8992
2021-04-27,Morocco,EMRO,102,509465,7,8999
2021-04-28,Morocco,EMRO,507,509972,6,9005
2021-04-29,Morocco,EMRO,493,510465,10,9015
2021-04-30,Morocco,EMRO,421,510886,5,9020
2021-05-01,Morocco,EMRO,363,511249,3,9023
2021-05-02,Morocco,EMRO,313,511562,3,9026
2021-05-03,Morocco,EMRO,294,511856,2,9028
2021-05-04,Morocco,EMRO,56,511912,4,9032
2021-05-05,Morocco,EMRO,373,512285,6,9038
2021-05-06,Morocco,EMRO,371,512656,5,9043
2021-05-07,Morocco,EMRO,360,513016,6,9049
2021-05-08,Morocco,EMRO,298,513314,8,9057
2021-05-09,Morocco,EMRO,314,513628,7,9064
2021-05-10,Morocco,EMRO,236,513864,8,9072
2021-05-11,Morocco,EMRO,58,513922,5,9077
2021-05-12,Morocco,EMRO,242,514164,6,9083
2021-05-13,Morocco,EMRO,268,514432,5,9088
2021-05-14,Morocco,EMRO,238,514670,3,9091
2021-05-15,Morocco,EMRO,35,514705,1,9092
2021-05-16,Morocco,EMRO,112,514817,6,9098
2021-05-17,Morocco,EMRO,127,514944,0,9098
2021-05-18,Morocco,EMRO,79,515023,6,9104
2021-05-19,Morocco,EMRO,397,515420,1,9105
2021-05-20,Morocco,EMRO,338,515758,1,9106
2021-05-21,Morocco,EMRO,333,516091,3,9109
2021-05-22,Morocco,EMRO,358,516449,6,9115
2021-05-23,Morocco,EMRO,363,516812,4,9119
2021-05-24,Morocco,EMRO,211,517023,3,9122
2021-05-25,Morocco,EMRO,90,517113,4,9126
2021-05-26,Morocco,EMRO,310,517423,3,9129
2021-05-27,Morocco,EMRO,385,517808,2,9131
2021-05-28,Morocco,EMRO,314,518122,3,9134
2021-05-29,Morocco,EMRO,336,518458,1,9135
2021-05-30,Morocco,EMRO,410,518868,3,9138
2021-01-01,Mozambique,AFRO,269,18642,3,166
2021-01-02,Mozambique,AFRO,0,18642,0,166
2021-01-03,Mozambique,AFRO,326,18968,2,168
2021-01-04,Mozambique,AFRO,341,19309,1,169
2021-01-05,Mozambique,AFRO,154,19463,2,171
2021-01-06,Mozambique,AFRO,0,19463,0,171
2021-01-07,Mozambique,AFRO,204,19667,1,172
2021-01-08,Mozambique,AFRO,294,19961,4,176
2021-01-09,Mozambique,AFRO,521,20482,5,181
2021-01-10,Mozambique,AFRO,879,21361,6,187
2021-01-11,Mozambique,AFRO,578,21939,5,192
2021-01-12,Mozambique,AFRO,395,22334,5,197
2021-01-13,Mozambique,AFRO,662,22996,4,201
2021-01-14,Mozambique,AFRO,730,23726,4,205
2021-01-15,Mozambique,AFRO,543,24269,6,211
2021-01-16,Mozambique,AFRO,0,24269,0,211
2021-01-17,Mozambique,AFRO,1593,25862,23,234
2021-01-18,Mozambique,AFRO,689,26551,7,241
2021-01-19,Mozambique,AFRO,895,27446,8,249
2021-01-20,Mozambique,AFRO,824,28270,4,253
2021-01-21,Mozambique,AFRO,1126,29396,18,271
2021-01-22,Mozambique,AFRO,829,30225,12,283
2021-01-23,Mozambique,AFRO,623,30848,7,290
2021-01-24,Mozambique,AFRO,780,31628,7,297
2021-01-25,Mozambique,AFRO,790,32418,8,305
2021-01-26,Mozambique,AFRO,363,32781,14,319
2021-01-27,Mozambique,AFRO,1274,34055,10,329
2021-01-28,Mozambique,AFRO,871,34926,7,336
2021-01-29,Mozambique,AFRO,907,35833,11,347
2021-01-30,Mozambique,AFRO,1275,37108,9,356
2021-01-31,Mozambique,AFRO,597,37705,7,363
2021-02-01,Mozambique,AFRO,949,38654,4,367
2021-02-02,Mozambique,AFRO,806,39460,19,386
2021-02-03,Mozambique,AFRO,800,40260,17,403
2021-02-04,Mozambique,AFRO,1173,41433,12,415
2021-02-05,Mozambique,AFRO,1055,42488,12,427
2021-02-06,Mozambique,AFRO,696,43184,9,436
2021-02-07,Mozambique,AFRO,928,44112,15,451
2021-02-08,Mozambique,AFRO,488,44600,9,460
2021-02-09,Mozambique,AFRO,312,44912,5,465
2021-02-10,Mozambique,AFRO,873,45785,15,480
2021-02-11,Mozambique,AFRO,951,46736,6,486
2021-02-12,Mozambique,AFRO,1054,47790,15,501
2021-02-13,Mozambique,AFRO,0,47790,0,501
2021-02-14,Mozambique,AFRO,798,48588,13,514
2021-02-15,Mozambique,AFRO,1677,50265,21,535
2021-02-16,Mozambique,AFRO,426,50691,12,547
2021-02-17,Mozambique,AFRO,1109,51800,4,551
2021-02-18,Mozambique,AFRO,829,52629,10,561
2021-02-19,Mozambique,AFRO,898,53527,10,571
2021-02-20,Mozambique,AFRO,677,54204,12,583
2021-02-21,Mozambique,AFRO,764,54968,4,587
2021-02-22,Mozambique,AFRO,675,55643,8,595
2021-02-23,Mozambique,AFRO,517,56160,4,599
2021-02-24,Mozambique,AFRO,435,56595,7,606
2021-02-25,Mozambique,AFRO,325,56920,2,608
2021-02-26,Mozambique,AFRO,677,57597,5,613
2021-02-27,Mozambique,AFRO,621,58218,7,620
2021-02-28,Mozambique,AFRO,554,58772,10,630
2021-03-01,Mozambique,AFRO,578,59350,11,641
2021-03-02,Mozambique,AFRO,257,59607,12,653
2021-03-03,Mozambique,AFRO,307,59914,12,665
2021-03-04,Mozambique,AFRO,481,60395,3,668
2021-03-05,Mozambique,AFRO,775,61170,6,674
2021-03-06,Mozambique,AFRO,359,61529,6,680
2021-03-07,Mozambique,AFRO,602,62131,6,686
2021-03-08,Mozambique,AFRO,389,62520,7,693
2021-03-09,Mozambique,AFRO,183,62703,5,698
2021-03-10,Mozambique,AFRO,179,62882,2,700
2021-03-11,Mozambique,AFRO,292,63174,7,707
2021-03-12,Mozambique,AFRO,471,63645,4,711
2021-03-13,Mozambique,AFRO,359,64004,8,719
2021-03-14,Mozambique,AFRO,292,64296,3,722
2021-03-15,Mozambique,AFRO,220,64516,3,725
2021-03-16,Mozambique,AFRO,0,64516,0,725
2021-03-17,Mozambique,AFRO,413,64929,7,732
2021-03-18,Mozambique,AFRO,268,65197,1,733
2021-03-19,Mozambique,AFRO,255,65452,4,737
2021-03-20,Mozambique,AFRO,347,65799,3,740
2021-03-21,Mozambique,AFRO,0,65799,0,740
2021-03-22,Mozambique,AFRO,413,66212,6,746
2021-03-23,Mozambique,AFRO,94,66306,1,747
2021-03-24,Mozambique,AFRO,190,66496,3,750
2021-03-25,Mozambique,AFRO,153,66649,2,752
2021-03-26,Mozambique,AFRO,113,66762,1,753
2021-03-27,Mozambique,AFRO,117,66879,5,758
2021-03-28,Mozambique,AFRO,132,67011,4,762
2021-03-29,Mozambique,AFRO,186,67197,2,764
2021-03-30,Mozambique,AFRO,95,67292,5,769
2021-03-31,Mozambique,AFRO,174,67466,3,772
2021-04-01,Mozambique,AFRO,113,67579,3,775
2021-04-02,Mozambique,AFRO,150,67729,0,775
2021-04-03,Mozambique,AFRO,194,67923,3,778
2021-04-04,Mozambique,AFRO,82,68005,4,782
2021-04-05,Mozambique,AFRO,114,68119,0,782
2021-04-06,Mozambique,AFRO,108,68227,0,782
2021-04-07,Mozambique,AFRO,0,68227,0,782
2021-04-08,Mozambique,AFRO,204,68431,3,785
2021-04-09,Mozambique,AFRO,35,68466,3,788
2021-04-10,Mozambique,AFRO,0,68466,0,788
2021-04-11,Mozambique,AFRO,112,68578,1,789
2021-04-12,Mozambique,AFRO,180,68758,2,791
2021-04-13,Mozambique,AFRO,34,68792,0,791
2021-04-14,Mozambique,AFRO,78,68870,3,794
2021-04-15,Mozambique,AFRO,57,68927,0,794
2021-04-16,Mozambique,AFRO,75,69002,0,794
2021-04-17,Mozambique,AFRO,65,69067,3,797
2021-04-18,Mozambique,AFRO,67,69134,1,798
2021-04-19,Mozambique,AFRO,69,69203,0,798
2021-04-20,Mozambique,AFRO,25,69228,2,800
2021-04-21,Mozambique,AFRO,81,69309,2,802
2021-04-22,Mozambique,AFRO,128,69437,3,805
2021-04-23,Mozambique,AFRO,86,69523,0,805
2021-04-24,Mozambique,AFRO,74,69597,1,806
2021-04-25,Mozambique,AFRO,46,69643,1,807
2021-04-26,Mozambique,AFRO,22,69665,0,807
2021-04-27,Mozambique,AFRO,50,69715,2,809
2021-04-28,Mozambique,AFRO,47,69762,5,814
2021-04-29,Mozambique,AFRO,42,69804,0,814
2021-04-30,Mozambique,AFRO,60,69864,0,814
2021-05-01,Mozambique,AFRO,53,69917,0,814
2021-05-02,Mozambique,AFRO,48,69965,0,814
2021-05-03,Mozambique,AFRO,19,69984,1,815
2021-05-04,Mozambique,AFRO,16,70000,0,815
2021-05-05,Mozambique,AFRO,31,70031,2,817
2021-05-06,Mozambique,AFRO,21,70052,1,818
2021-05-07,Mozambique,AFRO,56,70108,1,819
2021-05-08,Mozambique,AFRO,30,70138,1,820
2021-05-09,Mozambique,AFRO,28,70166,1,821
2021-05-10,Mozambique,AFRO,46,70212,2,823
2021-05-11,Mozambique,AFRO,26,70238,2,825
2021-05-12,Mozambique,AFRO,29,70267,1,826
2021-05-13,Mozambique,AFRO,20,70287,0,826
2021-05-14,Mozambique,AFRO,28,70315,0,826
2021-05-15,Mozambique,AFRO,46,70361,0,826
2021-05-16,Mozambique,AFRO,49,70410,0,826
2021-05-17,Mozambique,AFRO,32,70442,0,826
2021-05-18,Mozambique,AFRO,21,70463,2,828
2021-05-19,Mozambique,AFRO,22,70485,0,828
2021-05-20,Mozambique,AFRO,24,70509,0,828
2021-05-21,Mozambique,AFRO,18,70527,0,828
2021-05-22,Mozambique,AFRO,24,70551,3,831
2021-05-23,Mozambique,AFRO,17,70568,0,831
2021-05-24,Mozambique,AFRO,22,70590,0,831
2021-05-25,Mozambique,AFRO,16,70606,0,831
2021-05-26,Mozambique,AFRO,30,70636,2,833
2021-05-27,Mozambique,AFRO,15,70651,1,834
2021-05-28,Mozambique,AFRO,22,70673,0,834
2021-05-29,Mozambique,AFRO,24,70697,1,835
2021-05-30,Mozambique,AFRO,27,70724,1,836
2021-01-01,Myanmar,SEARO,423,125053,15,2697
2021-01-02,Myanmar,SEARO,563,125616,14,2711
2021-01-03,Myanmar,SEARO,729,126345,17,2728
2021-01-04,Myanmar,SEARO,590,126935,16,2744
2021-01-05,Myanmar,SEARO,647,127582,22,2766
2021-01-06,Myanmar,SEARO,596,128178,19,2785
2021-01-07,Myanmar,SEARO,594,128772,14,2799
2021-01-08,Myanmar,SEARO,711,129483,13,2812
2021-01-09,Myanmar,SEARO,566,130049,14,2826
2021-01-10,Myanmar,SEARO,555,130604,20,2846
2021-01-11,Myanmar,SEARO,582,131186,12,2858
2021-01-12,Myanmar,SEARO,551,131737,20,2878
2021-01-13,Myanmar,SEARO,523,132260,24,2902
2021-01-14,Myanmar,SEARO,605,132865,10,2912
2021-01-15,Myanmar,SEARO,513,133378,14,2926
2021-01-16,Myanmar,SEARO,491,133869,16,2942
2021-01-17,Myanmar,SEARO,449,134318,13,2955
2021-01-18,Myanmar,SEARO,477,134795,18,2973
2021-01-19,Myanmar,SEARO,448,135243,13,2986
2021-01-20,Myanmar,SEARO,478,135721,11,2997
2021-01-21,Myanmar,SEARO,445,136166,16,3013
2021-01-22,Myanmar,SEARO,425,136591,18,3031
2021-01-23,Myanmar,SEARO,507,137098,14,3045
2021-01-24,Myanmar,SEARO,476,137574,17,3062
2021-01-25,Myanmar,SEARO,383,137957,7,3069
2021-01-26,Myanmar,SEARO,411,138368,13,3082
2021-01-27,Myanmar,SEARO,434,138802,7,3089
2021-01-28,Myanmar,SEARO,350,139152,14,3103
2021-01-29,Myanmar,SEARO,363,139515,12,3115
2021-01-30,Myanmar,SEARO,349,139864,10,3125
2021-01-31,Myanmar,SEARO,281,140145,6,3131
2021-02-01,Myanmar,SEARO,209,140354,7,3138
2021-02-02,Myanmar,SEARO,310,140664,8,3146
2021-02-03,Myanmar,SEARO,263,140927,14,3160
2021-02-04,Myanmar,SEARO,177,141104,3,3163
2021-02-05,Myanmar,SEARO,200,141304,5,3168
2021-02-06,Myanmar,SEARO,0,141304,0,3168
2021-02-07,Myanmar,SEARO,0,141304,0,3168
2021-02-08,Myanmar,SEARO,123,141427,9,3177
2021-02-09,Myanmar,SEARO,21,141448,3,3180
2021-02-10,Myanmar,SEARO,39,141487,1,3181
2021-02-11,Myanmar,SEARO,35,141522,3,3184
2021-02-12,Myanmar,SEARO,21,141543,4,3188
2021-02-13,Myanmar,SEARO,42,141585,0,3188
2021-02-14,Myanmar,SEARO,16,141601,1,3189
2021-02-15,Myanmar,SEARO,36,141637,1,3190
2021-02-16,Myanmar,SEARO,22,141659,2,3192
2021-02-17,Myanmar,SEARO,31,141690,0,3192
2021-02-18,Myanmar,SEARO,19,141709,0,3192
2021-02-19,Myanmar,SEARO,0,141709,0,3192
2021-02-20,Myanmar,SEARO,26,141735,4,3196
2021-02-21,Myanmar,SEARO,15,141750,0,3196
2021-02-22,Myanmar,SEARO,11,141761,1,3197
2021-02-23,Myanmar,SEARO,22,141783,0,3197
2021-02-24,Myanmar,SEARO,33,141816,0,3197
2021-02-25,Myanmar,SEARO,25,141841,1,3198
2021-02-26,Myanmar,SEARO,34,141875,0,3198
2021-02-27,Myanmar,SEARO,15,141890,1,3199
2021-02-28,Myanmar,SEARO,6,141896,0,3199
2021-03-01,Myanmar,SEARO,20,141916,0,3199
2021-03-02,Myanmar,SEARO,49,141965,0,3199
2021-03-03,Myanmar,SEARO,19,141984,0,3199
2021-03-04,Myanmar,SEARO,16,142000,1,3200
2021-03-05,Myanmar,SEARO,0,142000,0,3200
2021-03-06,Myanmar,SEARO,23,142023,0,3200
2021-03-07,Myanmar,SEARO,11,142034,0,3200
2021-03-08,Myanmar,SEARO,11,142045,0,3200
2021-03-09,Myanmar,SEARO,14,142059,0,3200
2021-03-10,Myanmar,SEARO,14,142073,0,3200
2021-03-11,Myanmar,SEARO,41,142114,1,3201
2021-03-12,Myanmar,SEARO,8,142122,0,3201
2021-03-13,Myanmar,SEARO,14,142136,0,3201
2021-03-14,Myanmar,SEARO,11,142147,1,3202
2021-03-15,Myanmar,SEARO,0,142147,0,3202
2021-03-16,Myanmar,SEARO,15,142162,1,3203
2021-03-17,Myanmar,SEARO,28,142190,0,3203
2021-03-18,Myanmar,SEARO,22,142212,1,3204
2021-03-19,Myanmar,SEARO,0,142212,0,3204
2021-03-20,Myanmar,SEARO,0,142212,0,3204
2021-03-21,Myanmar,SEARO,0,142212,0,3204
2021-03-22,Myanmar,SEARO,34,142246,0,3204
2021-03-23,Myanmar,SEARO,46,142292,0,3204
2021-03-24,Myanmar,SEARO,23,142315,0,3204
2021-03-25,Myanmar,SEARO,25,142340,1,3205
2021-03-26,Myanmar,SEARO,19,142359,1,3206
2021-03-27,Myanmar,SEARO,18,142377,0,3206
2021-03-28,Myanmar,SEARO,8,142385,0,3206
2021-03-29,Myanmar,SEARO,8,142393,0,3206
2021-03-30,Myanmar,SEARO,19,142412,0,3206
2021-03-31,Myanmar,SEARO,22,142434,0,3206
2021-04-01,Myanmar,SEARO,32,142466,0,3206
2021-04-02,Myanmar,SEARO,13,142479,0,3206
2021-04-03,Myanmar,SEARO,18,142497,0,3206
2021-04-04,Myanmar,SEARO,14,142511,0,3206
2021-04-05,Myanmar,SEARO,19,142530,0,3206
2021-04-06,Myanmar,SEARO,11,142541,0,3206
2021-04-07,Myanmar,SEARO,8,142549,0,3206
2021-04-08,Myanmar,SEARO,9,142558,0,3206
2021-04-09,Myanmar,SEARO,14,142572,0,3206
2021-04-10,Myanmar,SEARO,4,142576,0,3206
2021-04-11,Myanmar,SEARO,11,142587,0,3206
2021-04-12,Myanmar,SEARO,9,142596,0,3206
2021-04-13,Myanmar,SEARO,9,142605,0,3206
2021-04-14,Myanmar,SEARO,5,142610,0,3206
2021-04-15,Myanmar,SEARO,7,142617,0,3206
2021-04-16,Myanmar,SEARO,2,142619,0,3206
2021-04-17,Myanmar,SEARO,9,142628,0,3206
2021-04-18,Myanmar,SEARO,16,142644,0,3206
2021-04-19,Myanmar,SEARO,0,142644,0,3206
2021-04-20,Myanmar,SEARO,0,142644,0,3206
2021-04-21,Myanmar,SEARO,17,142661,0,3206
2021-04-22,Myanmar,SEARO,13,142674,0,3206
2021-04-23,Myanmar,SEARO,13,142687,0,3206
2021-04-24,Myanmar,SEARO,17,142704,0,3206
2021-04-25,Myanmar,SEARO,18,142722,1,3207
2021-04-26,Myanmar,SEARO,18,142740,0,3207
2021-04-27,Myanmar,SEARO,38,142778,1,3208
2021-04-28,Myanmar,SEARO,12,142790,1,3209
2021-04-29,Myanmar,SEARO,10,142800,0,3209
2021-04-30,Myanmar,SEARO,17,142817,0,3209
2021-05-01,Myanmar,SEARO,14,142831,0,3209
2021-05-02,Myanmar,SEARO,7,142838,0,3209
2021-05-03,Myanmar,SEARO,4,142842,0,3209
2021-05-04,Myanmar,SEARO,16,142858,0,3209
2021-05-05,Myanmar,SEARO,16,142874,1,3210
2021-05-06,Myanmar,SEARO,29,142903,0,3210
2021-05-07,Myanmar,SEARO,31,142934,0,3210
2021-05-08,Myanmar,SEARO,13,142947,0,3210
2021-05-09,Myanmar,SEARO,7,142954,0,3210
2021-05-10,Myanmar,SEARO,9,142963,0,3210
2021-05-11,Myanmar,SEARO,11,142974,0,3210
2021-05-12,Myanmar,SEARO,23,142997,1,3211
2021-05-13,Myanmar,SEARO,7,143004,1,3212
2021-05-14,Myanmar,SEARO,31,143035,0,3212
2021-05-15,Myanmar,SEARO,24,143059,0,3212
2021-05-16,Myanmar,SEARO,6,143065,0,3212
2021-05-17,Myanmar,SEARO,32,143097,1,3213
2021-05-18,Myanmar,SEARO,34,143131,0,3213
2021-05-19,Myanmar,SEARO,28,143159,3,3216
2021-05-20,Myanmar,SEARO,24,143183,0,3216
2021-05-21,Myanmar,SEARO,28,143211,0,3216
2021-05-22,Myanmar,SEARO,17,143228,0,3216
2021-05-23,Myanmar,SEARO,6,143234,0,3216
2021-05-24,Myanmar,SEARO,28,143262,0,3216
2021-05-25,Myanmar,SEARO,34,143296,0,3216
2021-05-26,Myanmar,SEARO,22,143318,0,3216
2021-05-27,Myanmar,SEARO,96,143414,0,3216
2021-05-28,Myanmar,SEARO,72,143486,0,3216
2021-05-29,Myanmar,SEARO,40,143526,0,3216
2021-05-30,Myanmar,SEARO,45,143571,0,3216
2021-01-01,Namibia,AFRO,608,23941,9,205
2021-01-02,Namibia,AFRO,0,23941,0,205
2021-01-03,Namibia,AFRO,713,24654,8,213
2021-01-04,Namibia,AFRO,462,25116,2,215
2021-01-05,Namibia,AFRO,270,25386,3,218
2021-01-06,Namibia,AFRO,501,25887,4,222
2021-01-07,Namibia,AFRO,423,26310,13,235
2021-01-08,Namibia,AFRO,372,26682,5,240
2021-01-09,Namibia,AFRO,573,27255,0,240
2021-01-10,Namibia,AFRO,468,27723,11,251
2021-01-11,Namibia,AFRO,536,28259,3,254
2021-01-12,Namibia,AFRO,343,28602,7,261
2021-01-13,Namibia,AFRO,269,28871,3,264
2021-01-14,Namibia,AFRO,312,29183,7,271
2021-01-15,Namibia,AFRO,387,29570,4,275
2021-01-16,Namibia,AFRO,0,29570,0,275
2021-01-17,Namibia,AFRO,628,30198,5,280
2021-01-18,Namibia,AFRO,165,30363,5,285
2021-01-19,Namibia,AFRO,390,30753,8,293
2021-01-20,Namibia,AFRO,242,30995,3,296
2021-01-21,Namibia,AFRO,258,31253,5,301
2021-01-22,Namibia,AFRO,262,31515,9,310
2021-01-23,Namibia,AFRO,333,31848,1,311
2021-01-24,Namibia,AFRO,365,32213,6,317
2021-01-25,Namibia,AFRO,212,32425,2,319
2021-01-26,Namibia,AFRO,225,32650,0,319
2021-01-27,Namibia,AFRO,307,32957,9,328
2021-01-28,Namibia,AFRO,298,33255,4,332
2021-01-29,Namibia,AFRO,194,33449,0,332
2021-01-30,Namibia,AFRO,243,33692,10,342
2021-01-31,Namibia,AFRO,136,33828,8,350
2021-02-01,Namibia,AFRO,112,33940,2,352
2021-02-02,Namibia,AFRO,228,34168,1,353
2021-02-03,Namibia,AFRO,102,34270,2,355
2021-02-04,Namibia,AFRO,102,34372,4,359
2021-02-05,Namibia,AFRO,147,34519,5,364
2021-02-06,Namibia,AFRO,96,34615,6,370
2021-02-07,Namibia,AFRO,230,34845,1,371
2021-02-08,Namibia,AFRO,129,34974,4,375
2021-02-09,Namibia,AFRO,96,35070,0,375
2021-02-10,Namibia,AFRO,131,35201,2,377
2021-02-11,Namibia,AFRO,41,35242,1,378
2021-02-12,Namibia,AFRO,111,35353,4,382
2021-02-13,Namibia,AFRO,201,35554,2,384
2021-02-14,Namibia,AFRO,243,35797,2,386
2021-02-15,Namibia,AFRO,173,35970,2,388
2021-02-16,Namibia,AFRO,272,36242,1,389
2021-02-17,Namibia,AFRO,124,36366,3,392
2021-02-18,Namibia,AFRO,135,36501,2,394
2021-02-19,Namibia,AFRO,179,36680,0,394
2021-02-20,Namibia,AFRO,313,36993,0,394
2021-02-21,Namibia,AFRO,302,37295,8,402
2021-02-22,Namibia,AFRO,188,37483,0,402
2021-02-23,Namibia,AFRO,259,37742,4,406
2021-02-24,Namibia,AFRO,154,37896,5,411
2021-02-25,Namibia,AFRO,80,37976,2,413
2021-02-26,Namibia,AFRO,230,38206,3,416
2021-02-27,Namibia,AFRO,218,38424,2,418
2021-02-28,Namibia,AFRO,220,38644,0,418
2021-03-01,Namibia,AFRO,203,38847,6,424
2021-03-02,Namibia,AFRO,186,39033,4,428
2021-03-03,Namibia,AFRO,149,39182,2,430
2021-03-04,Namibia,AFRO,115,39297,4,434
2021-03-05,Namibia,AFRO,169,39466,2,436
2021-03-06,Namibia,AFRO,0,39466,0,436
2021-03-07,Namibia,AFRO,411,39877,1,437
2021-03-08,Namibia,AFRO,153,40030,1,438
2021-03-09,Namibia,AFRO,157,40187,1,439
2021-03-10,Namibia,AFRO,150,40337,5,444
2021-03-11,Namibia,AFRO,114,40451,4,448
2021-03-12,Namibia,AFRO,180,40631,2,450
2021-03-13,Namibia,AFRO,179,40810,6,456
2021-03-14,Namibia,AFRO,215,41025,2,458
2021-03-15,Namibia,AFRO,175,41200,0,458
2021-03-16,Namibia,AFRO,224,41424,7,465
2021-03-17,Namibia,AFRO,42,41466,9,474
2021-03-18,Namibia,AFRO,80,41546,3,477
2021-03-19,Namibia,AFRO,138,41684,6,483
2021-03-20,Namibia,AFRO,0,41684,0,483
2021-03-21,Namibia,AFRO,519,42203,9,492
2021-03-22,Namibia,AFRO,274,42477,0,492
2021-03-23,Namibia,AFRO,176,42653,2,494
2021-03-24,Namibia,AFRO,118,42771,4,498
2021-03-25,Namibia,AFRO,93,42864,4,502
2021-03-26,Namibia,AFRO,146,43010,0,502
2021-03-27,Namibia,AFRO,169,43179,2,504
2021-03-28,Namibia,AFRO,320,43499,4,508
2021-03-29,Namibia,AFRO,133,43632,1,509
2021-03-30,Namibia,AFRO,291,43923,4,513
2021-03-31,Namibia,AFRO,128,44051,7,520
2021-04-01,Namibia,AFRO,88,44139,3,523
2021-04-02,Namibia,AFRO,235,44374,5,528
2021-04-03,Namibia,AFRO,207,44581,3,531
2021-04-04,Namibia,AFRO,0,44581,0,531
2021-04-05,Namibia,AFRO,209,44790,6,537
2021-04-06,Namibia,AFRO,96,44886,1,538
2021-04-07,Namibia,AFRO,122,45008,4,542
2021-04-08,Namibia,AFRO,31,45039,6,548
2021-04-09,Namibia,AFRO,15,45054,9,557
2021-04-10,Namibia,AFRO,139,45193,2,559
2021-04-11,Namibia,AFRO,130,45323,5,564
2021-04-12,Namibia,AFRO,204,45527,6,570
2021-04-13,Namibia,AFRO,260,45787,5,575
2021-04-14,Namibia,AFRO,162,45949,11,586
2021-04-15,Namibia,AFRO,102,46051,6,592
2021-04-16,Namibia,AFRO,134,46185,4,596
2021-04-17,Namibia,AFRO,145,46330,3,599
2021-04-18,Namibia,AFRO,185,46515,3,602
2021-04-19,Namibia,AFRO,140,46655,2,604
2021-04-20,Namibia,AFRO,118,46773,0,604
2021-04-21,Namibia,AFRO,102,46875,4,608
2021-04-22,Namibia,AFRO,79,46954,1,609
2021-04-23,Namibia,AFRO,218,47172,7,616
2021-04-24,Namibia,AFRO,211,47383,6,622
2021-04-25,Namibia,AFRO,288,47671,2,624
2021-04-26,Namibia,AFRO,105,47776,1,625
2021-04-27,Namibia,AFRO,165,47941,3,628
2021-04-28,Namibia,AFRO,70,48011,6,634
2021-04-29,Namibia,AFRO,166,48177,4,638
2021-04-30,Namibia,AFRO,0,48177,0,638
2021-05-01,Namibia,AFRO,477,48654,5,643
2021-05-02,Namibia,AFRO,0,48654,0,643
2021-05-03,Namibia,AFRO,248,48902,6,649
2021-05-04,Namibia,AFRO,249,49151,10,659
2021-05-05,Namibia,AFRO,52,49203,4,663
2021-05-06,Namibia,AFRO,120,49323,4,667
2021-05-07,Namibia,AFRO,137,49460,7,674
2021-05-08,Namibia,AFRO,92,49552,8,682
2021-05-09,Namibia,AFRO,341,49893,1,683
2021-05-10,Namibia,AFRO,177,50070,6,689
2021-05-11,Namibia,AFRO,139,50209,2,691
2021-05-12,Namibia,AFRO,92,50301,5,696
2021-05-13,Namibia,AFRO,214,50515,6,702
2021-05-14,Namibia,AFRO,218,50733,2,704
2021-05-15,Namibia,AFRO,0,50733,0,704
2021-05-16,Namibia,AFRO,380,51113,6,710
2021-05-17,Namibia,AFRO,105,51218,8,718
2021-05-18,Namibia,AFRO,172,51390,5,723
2021-05-19,Namibia,AFRO,246,51636,10,733
2021-05-20,Namibia,AFRO,191,51827,6,739
2021-05-21,Namibia,AFRO,295,52122,10,749
2021-05-22,Namibia,AFRO,311,52433,10,759
2021-05-23,Namibia,AFRO,279,52712,4,763
2021-05-24,Namibia,AFRO,234,52946,2,765
2021-05-25,Namibia,AFRO,261,53207,9,774
2021-05-26,Namibia,AFRO,225,53432,5,779
2021-05-27,Namibia,AFRO,171,53603,10,789
2021-05-28,Namibia,AFRO,300,53903,6,795
2021-05-29,Namibia,AFRO,365,54268,12,807
2021-05-30,Namibia,AFRO,391,54659,11,818
2021-01-01,Nauru,WPRO,0,0,0,0
2021-01-02,Nauru,WPRO,0,0,0,0
2021-01-03,Nauru,WPRO,0,0,0,0
2021-01-04,Nauru,WPRO,0,0,0,0
2021-01-05,Nauru,WPRO,0,0,0,0
2021-01-06,Nauru,WPRO,0,0,0,0
2021-01-07,Nauru,WPRO,0,0,0,0
2021-01-08,Nauru,WPRO,0,0,0,0
2021-01-09,Nauru,WPRO,0,0,0,0
2021-01-10,Nauru,WPRO,0,0,0,0
2021-01-11,Nauru,WPRO,0,0,0,0
2021-01-12,Nauru,WPRO,0,0,0,0
2021-01-13,Nauru,WPRO,0,0,0,0
2021-01-14,Nauru,WPRO,0,0,0,0
2021-01-15,Nauru,WPRO,0,0,0,0
2021-01-16,Nauru,WPRO,0,0,0,0
2021-01-17,Nauru,WPRO,0,0,0,0
2021-01-18,Nauru,WPRO,0,0,0,0
2021-01-19,Nauru,WPRO,0,0,0,0
2021-01-20,Nauru,WPRO,0,0,0,0
2021-01-21,Nauru,WPRO,0,0,0,0
2021-01-22,Nauru,WPRO,0,0,0,0
2021-01-23,Nauru,WPRO,0,0,0,0
2021-01-24,Nauru,WPRO,0,0,0,0
2021-01-25,Nauru,WPRO,0,0,0,0
2021-01-26,Nauru,WPRO,0,0,0,0
2021-01-27,Nauru,WPRO,0,0,0,0
2021-01-28,Nauru,WPRO,0,0,0,0
2021-01-29,Nauru,WPRO,0,0,0,0
2021-01-30,Nauru,WPRO,0,0,0,0
2021-01-31,Nauru,WPRO,0,0,0,0
2021-02-01,Nauru,WPRO,0,0,0,0
2021-02-02,Nauru,WPRO,0,0,0,0
2021-02-03,Nauru,WPRO,0,0,0,0
2021-02-04,Nauru,WPRO,0,0,0,0
2021-02-05,Nauru,WPRO,0,0,0,0
2021-02-06,Nauru,WPRO,0,0,0,0
2021-02-07,Nauru,WPRO,0,0,0,0
2021-02-08,Nauru,WPRO,0,0,0,0
2021-02-09,Nauru,WPRO,0,0,0,0
2021-02-10,Nauru,WPRO,0,0,0,0
2021-02-11,Nauru,WPRO,0,0,0,0
2021-02-12,Nauru,WPRO,0,0,0,0
2021-02-13,Nauru,WPRO,0,0,0,0
2021-02-14,Nauru,WPRO,0,0,0,0
2021-02-15,Nauru,WPRO,0,0,0,0
2021-02-16,Nauru,WPRO,0,0,0,0
2021-02-17,Nauru,WPRO,0,0,0,0
2021-02-18,Nauru,WPRO,0,0,0,0
2021-02-19,Nauru,WPRO,0,0,0,0
2021-02-20,Nauru,WPRO,0,0,0,0
2021-02-21,Nauru,WPRO,0,0,0,0
2021-02-22,Nauru,WPRO,0,0,0,0
2021-02-23,Nauru,WPRO,0,0,0,0
2021-02-24,Nauru,WPRO,0,0,0,0
2021-02-25,Nauru,WPRO,0,0,0,0
2021-02-26,Nauru,WPRO,0,0,0,0
2021-02-27,Nauru,WPRO,0,0,0,0
2021-02-28,Nauru,WPRO,0,0,0,0
2021-03-01,Nauru,WPRO,0,0,0,0
2021-03-02,Nauru,WPRO,0,0,0,0
2021-03-03,Nauru,WPRO,0,0,0,0
2021-03-04,Nauru,WPRO,0,0,0,0
2021-03-05,Nauru,WPRO,0,0,0,0
2021-03-06,Nauru,WPRO,0,0,0,0
2021-03-07,Nauru,WPRO,0,0,0,0
2021-03-08,Nauru,WPRO,0,0,0,0
2021-03-09,Nauru,WPRO,0,0,0,0
2021-03-10,Nauru,WPRO,0,0,0,0
2021-03-11,Nauru,WPRO,0,0,0,0
2021-03-12,Nauru,WPRO,0,0,0,0
2021-03-13,Nauru,WPRO,0,0,0,0
2021-03-14,Nauru,WPRO,0,0,0,0
2021-03-15,Nauru,WPRO,0,0,0,0
2021-03-16,Nauru,WPRO,0,0,0,0
2021-03-17,Nauru,WPRO,0,0,0,0
2021-03-18,Nauru,WPRO,0,0,0,0
2021-03-19,Nauru,WPRO,0,0,0,0
2021-03-20,Nauru,WPRO,0,0,0,0
2021-03-21,Nauru,WPRO,0,0,0,0
2021-03-22,Nauru,WPRO,0,0,0,0
2021-03-23,Nauru,WPRO,0,0,0,0
2021-03-24,Nauru,WPRO,0,0,0,0
2021-03-25,Nauru,WPRO,0,0,0,0
2021-03-26,Nauru,WPRO,0,0,0,0
2021-03-27,Nauru,WPRO,0,0,0,0
2021-03-28,Nauru,WPRO,0,0,0,0
2021-03-29,Nauru,WPRO,0,0,0,0
2021-03-30,Nauru,WPRO,0,0,0,0
2021-03-31,Nauru,WPRO,0,0,0,0
2021-04-01,Nauru,WPRO,0,0,0,0
2021-04-02,Nauru,WPRO,0,0,0,0
2021-04-03,Nauru,WPRO,0,0,0,0
2021-04-04,Nauru,WPRO,0,0,0,0
2021-04-05,Nauru,WPRO,0,0,0,0
2021-04-06,Nauru,WPRO,0,0,0,0
2021-04-07,Nauru,WPRO,0,0,0,0
2021-04-08,Nauru,WPRO,0,0,0,0
2021-04-09,Nauru,WPRO,0,0,0,0
2021-04-10,Nauru,WPRO,0,0,0,0
2021-04-11,Nauru,WPRO,0,0,0,0
2021-04-12,Nauru,WPRO,0,0,0,0
2021-04-13,Nauru,WPRO,0,0,0,0
2021-04-14,Nauru,WPRO,0,0,0,0
2021-04-15,Nauru,WPRO,0,0,0,0
2021-04-16,Nauru,WPRO,0,0,0,0
2021-04-17,Nauru,WPRO,0,0,0,0
2021-04-18,Nauru,WPRO,0,0,0,0
2021-04-19,Nauru,WPRO,0,0,0,0
2021-04-20,Nauru,WPRO,0,0,0,0
2021-04-21,Nauru,WPRO,0,0,0,0
2021-04-22,Nauru,WPRO,0,0,0,0
2021-04-23,Nauru,WPRO,0,0,0,0
2021-04-24,Nauru,WPRO,0,0,0,0
2021-04-25,Nauru,WPRO,0,0,0,0
2021-04-26,Nauru,WPRO,0,0,0,0
2021-04-27,Nauru,WPRO,0,0,0,0
2021-04-28,Nauru,WPRO,0,0,0,0
2021-04-29,Nauru,WPRO,0,0,0,0
2021-04-30,Nauru,WPRO,0,0,0,0
2021-05-01,Nauru,WPRO,0,0,0,0
2021-05-02,Nauru,WPRO,0,0,0,0
2021-05-03,Nauru,WPRO,0,0,0,0
2021-05-04,Nauru,WPRO,0,0,0,0
2021-05-05,Nauru,WPRO,0,0,0,0
2021-05-06,Nauru,WPRO,0,0,0,0
2021-05-07,Nauru,WPRO,0,0,0,0
2021-05-08,Nauru,WPRO,0,0,0,0
2021-05-09,Nauru,WPRO,0,0,0,0
2021-05-10,Nauru,WPRO,0,0,0,0
2021-05-11,Nauru,WPRO,0,0,0,0
2021-05-12,Nauru,WPRO,0,0,0,0
2021-05-13,Nauru,WPRO,0,0,0,0
2021-05-14,Nauru,WPRO,0,0,0,0
2021-05-15,Nauru,WPRO,0,0,0,0
2021-05-16,Nauru,WPRO,0,0,0,0
2021-05-17,Nauru,WPRO,0,0,0,0
2021-05-18,Nauru,WPRO,0,0,0,0
2021-05-19,Nauru,WPRO,0,0,0,0
2021-05-20,Nauru,WPRO,0,0,0,0
2021-05-21,Nauru,WPRO,0,0,0,0
2021-05-22,Nauru,WPRO,0,0,0,0
2021-05-23,Nauru,WPRO,0,0,0,0
2021-05-24,Nauru,WPRO,0,0,0,0
2021-05-25,Nauru,WPRO,0,0,0,0
2021-05-26,Nauru,WPRO,0,0,0,0
2021-05-27,Nauru,WPRO,0,0,0,0
2021-05-28,Nauru,WPRO,0,0,0,0
2021-05-29,Nauru,WPRO,0,0,0,0
2021-05-30,Nauru,WPRO,0,0,0,0
2021-01-01,Nepal,SEARO,426,261019,9,2767
2021-01-02,Nepal,SEARO,419,261438,9,2776
2021-01-03,Nepal,SEARO,421,261859,9,2785
2021-01-04,Nepal,SEARO,403,262262,10,2795
2021-01-05,Nepal,SEARO,522,262784,12,2807
2021-01-06,Nepal,SEARO,409,263193,7,2814
2021-01-07,Nepal,SEARO,412,263605,8,2822
2021-01-08,Nepal,SEARO,554,264159,7,2829
2021-01-09,Nepal,SEARO,362,264521,4,2833
2021-01-10,Nepal,SEARO,259,264780,8,2841
2021-01-11,Nepal,SEARO,488,265268,13,2854
2021-01-12,Nepal,SEARO,430,265698,6,2860
2021-01-13,Nepal,SEARO,445,266143,6,2866
2021-01-14,Nepal,SEARO,403,266546,7,2873
2021-01-15,Nepal,SEARO,270,266816,8,2881
2021-01-16,Nepal,SEARO,240,267056,6,2887
2021-01-17,Nepal,SEARO,266,267322,5,2892
2021-01-18,Nepal,SEARO,322,267644,6,2898
2021-01-19,Nepal,SEARO,348,267992,4,2902
2021-01-20,Nepal,SEARO,318,268310,6,2908
2021-01-21,Nepal,SEARO,336,268646,4,2912
2021-01-22,Nepal,SEARO,302,268948,7,2919
2021-01-23,Nepal,SEARO,232,269180,8,2927
2021-01-24,Nepal,SEARO,270,269450,7,2934
2021-01-25,Nepal,SEARO,339,269789,10,2944
2021-01-26,Nepal,SEARO,303,270092,6,2950
2021-01-27,Nepal,SEARO,283,270375,3,2953
2021-01-28,Nepal,SEARO,213,270588,0,2953
2021-01-29,Nepal,SEARO,157,270745,5,2958
2021-01-30,Nepal,SEARO,109,270854,2,2960
2021-01-31,Nepal,SEARO,105,270959,2,2962
2021-02-01,Nepal,SEARO,159,271118,0,2962
2021-02-02,Nepal,SEARO,171,271289,1,2963
2021-02-03,Nepal,SEARO,142,271431,1,2964
2021-02-04,Nepal,SEARO,171,271602,2,2966
2021-02-05,Nepal,SEARO,105,271707,2,2968
2021-02-06,Nepal,SEARO,99,271806,0,2968
2021-02-07,Nepal,SEARO,119,271925,3,2971
2021-02-08,Nepal,SEARO,130,272055,7,2978
2021-02-09,Nepal,SEARO,160,272215,2,2980
2021-02-10,Nepal,SEARO,134,272349,0,2980
2021-02-11,Nepal,SEARO,81,272430,5,2985
2021-02-12,Nepal,SEARO,127,272557,2,2987
2021-02-13,Nepal,SEARO,57,272614,0,2987
2021-02-14,Nepal,SEARO,104,272718,0,2987
2021-02-15,Nepal,SEARO,122,272840,1,2988
2021-02-16,Nepal,SEARO,105,272945,0,2988
2021-02-17,Nepal,SEARO,125,273070,0,2988
2021-02-18,Nepal,SEARO,96,273166,3,2991
2021-02-19,Nepal,SEARO,97,273263,3,2994
2021-02-20,Nepal,SEARO,88,273351,0,2994
2021-02-21,Nepal,SEARO,80,273431,0,2994
2021-02-22,Nepal,SEARO,125,273556,0,2994
2021-02-23,Nepal,SEARO,110,273666,4,2998
2021-02-24,Nepal,SEARO,94,273760,1,2999
2021-02-25,Nepal,SEARO,112,273872,1,3000
2021-02-26,Nepal,SEARO,112,273984,4,3004
2021-02-27,Nepal,SEARO,81,274065,2,3006
2021-02-28,Nepal,SEARO,78,274143,1,3007
2021-03-01,Nepal,SEARO,73,274216,3,3010
2021-03-02,Nepal,SEARO,78,274294,0,3010
2021-03-03,Nepal,SEARO,87,274381,0,3010
2021-03-04,Nepal,SEARO,107,274488,0,3010
2021-03-05,Nepal,SEARO,120,274608,0,3010
2021-03-06,Nepal,SEARO,47,274655,0,3010
2021-03-07,Nepal,SEARO,66,274721,0,3010
2021-03-08,Nepal,SEARO,89,274810,1,3011
2021-03-09,Nepal,SEARO,59,274869,1,3012
2021-03-10,Nepal,SEARO,104,274973,0,3012
2021-03-11,Nepal,SEARO,97,275070,0,3012
2021-03-12,Nepal,SEARO,48,275118,0,3012
2021-03-13,Nepal,SEARO,60,275178,2,3014
2021-03-14,Nepal,SEARO,53,275231,0,3014
2021-03-15,Nepal,SEARO,79,275310,0,3014
2021-03-16,Nepal,SEARO,114,275424,0,3014
2021-03-17,Nepal,SEARO,94,275518,0,3014
2021-03-18,Nepal,SEARO,107,275625,1,3015
2021-03-19,Nepal,SEARO,125,275750,1,3016
2021-03-20,Nepal,SEARO,79,275829,0,3016
2021-03-21,Nepal,SEARO,77,275906,0,3016
2021-03-22,Nepal,SEARO,150,276056,3,3019
2021-03-23,Nepal,SEARO,188,276244,0,3019
2021-03-24,Nepal,SEARO,145,276389,1,3020
2021-03-25,Nepal,SEARO,120,276509,0,3020
2021-03-26,Nepal,SEARO,156,276665,4,3024
2021-03-27,Nepal,SEARO,85,276750,3,3027
2021-03-28,Nepal,SEARO,89,276839,0,3027
2021-03-29,Nepal,SEARO,141,276980,0,3027
2021-03-30,Nepal,SEARO,167,277147,3,3030
2021-03-31,Nepal,SEARO,162,277309,0,3030
2021-04-01,Nepal,SEARO,152,277461,1,3031
2021-04-02,Nepal,SEARO,179,277640,0,3031
2021-04-03,Nepal,SEARO,128,277768,1,3032
2021-04-04,Nepal,SEARO,176,277944,0,3032
2021-04-05,Nepal,SEARO,266,278210,4,3036
2021-04-06,Nepal,SEARO,260,278470,0,3036
2021-04-07,Nepal,SEARO,298,278768,2,3038
2021-04-08,Nepal,SEARO,332,279100,0,3038
2021-04-09,Nepal,SEARO,288,279388,0,3038
2021-04-10,Nepal,SEARO,337,279725,1,3039
2021-04-11,Nepal,SEARO,303,280028,1,3040
2021-04-12,Nepal,SEARO,496,280524,13,3053
2021-04-13,Nepal,SEARO,460,280984,5,3058
2021-04-14,Nepal,SEARO,580,281564,3,3061
2021-04-15,Nepal,SEARO,490,282054,5,3066
2021-04-16,Nepal,SEARO,836,282890,4,3070
2021-04-17,Nepal,SEARO,768,283658,5,3075
2021-04-18,Nepal,SEARO,1015,284673,8,3083
2021-04-19,Nepal,SEARO,1227,285900,8,3091
2021-04-20,Nepal,SEARO,1667,287567,11,3102
2021-04-21,Nepal,SEARO,2220,289787,10,3112
2021-04-22,Nepal,SEARO,2365,292152,5,3117
2021-04-23,Nepal,SEARO,2449,294601,5,3122
2021-04-24,Nepal,SEARO,2486,297087,14,3136
2021-04-25,Nepal,SEARO,3032,300119,28,3164
2021-04-26,Nepal,SEARO,3442,303561,12,3176
2021-04-27,Nepal,SEARO,4364,307925,18,3194
2021-04-28,Nepal,SEARO,4774,312699,17,3211
2021-04-29,Nepal,SEARO,4831,317530,35,3246
2021-04-30,Nepal,SEARO,5657,323187,33,3279
2021-05-01,Nepal,SEARO,5706,328893,19,3298
2021-05-02,Nepal,SEARO,7137,336030,27,3325
2021-05-03,Nepal,SEARO,7388,343418,37,3362
2021-05-04,Nepal,SEARO,7587,351005,55,3417
2021-05-05,Nepal,SEARO,8605,359610,58,3475
2021-05-06,Nepal,SEARO,8970,368580,54,3529
2021-05-07,Nepal,SEARO,9023,377603,50,3579
2021-05-08,Nepal,SEARO,8287,385890,53,3632
2021-05-09,Nepal,SEARO,8777,394667,88,3720
2021-05-10,Nepal,SEARO,9127,403794,139,3859
2021-05-11,Nepal,SEARO,9317,413111,225,4084
2021-05-12,Nepal,SEARO,9238,422349,168,4252
2021-05-13,Nepal,SEARO,8842,431191,214,4466
2021-05-14,Nepal,SEARO,8467,439658,203,4669
2021-05-15,Nepal,SEARO,8046,447704,187,4856
2021-05-16,Nepal,SEARO,7316,455020,145,5001
2021-05-17,Nepal,SEARO,9198,464218,214,5215
2021-05-18,Nepal,SEARO,8136,472354,196,5411
2021-05-19,Nepal,SEARO,8064,480418,246,5657
2021-05-20,Nepal,SEARO,8227,488645,190,5847
2021-05-21,Nepal,SEARO,8407,497052,177,6024
2021-05-22,Nepal,SEARO,8591,505643,129,6153
2021-05-23,Nepal,SEARO,7598,513241,193,6346
2021-05-24,Nepal,SEARO,7220,520461,185,6531
2021-05-25,Nepal,SEARO,8387,528848,169,6700
2021-05-26,Nepal,SEARO,6677,535525,145,6845
2021-05-27,Nepal,SEARO,6731,542256,106,6951
2021-05-28,Nepal,SEARO,6855,549111,96,7047
2021-05-29,Nepal,SEARO,4311,553422,116,7163
2021-05-30,Nepal,SEARO,3702,557124,109,7272
2021-01-01,Netherlands,EURO,9665,795558,107,11406
2021-01-02,Netherlands,EURO,8169,803727,92,11498
2021-01-03,Netherlands,EURO,8589,812316,40,11538
2021-01-04,Netherlands,EURO,7396,819712,52,11590
2021-01-05,Netherlands,EURO,6632,826344,72,11662
2021-01-06,Netherlands,EURO,6369,832713,187,11849
2021-01-07,Netherlands,EURO,7089,839802,128,11977
2021-01-08,Netherlands,EURO,9678,849480,84,12061
2021-01-09,Netherlands,EURO,8112,857592,92,12153
2021-01-10,Netherlands,EURO,7330,864922,134,12287
2021-01-11,Netherlands,EURO,6602,871524,53,12340
2021-01-12,Netherlands,EURO,5448,876972,60,12400
2021-01-13,Netherlands,EURO,4942,881914,143,12543
2021-01-14,Netherlands,EURO,6091,888005,117,12660
2021-01-15,Netherlands,EURO,6499,894504,85,12745
2021-01-16,Netherlands,EURO,6025,900529,95,12840
2021-01-17,Netherlands,EURO,5295,905824,100,12940
2021-01-18,Netherlands,EURO,5582,911406,37,12977
2021-01-19,Netherlands,EURO,4784,916190,57,13034
2021-01-20,Netherlands,EURO,4295,920485,110,13144
2021-01-21,Netherlands,EURO,5569,926054,86,13230
2021-01-22,Netherlands,EURO,5805,931859,95,13325
2021-01-23,Netherlands,EURO,5745,937604,82,13407
2021-01-24,Netherlands,EURO,5446,943050,83,13490
2021-01-25,Netherlands,EURO,4881,947931,35,13525
2021-01-26,Netherlands,EURO,4089,952020,45,13570
2021-01-27,Netherlands,EURO,3959,955979,80,13650
2021-01-28,Netherlands,EURO,4725,960704,72,13722
2021-01-29,Netherlands,EURO,4691,965395,76,13798
2021-01-30,Netherlands,EURO,4397,969792,66,13864
2021-01-31,Netherlands,EURO,4172,973964,79,13943
2021-02-01,Netherlands,EURO,3677,977641,39,13982
2021-02-02,Netherlands,EURO,3238,980879,38,14020
2021-02-03,Netherlands,EURO,3548,984427,77,14097
2021-02-04,Netherlands,EURO,4018,988445,60,14157
2021-02-05,Netherlands,EURO,4200,992645,65,14222
2021-02-06,Netherlands,EURO,4317,996962,62,14284
2021-02-07,Netherlands,EURO,4089,1001051,60,14344
2021-02-08,Netherlands,EURO,3918,1004969,45,14389
2021-02-09,Netherlands,EURO,2257,1007226,30,14419
2021-02-10,Netherlands,EURO,1759,1008985,87,14506
2021-02-11,Netherlands,EURO,3173,1012158,82,14588
2021-02-12,Netherlands,EURO,4427,1016585,65,14653
2021-02-13,Netherlands,EURO,4327,1020912,80,14733
2021-02-14,Netherlands,EURO,4172,1025084,48,14781
2021-02-15,Netherlands,EURO,3425,1028509,28,14809
2021-02-16,Netherlands,EURO,2842,1031351,23,14832
2021-02-17,Netherlands,EURO,2690,1034041,93,14925
2021-02-18,Netherlands,EURO,3368,1037409,94,15019
2021-02-19,Netherlands,EURO,4558,1041967,67,15086
2021-02-20,Netherlands,EURO,4676,1046643,46,15132
2021-02-21,Netherlands,EURO,4539,1051182,62,15194
2021-02-22,Netherlands,EURO,4669,1055851,20,15214
2021-02-23,Netherlands,EURO,4179,1060030,33,15247
2021-02-24,Netherlands,EURO,3809,1063839,93,15340
2021-02-25,Netherlands,EURO,4368,1068207,63,15403
2021-02-26,Netherlands,EURO,4986,1073193,29,15432
2021-02-27,Netherlands,EURO,5089,1078282,71,15503
2021-02-28,Netherlands,EURO,4922,1083204,37,15540
2021-03-01,Netherlands,EURO,4635,1087839,17,15557
2021-03-02,Netherlands,EURO,3749,1091588,21,15578
2021-03-03,Netherlands,EURO,3965,1095553,66,15644
2021-03-04,Netherlands,EURO,5023,1100576,49,15693
2021-03-05,Netherlands,EURO,4092,1104668,31,15724
2021-03-06,Netherlands,EURO,4662,1109330,31,15755
2021-03-07,Netherlands,EURO,5312,1114642,41,15796
2021-03-08,Netherlands,EURO,4508,1119150,29,15825
2021-03-09,Netherlands,EURO,3884,1123034,36,15861
2021-03-10,Netherlands,EURO,4286,1127320,53,15914
2021-03-11,Netherlands,EURO,5259,1132579,26,15940
2021-03-12,Netherlands,EURO,5297,1137876,48,15988
2021-03-13,Netherlands,EURO,5975,1143851,30,16018
2021-03-14,Netherlands,EURO,6375,1150226,19,16037
2021-03-15,Netherlands,EURO,5953,1156179,24,16061
2021-03-16,Netherlands,EURO,5502,1161681,22,16083
2021-03-17,Netherlands,EURO,4942,1166623,30,16113
2021-03-18,Netherlands,EURO,5908,1172531,47,16160
2021-03-19,Netherlands,EURO,6132,1178663,34,16194
2021-03-20,Netherlands,EURO,7348,1186011,41,16235
2021-03-21,Netherlands,EURO,7602,1193613,18,16253
2021-03-22,Netherlands,EURO,6970,1200583,16,16269
2021-03-23,Netherlands,EURO,6300,1206883,15,16284
2021-03-24,Netherlands,EURO,5608,1212491,53,16337
2021-03-25,Netherlands,EURO,7556,1220047,27,16364
2021-03-26,Netherlands,EURO,7688,1227735,26,16390
2021-03-27,Netherlands,EURO,7558,1235293,22,16412
2021-03-28,Netherlands,EURO,8782,1244075,29,16441
2021-03-29,Netherlands,EURO,7470,1251545,14,16455
2021-03-30,Netherlands,EURO,6781,1258326,13,16468
2021-03-31,Netherlands,EURO,5855,1264181,35,16503
2021-04-01,Netherlands,EURO,7629,1271810,31,16534
2021-04-02,Netherlands,EURO,7819,1279629,19,16553
2021-04-03,Netherlands,EURO,7214,1286843,16,16569
2021-04-04,Netherlands,EURO,7597,1294440,30,16599
2021-04-05,Netherlands,EURO,6862,1301302,15,16614
2021-04-06,Netherlands,EURO,5334,1306636,8,16622
2021-04-07,Netherlands,EURO,5559,1312195,23,16645
2021-04-08,Netherlands,EURO,6369,1318564,23,16668
2021-04-09,Netherlands,EURO,7761,1326325,21,16689
2021-04-10,Netherlands,EURO,7660,1333985,41,16730
2021-04-11,Netherlands,EURO,7659,1341644,21,16751
2021-04-12,Netherlands,EURO,8142,1349786,14,16765
2021-04-13,Netherlands,EURO,6658,1356444,19,16784
2021-04-14,Netherlands,EURO,6722,1363166,34,16818
2021-04-15,Netherlands,EURO,5440,1368606,26,16844
2021-04-16,Netherlands,EURO,8694,1377300,12,16856
2021-04-17,Netherlands,EURO,8890,1386190,18,16874
2021-04-18,Netherlands,EURO,8253,1394443,26,16900
2021-04-19,Netherlands,EURO,8522,1402965,13,16913
2021-04-20,Netherlands,EURO,7158,1410123,22,16935
2021-04-21,Netherlands,EURO,6822,1416945,26,16961
2021-04-22,Netherlands,EURO,8472,1425417,18,16979
2021-04-23,Netherlands,EURO,9579,1434996,19,16998
2021-04-24,Netherlands,EURO,9236,1444232,18,17016
2021-04-25,Netherlands,EURO,8062,1452294,17,17033
2021-04-26,Netherlands,EURO,8020,1460314,14,17047
2021-04-27,Netherlands,EURO,6226,1466540,14,17061
2021-04-28,Netherlands,EURO,5305,1471845,27,17088
2021-04-29,Netherlands,EURO,8651,1480496,16,17104
2021-04-30,Netherlands,EURO,7283,1487779,16,17120
2021-05-01,Netherlands,EURO,7764,1495543,26,17146
2021-05-02,Netherlands,EURO,5783,1501326,18,17164
2021-05-03,Netherlands,EURO,5461,1506787,3,17167
2021-05-04,Netherlands,EURO,9186,1515973,21,17188
2021-05-05,Netherlands,EURO,7758,1523731,29,17217
2021-05-06,Netherlands,EURO,7246,1530977,30,17247
2021-05-07,Netherlands,EURO,6753,1537730,18,17265
2021-05-08,Netherlands,EURO,7459,1545189,25,17290
2021-05-09,Netherlands,EURO,7424,1552613,27,17317
2021-05-10,Netherlands,EURO,6637,1559250,2,17319
2021-05-11,Netherlands,EURO,5861,1565111,19,17338
2021-05-12,Netherlands,EURO,5525,1570636,43,17381
2021-05-13,Netherlands,EURO,6341,1576977,18,17399
2021-05-14,Netherlands,EURO,6012,1582989,11,17410
2021-05-15,Netherlands,EURO,5543,1588532,11,17421
2021-05-16,Netherlands,EURO,4472,1593004,13,17434
2021-05-17,Netherlands,EURO,4424,1597428,15,17449
2021-05-18,Netherlands,EURO,2858,1600286,7,17456
2021-05-19,Netherlands,EURO,5325,1605611,13,17469
2021-05-20,Netherlands,EURO,4548,1610159,16,17485
2021-05-21,Netherlands,EURO,4616,1614775,19,17504
2021-05-22,Netherlands,EURO,4138,1618913,11,17515
2021-05-23,Netherlands,EURO,3173,1622086,20,17535
2021-05-24,Netherlands,EURO,3423,1625509,6,17541
2021-05-25,Netherlands,EURO,2728,1628237,13,17554
2021-05-26,Netherlands,EURO,2484,1630721,15,17569
2021-05-27,Netherlands,EURO,2738,1633459,6,17575
2021-05-28,Netherlands,EURO,3375,1636834,18,17593
2021-05-29,Netherlands,EURO,3839,1640673,15,17608
2021-05-30,Netherlands,EURO,3345,1644018,7,17615
2021-01-01,New Caledonia,WPRO,0,38,0,0
2021-01-02,New Caledonia,WPRO,0,38,0,0
2021-01-03,New Caledonia,WPRO,2,40,0,0
2021-01-04,New Caledonia,WPRO,0,40,0,0
2021-01-05,New Caledonia,WPRO,0,40,0,0
2021-01-06,New Caledonia,WPRO,0,40,0,0
2021-01-07,New Caledonia,WPRO,0,40,0,0
2021-01-08,New Caledonia,WPRO,0,40,0,0
2021-01-09,New Caledonia,WPRO,0,40,0,0
2021-01-10,New Caledonia,WPRO,0,40,0,0
2021-01-11,New Caledonia,WPRO,0,40,0,0
2021-01-12,New Caledonia,WPRO,0,40,0,0
2021-01-13,New Caledonia,WPRO,0,40,0,0
2021-01-14,New Caledonia,WPRO,0,40,0,0
2021-01-15,New Caledonia,WPRO,0,40,0,0
2021-01-16,New Caledonia,WPRO,1,41,0,0
2021-01-17,New Caledonia,WPRO,3,44,0,0
2021-01-18,New Caledonia,WPRO,0,44,0,0
2021-01-19,New Caledonia,WPRO,0,44,0,0
2021-01-20,New Caledonia,WPRO,0,44,0,0
2021-01-21,New Caledonia,WPRO,0,44,0,0
2021-01-22,New Caledonia,WPRO,0,44,0,0
2021-01-23,New Caledonia,WPRO,0,44,0,0
2021-01-24,New Caledonia,WPRO,0,44,0,0
2021-01-25,New Caledonia,WPRO,0,44,0,0
2021-01-26,New Caledonia,WPRO,0,44,0,0
2021-01-27,New Caledonia,WPRO,0,44,0,0
2021-01-28,New Caledonia,WPRO,0,44,0,0
2021-01-29,New Caledonia,WPRO,0,44,0,0
2021-01-30,New Caledonia,WPRO,3,47,0,0
2021-01-31,New Caledonia,WPRO,0,47,0,0
2021-02-01,New Caledonia,WPRO,0,47,0,0
2021-02-02,New Caledonia,WPRO,0,47,0,0
2021-02-03,New Caledonia,WPRO,0,47,0,0
2021-02-04,New Caledonia,WPRO,0,47,0,0
2021-02-05,New Caledonia,WPRO,0,47,0,0
2021-02-06,New Caledonia,WPRO,2,49,0,0
2021-02-07,New Caledonia,WPRO,0,49,0,0
2021-02-08,New Caledonia,WPRO,0,49,0,0
2021-02-09,New Caledonia,WPRO,1,50,0,0
2021-02-10,New Caledonia,WPRO,0,50,0,0
2021-02-11,New Caledonia,WPRO,0,50,0,0
2021-02-12,New Caledonia,WPRO,0,50,0,0
2021-02-13,New Caledonia,WPRO,2,52,0,0
2021-02-14,New Caledonia,WPRO,0,52,0,0
2021-02-15,New Caledonia,WPRO,0,52,0,0
2021-02-16,New Caledonia,WPRO,0,52,0,0
2021-02-17,New Caledonia,WPRO,0,52,0,0
2021-02-18,New Caledonia,WPRO,0,52,0,0
2021-02-19,New Caledonia,WPRO,3,55,0,0
2021-02-20,New Caledonia,WPRO,0,55,0,0
2021-02-21,New Caledonia,WPRO,0,55,0,0
2021-02-22,New Caledonia,WPRO,0,55,0,0
2021-02-23,New Caledonia,WPRO,0,55,0,0
2021-02-24,New Caledonia,WPRO,0,55,0,0
2021-02-25,New Caledonia,WPRO,0,55,0,0
2021-02-26,New Caledonia,WPRO,2,57,0,0
2021-02-27,New Caledonia,WPRO,1,58,0,0
2021-02-28,New Caledonia,WPRO,0,58,0,0
2021-03-01,New Caledonia,WPRO,0,58,0,0
2021-03-02,New Caledonia,WPRO,0,58,0,0
2021-03-03,New Caledonia,WPRO,0,58,0,0
2021-03-04,New Caledonia,WPRO,0,58,0,0
2021-03-05,New Caledonia,WPRO,0,58,0,0
2021-03-06,New Caledonia,WPRO,0,58,0,0
2021-03-07,New Caledonia,WPRO,0,58,0,0
2021-03-08,New Caledonia,WPRO,9,67,0,0
2021-03-09,New Caledonia,WPRO,0,67,0,0
2021-03-10,New Caledonia,WPRO,3,70,0,0
2021-03-11,New Caledonia,WPRO,4,74,0,0
2021-03-12,New Caledonia,WPRO,7,81,0,0
2021-03-13,New Caledonia,WPRO,7,88,0,0
2021-03-14,New Caledonia,WPRO,3,91,0,0
2021-03-15,New Caledonia,WPRO,2,93,0,0
2021-03-16,New Caledonia,WPRO,0,93,0,0
2021-03-17,New Caledonia,WPRO,2,95,0,0
2021-03-18,New Caledonia,WPRO,0,95,0,0
2021-03-19,New Caledonia,WPRO,11,106,0,0
2021-03-20,New Caledonia,WPRO,9,115,0,0
2021-03-21,New Caledonia,WPRO,1,116,0,0
2021-03-22,New Caledonia,WPRO,0,116,0,0
2021-03-23,New Caledonia,WPRO,0,116,0,0
2021-03-24,New Caledonia,WPRO,0,116,0,0
2021-03-25,New Caledonia,WPRO,4,120,0,0
2021-03-26,New Caledonia,WPRO,1,121,0,0
2021-03-27,New Caledonia,WPRO,0,121,0,0
2021-03-28,New Caledonia,WPRO,0,121,0,0
2021-03-29,New Caledonia,WPRO,0,121,0,0
2021-03-30,New Caledonia,WPRO,0,121,0,0
2021-03-31,New Caledonia,WPRO,0,121,0,0
2021-04-01,New Caledonia,WPRO,0,121,0,0
2021-04-02,New Caledonia,WPRO,0,121,0,0
2021-04-03,New Caledonia,WPRO,0,121,0,0
2021-04-04,New Caledonia,WPRO,0,121,0,0
2021-04-05,New Caledonia,WPRO,0,121,0,0
2021-04-06,New Caledonia,WPRO,0,121,0,0
2021-04-07,New Caledonia,WPRO,0,121,0,0
2021-04-08,New Caledonia,WPRO,0,121,0,0
2021-04-09,New Caledonia,WPRO,0,121,0,0
2021-04-10,New Caledonia,WPRO,0,121,0,0
2021-04-11,New Caledonia,WPRO,0,121,0,0
2021-04-12,New Caledonia,WPRO,0,121,0,0
2021-04-13,New Caledonia,WPRO,0,121,0,0
2021-04-14,New Caledonia,WPRO,0,121,0,0
2021-04-15,New Caledonia,WPRO,0,121,0,0
2021-04-16,New Caledonia,WPRO,0,121,0,0
2021-04-17,New Caledonia,WPRO,2,123,0,0
2021-04-18,New Caledonia,WPRO,0,123,0,0
2021-04-19,New Caledonia,WPRO,1,124,0,0
2021-04-20,New Caledonia,WPRO,0,124,0,0
2021-04-21,New Caledonia,WPRO,0,124,0,0
2021-04-22,New Caledonia,WPRO,0,124,0,0
2021-04-23,New Caledonia,WPRO,0,124,0,0
2021-04-24,New Caledonia,WPRO,0,124,0,0
2021-04-25,New Caledonia,WPRO,0,124,0,0
2021-04-26,New Caledonia,WPRO,0,124,0,0
2021-04-27,New Caledonia,WPRO,0,124,0,0
2021-04-28,New Caledonia,WPRO,0,124,0,0
2021-04-29,New Caledonia,WPRO,0,124,0,0
2021-04-30,New Caledonia,WPRO,0,124,0,0
2021-05-01,New Caledonia,WPRO,0,124,0,0
2021-05-02,New Caledonia,WPRO,0,124,0,0
2021-05-03,New Caledonia,WPRO,0,124,0,0
2021-05-04,New Caledonia,WPRO,0,124,0,0
2021-05-05,New Caledonia,WPRO,0,124,0,0
2021-05-06,New Caledonia,WPRO,0,124,0,0
2021-05-07,New Caledonia,WPRO,0,124,0,0
2021-05-08,New Caledonia,WPRO,0,124,0,0
2021-05-09,New Caledonia,WPRO,0,124,0,0
2021-05-10,New Caledonia,WPRO,0,124,0,0
2021-05-11,New Caledonia,WPRO,0,124,0,0
2021-05-12,New Caledonia,WPRO,0,124,0,0
2021-05-13,New Caledonia,WPRO,0,124,0,0
2021-05-14,New Caledonia,WPRO,0,124,0,0
2021-05-15,New Caledonia,WPRO,0,124,0,0
2021-05-16,New Caledonia,WPRO,0,124,0,0
2021-05-17,New Caledonia,WPRO,0,124,0,0
2021-05-18,New Caledonia,WPRO,0,124,0,0
2021-05-19,New Caledonia,WPRO,1,125,0,0
2021-05-20,New Caledonia,WPRO,0,125,0,0
2021-05-21,New Caledonia,WPRO,0,125,0,0
2021-05-22,New Caledonia,WPRO,0,125,0,0
2021-05-23,New Caledonia,WPRO,0,125,0,0
2021-05-24,New Caledonia,WPRO,0,125,0,0
2021-05-25,New Caledonia,WPRO,1,126,0,0
2021-05-26,New Caledonia,WPRO,0,126,0,0
2021-05-27,New Caledonia,WPRO,0,126,0,0
2021-05-28,New Caledonia,WPRO,1,127,0,0
2021-05-29,New Caledonia,WPRO,1,128,0,0
2021-05-30,New Caledonia,WPRO,0,128,0,0
2021-01-01,New Zealand,WPRO,0,1807,0,25
2021-01-02,New Zealand,WPRO,0,1807,0,25
2021-01-03,New Zealand,WPRO,19,1826,0,25
2021-01-04,New Zealand,WPRO,0,1826,0,25
2021-01-05,New Zealand,WPRO,3,1829,0,25
2021-01-06,New Zealand,WPRO,0,1829,0,25
2021-01-07,New Zealand,WPRO,4,1833,0,25
2021-01-08,New Zealand,WPRO,0,1833,0,25
2021-01-09,New Zealand,WPRO,0,1833,0,25
2021-01-10,New Zealand,WPRO,29,1862,0,25
2021-01-11,New Zealand,WPRO,4,1866,0,25
2021-01-12,New Zealand,WPRO,0,1866,0,25
2021-01-13,New Zealand,WPRO,7,1873,0,25
2021-01-14,New Zealand,WPRO,0,1873,0,25
2021-01-15,New Zealand,WPRO,18,1891,0,25
2021-01-16,New Zealand,WPRO,0,1891,0,25
2021-01-17,New Zealand,WPRO,10,1901,0,25
2021-01-18,New Zealand,WPRO,5,1906,0,25
2021-01-19,New Zealand,WPRO,0,1906,0,25
2021-01-20,New Zealand,WPRO,6,1912,0,25
2021-01-21,New Zealand,WPRO,0,1912,0,25
2021-01-22,New Zealand,WPRO,9,1921,0,25
2021-01-23,New Zealand,WPRO,-1,1920,0,25
2021-01-24,New Zealand,WPRO,7,1927,0,25
2021-01-25,New Zealand,WPRO,6,1933,0,25
2021-01-26,New Zealand,WPRO,1,1934,0,25
2021-01-27,New Zealand,WPRO,5,1939,0,25
2021-01-28,New Zealand,WPRO,5,1944,0,25
2021-01-29,New Zealand,WPRO,3,1947,0,25
2021-01-30,New Zealand,WPRO,1,1948,0,25
2021-01-31,New Zealand,WPRO,0,1948,0,25
2021-02-01,New Zealand,WPRO,0,1948,0,25
2021-02-02,New Zealand,WPRO,2,1950,0,25
2021-02-03,New Zealand,WPRO,2,1952,0,25
2021-02-04,New Zealand,WPRO,6,1958,0,25
2021-02-05,New Zealand,WPRO,2,1960,0,25
2021-02-06,New Zealand,WPRO,0,1960,0,25
2021-02-07,New Zealand,WPRO,5,1965,0,25
2021-02-08,New Zealand,WPRO,0,1965,0,25
2021-02-09,New Zealand,WPRO,1,1966,0,25
2021-02-10,New Zealand,WPRO,2,1968,0,25
2021-02-11,New Zealand,WPRO,1,1969,0,25
2021-02-12,New Zealand,WPRO,2,1971,0,25
2021-02-13,New Zealand,WPRO,1,1972,0,25
2021-02-14,New Zealand,WPRO,3,1975,0,25
2021-02-15,New Zealand,WPRO,6,1981,0,25
2021-02-16,New Zealand,WPRO,1,1982,1,26
2021-02-17,New Zealand,WPRO,3,1985,0,26
2021-02-18,New Zealand,WPRO,4,1989,0,26
2021-02-19,New Zealand,WPRO,4,1993,0,26
2021-02-20,New Zealand,WPRO,0,1993,0,26
2021-02-21,New Zealand,WPRO,2,1995,0,26
2021-02-22,New Zealand,WPRO,7,2002,0,26
2021-02-23,New Zealand,WPRO,4,2006,0,26
2021-02-24,New Zealand,WPRO,4,2010,0,26
2021-02-25,New Zealand,WPRO,3,2013,0,26
2021-02-26,New Zealand,WPRO,3,2016,0,26
2021-02-27,New Zealand,WPRO,1,2017,0,26
2021-02-28,New Zealand,WPRO,4,2021,0,26
2021-03-01,New Zealand,WPRO,2,2023,0,26
2021-03-02,New Zealand,WPRO,4,2027,0,26
2021-03-03,New Zealand,WPRO,1,2028,0,26
2021-03-04,New Zealand,WPRO,6,2034,0,26
2021-03-05,New Zealand,WPRO,0,2034,0,26
2021-03-06,New Zealand,WPRO,9,2043,0,26
2021-03-07,New Zealand,WPRO,1,2044,0,26
2021-03-08,New Zealand,WPRO,6,2050,0,26
2021-03-09,New Zealand,WPRO,4,2054,0,26
2021-03-10,New Zealand,WPRO,1,2055,0,26
2021-03-11,New Zealand,WPRO,6,2061,0,26
2021-03-12,New Zealand,WPRO,1,2062,0,26
2021-03-13,New Zealand,WPRO,5,2067,0,26
2021-03-14,New Zealand,WPRO,1,2068,0,26
2021-03-15,New Zealand,WPRO,7,2075,0,26
2021-03-16,New Zealand,WPRO,1,2076,0,26
2021-03-17,New Zealand,WPRO,3,2079,0,26
2021-03-18,New Zealand,WPRO,0,2079,0,26
2021-03-19,New Zealand,WPRO,10,2089,0,26
2021-03-20,New Zealand,WPRO,0,2089,0,26
2021-03-21,New Zealand,WPRO,9,2098,0,26
2021-03-22,New Zealand,WPRO,9,2107,0,26
2021-03-23,New Zealand,WPRO,5,2112,0,26
2021-03-24,New Zealand,WPRO,3,2115,0,26
2021-03-25,New Zealand,WPRO,6,2121,0,26
2021-03-26,New Zealand,WPRO,3,2124,0,26
2021-03-27,New Zealand,WPRO,2,2126,0,26
2021-03-28,New Zealand,WPRO,1,2127,0,26
2021-03-29,New Zealand,WPRO,11,2138,0,26
2021-03-30,New Zealand,WPRO,2,2140,0,26
2021-03-31,New Zealand,WPRO,1,2141,0,26
2021-04-01,New Zealand,WPRO,5,2146,0,26
2021-04-02,New Zealand,WPRO,0,2146,0,26
2021-04-03,New Zealand,WPRO,0,2146,0,26
2021-04-04,New Zealand,WPRO,6,2152,0,26
2021-04-05,New Zealand,WPRO,0,2152,0,26
2021-04-06,New Zealand,WPRO,17,2169,0,26
2021-04-07,New Zealand,WPRO,7,2176,0,26
2021-04-08,New Zealand,WPRO,24,2200,0,26
2021-04-09,New Zealand,WPRO,6,2206,0,26
2021-04-10,New Zealand,WPRO,10,2216,0,26
2021-04-11,New Zealand,WPRO,3,2219,0,26
2021-04-12,New Zealand,WPRO,9,2228,0,26
2021-04-13,New Zealand,WPRO,4,2232,0,26
2021-04-14,New Zealand,WPRO,2,2234,0,26
2021-04-15,New Zealand,WPRO,0,2234,0,26
2021-04-16,New Zealand,WPRO,1,2235,0,26
2021-04-17,New Zealand,WPRO,0,2235,0,26
2021-04-18,New Zealand,WPRO,4,2239,0,26
2021-04-19,New Zealand,WPRO,2,2241,0,26
2021-04-20,New Zealand,WPRO,1,2242,0,26
2021-04-21,New Zealand,WPRO,0,2242,0,26
2021-04-22,New Zealand,WPRO,3,2245,0,26
2021-04-23,New Zealand,WPRO,-1,2244,0,26
2021-04-24,New Zealand,WPRO,2,2246,0,26
2021-04-25,New Zealand,WPRO,0,2246,0,26
2021-04-26,New Zealand,WPRO,0,2246,0,26
2021-04-27,New Zealand,WPRO,7,2253,0,26
2021-04-28,New Zealand,WPRO,2,2255,0,26
2021-04-29,New Zealand,WPRO,3,2258,0,26
2021-04-30,New Zealand,WPRO,0,2258,0,26
2021-05-01,New Zealand,WPRO,0,2258,0,26
2021-05-02,New Zealand,WPRO,4,2262,0,26
2021-05-03,New Zealand,WPRO,5,2267,0,26
2021-05-04,New Zealand,WPRO,1,2268,0,26
2021-05-05,New Zealand,WPRO,6,2274,0,26
2021-05-06,New Zealand,WPRO,4,2278,0,26
2021-05-07,New Zealand,WPRO,1,2279,0,26
2021-05-08,New Zealand,WPRO,6,2285,0,26
2021-05-09,New Zealand,WPRO,2,2287,0,26
2021-05-10,New Zealand,WPRO,0,2287,0,26
2021-05-11,New Zealand,WPRO,0,2287,0,26
2021-05-12,New Zealand,WPRO,1,2288,0,26
2021-05-13,New Zealand,WPRO,1,2289,0,26
2021-05-14,New Zealand,WPRO,1,2290,0,26
2021-05-15,New Zealand,WPRO,0,2290,0,26
2021-05-16,New Zealand,WPRO,1,2291,0,26
2021-05-17,New Zealand,WPRO,5,2296,0,26
2021-05-18,New Zealand,WPRO,1,2297,0,26
2021-05-19,New Zealand,WPRO,6,2303,0,26
2021-05-20,New Zealand,WPRO,1,2304,0,26
2021-05-21,New Zealand,WPRO,3,2307,0,26
2021-05-22,New Zealand,WPRO,0,2307,0,26
2021-05-23,New Zealand,WPRO,1,2308,0,26
2021-05-24,New Zealand,WPRO,4,2312,0,26
2021-05-25,New Zealand,WPRO,2,2314,0,26
2021-05-26,New Zealand,WPRO,0,2314,0,26
2021-05-27,New Zealand,WPRO,1,2315,0,26
2021-05-28,New Zealand,WPRO,0,2315,0,26
2021-05-29,New Zealand,WPRO,0,2315,0,26
2021-05-30,New Zealand,WPRO,2,2317,0,26
2021-01-01,Nicaragua,AMRO,0,4829,0,165
2021-01-02,Nicaragua,AMRO,0,4829,0,165
2021-01-03,Nicaragua,AMRO,0,4829,0,165
2021-01-04,Nicaragua,AMRO,0,4829,0,165
2021-01-05,Nicaragua,AMRO,0,4829,0,165
2021-01-06,Nicaragua,AMRO,38,4867,1,166
2021-01-07,Nicaragua,AMRO,0,4867,0,166
2021-01-08,Nicaragua,AMRO,0,4867,0,166
2021-01-09,Nicaragua,AMRO,0,4867,0,166
2021-01-10,Nicaragua,AMRO,0,4867,0,166
2021-01-11,Nicaragua,AMRO,0,4867,0,166
2021-01-12,Nicaragua,AMRO,0,4867,0,166
2021-01-13,Nicaragua,AMRO,49,4916,1,167
2021-01-14,Nicaragua,AMRO,0,4916,0,167
2021-01-15,Nicaragua,AMRO,0,4916,0,167
2021-01-16,Nicaragua,AMRO,0,4916,0,167
2021-01-17,Nicaragua,AMRO,0,4916,0,167
2021-01-18,Nicaragua,AMRO,0,4916,0,167
2021-01-19,Nicaragua,AMRO,0,4916,0,167
2021-01-20,Nicaragua,AMRO,37,4953,1,168
2021-01-21,Nicaragua,AMRO,0,4953,0,168
2021-01-22,Nicaragua,AMRO,0,4953,0,168
2021-01-23,Nicaragua,AMRO,0,4953,0,168
2021-01-24,Nicaragua,AMRO,0,4953,0,168
2021-01-25,Nicaragua,AMRO,0,4953,0,168
2021-01-26,Nicaragua,AMRO,0,4953,0,168
2021-01-27,Nicaragua,AMRO,39,4992,1,169
2021-01-28,Nicaragua,AMRO,0,4992,0,169
2021-01-29,Nicaragua,AMRO,0,4992,0,169
2021-01-30,Nicaragua,AMRO,0,4992,0,169
2021-01-31,Nicaragua,AMRO,0,4992,0,169
2021-02-01,Nicaragua,AMRO,0,4992,0,169
2021-02-02,Nicaragua,AMRO,0,4992,0,169
2021-02-03,Nicaragua,AMRO,35,5027,1,170
2021-02-04,Nicaragua,AMRO,0,5027,0,170
2021-02-05,Nicaragua,AMRO,0,5027,0,170
2021-02-06,Nicaragua,AMRO,0,5027,0,170
2021-02-07,Nicaragua,AMRO,0,5027,0,170
2021-02-08,Nicaragua,AMRO,0,5027,0,170
2021-02-09,Nicaragua,AMRO,0,5027,0,170
2021-02-10,Nicaragua,AMRO,37,5064,1,171
2021-02-11,Nicaragua,AMRO,0,5064,0,171
2021-02-12,Nicaragua,AMRO,0,5064,0,171
2021-02-13,Nicaragua,AMRO,0,5064,0,171
2021-02-14,Nicaragua,AMRO,0,5064,0,171
2021-02-15,Nicaragua,AMRO,0,5064,0,171
2021-02-16,Nicaragua,AMRO,0,5064,0,171
2021-02-17,Nicaragua,AMRO,42,5106,1,172
2021-02-18,Nicaragua,AMRO,0,5106,0,172
2021-02-19,Nicaragua,AMRO,0,5106,0,172
2021-02-20,Nicaragua,AMRO,0,5106,0,172
2021-02-21,Nicaragua,AMRO,0,5106,0,172
2021-02-22,Nicaragua,AMRO,0,5106,0,172
2021-02-23,Nicaragua,AMRO,0,5106,0,172
2021-02-24,Nicaragua,AMRO,36,5142,1,173
2021-02-25,Nicaragua,AMRO,0,5142,0,173
2021-02-26,Nicaragua,AMRO,0,5142,0,173
2021-02-27,Nicaragua,AMRO,0,5142,0,173
2021-02-28,Nicaragua,AMRO,0,5142,0,173
2021-03-01,Nicaragua,AMRO,0,5142,0,173
2021-03-02,Nicaragua,AMRO,0,5142,0,173
2021-03-03,Nicaragua,AMRO,34,5176,1,174
2021-03-04,Nicaragua,AMRO,0,5176,0,174
2021-03-05,Nicaragua,AMRO,0,5176,0,174
2021-03-06,Nicaragua,AMRO,0,5176,0,174
2021-03-07,Nicaragua,AMRO,0,5176,0,174
2021-03-08,Nicaragua,AMRO,0,5176,0,174
2021-03-09,Nicaragua,AMRO,0,5176,0,174
2021-03-10,Nicaragua,AMRO,40,5216,1,175
2021-03-11,Nicaragua,AMRO,0,5216,0,175
2021-03-12,Nicaragua,AMRO,0,5216,0,175
2021-03-13,Nicaragua,AMRO,0,5216,0,175
2021-03-14,Nicaragua,AMRO,0,5216,0,175
2021-03-15,Nicaragua,AMRO,0,5216,0,175
2021-03-16,Nicaragua,AMRO,0,5216,0,175
2021-03-17,Nicaragua,AMRO,35,5251,1,176
2021-03-18,Nicaragua,AMRO,0,5251,0,176
2021-03-19,Nicaragua,AMRO,0,5251,0,176
2021-03-20,Nicaragua,AMRO,0,5251,0,176
2021-03-21,Nicaragua,AMRO,0,5251,0,176
2021-03-22,Nicaragua,AMRO,0,5251,0,176
2021-03-23,Nicaragua,AMRO,0,5251,0,176
2021-03-24,Nicaragua,AMRO,37,5288,1,177
2021-03-25,Nicaragua,AMRO,0,5288,0,177
2021-03-26,Nicaragua,AMRO,0,5288,0,177
2021-03-27,Nicaragua,AMRO,0,5288,0,177
2021-03-28,Nicaragua,AMRO,0,5288,0,177
2021-03-29,Nicaragua,AMRO,0,5288,0,177
2021-03-30,Nicaragua,AMRO,0,5288,0,177
2021-03-31,Nicaragua,AMRO,38,5326,1,178
2021-04-01,Nicaragua,AMRO,0,5326,0,178
2021-04-02,Nicaragua,AMRO,0,5326,0,178
2021-04-03,Nicaragua,AMRO,0,5326,0,178
2021-04-04,Nicaragua,AMRO,0,5326,0,178
2021-04-05,Nicaragua,AMRO,0,5326,0,178
2021-04-06,Nicaragua,AMRO,0,5326,0,178
2021-04-07,Nicaragua,AMRO,40,5366,1,179
2021-04-08,Nicaragua,AMRO,0,5366,0,179
2021-04-09,Nicaragua,AMRO,0,5366,0,179
2021-04-10,Nicaragua,AMRO,0,5366,0,179
2021-04-11,Nicaragua,AMRO,0,5366,0,179
2021-04-12,Nicaragua,AMRO,0,5366,0,179
2021-04-13,Nicaragua,AMRO,0,5366,0,179
2021-04-14,Nicaragua,AMRO,41,5407,1,180
2021-04-15,Nicaragua,AMRO,0,5407,0,180
2021-04-16,Nicaragua,AMRO,0,5407,0,180
2021-04-17,Nicaragua,AMRO,0,5407,0,180
2021-04-18,Nicaragua,AMRO,0,5407,0,180
2021-04-19,Nicaragua,AMRO,0,5407,0,180
2021-04-20,Nicaragua,AMRO,0,5407,0,180
2021-04-21,Nicaragua,AMRO,43,5450,1,181
2021-04-22,Nicaragua,AMRO,0,5450,0,181
2021-04-23,Nicaragua,AMRO,0,5450,0,181
2021-04-24,Nicaragua,AMRO,0,5450,0,181
2021-04-25,Nicaragua,AMRO,0,5450,0,181
2021-04-26,Nicaragua,AMRO,0,5450,0,181
2021-04-27,Nicaragua,AMRO,0,5450,0,181
2021-04-28,Nicaragua,AMRO,48,5498,1,182
2021-04-29,Nicaragua,AMRO,0,5498,0,182
2021-04-30,Nicaragua,AMRO,0,5498,0,182
2021-05-01,Nicaragua,AMRO,0,5498,0,182
2021-05-02,Nicaragua,AMRO,0,5498,0,182
2021-05-03,Nicaragua,AMRO,0,5498,0,182
2021-05-04,Nicaragua,AMRO,0,5498,0,182
2021-05-05,Nicaragua,AMRO,77,5575,1,183
2021-05-06,Nicaragua,AMRO,0,5575,0,183
2021-05-07,Nicaragua,AMRO,0,5575,0,183
2021-05-08,Nicaragua,AMRO,0,5575,0,183
2021-05-09,Nicaragua,AMRO,0,5575,0,183
2021-05-10,Nicaragua,AMRO,0,5575,0,183
2021-05-11,Nicaragua,AMRO,0,5575,0,183
2021-05-12,Nicaragua,AMRO,74,5649,1,184
2021-05-13,Nicaragua,AMRO,0,5649,0,184
2021-05-14,Nicaragua,AMRO,0,5649,0,184
2021-05-15,Nicaragua,AMRO,0,5649,0,184
2021-05-16,Nicaragua,AMRO,0,5649,0,184
2021-05-17,Nicaragua,AMRO,0,5649,0,184
2021-05-18,Nicaragua,AMRO,0,5649,0,184
2021-05-19,Nicaragua,AMRO,82,5731,1,185
2021-05-20,Nicaragua,AMRO,0,5731,0,185
2021-05-21,Nicaragua,AMRO,0,5731,0,185
2021-05-22,Nicaragua,AMRO,0,5731,0,185
2021-05-23,Nicaragua,AMRO,0,5731,0,185
2021-05-24,Nicaragua,AMRO,0,5731,0,185
2021-05-25,Nicaragua,AMRO,0,5731,0,185
2021-05-26,Nicaragua,AMRO,102,5833,1,186
2021-05-27,Nicaragua,AMRO,0,5833,0,186
2021-05-28,Nicaragua,AMRO,0,5833,0,186
2021-05-29,Nicaragua,AMRO,0,5833,0,186
2021-05-30,Nicaragua,AMRO,0,5833,0,186
2021-01-01,Niger,AFRO,98,3208,6,102
2021-01-02,Niger,AFRO,0,3208,0,102
2021-01-03,Niger,AFRO,0,3208,0,102
2021-01-04,Niger,AFRO,0,3208,0,102
2021-01-05,Niger,AFRO,114,3322,2,104
2021-01-06,Niger,AFRO,0,3322,0,104
2021-01-07,Niger,AFRO,0,3322,0,104
2021-01-08,Niger,AFRO,0,3322,0,104
2021-01-09,Niger,AFRO,0,3322,0,104
2021-01-10,Niger,AFRO,0,3322,0,104
2021-01-11,Niger,AFRO,555,3877,22,126
2021-01-12,Niger,AFRO,0,3877,0,126
2021-01-13,Niger,AFRO,92,3969,9,135
2021-01-14,Niger,AFRO,29,3998,1,136
2021-01-15,Niger,AFRO,60,4058,1,137
2021-01-16,Niger,AFRO,47,4105,1,138
2021-01-17,Niger,AFRO,27,4132,0,138
2021-01-18,Niger,AFRO,24,4156,2,140
2021-01-19,Niger,AFRO,48,4204,5,145
2021-01-20,Niger,AFRO,21,4225,1,146
2021-01-21,Niger,AFRO,24,4249,1,147
2021-01-22,Niger,AFRO,18,4267,0,147
2021-01-23,Niger,AFRO,0,4267,0,147
2021-01-24,Niger,AFRO,54,4321,4,151
2021-01-25,Niger,AFRO,32,4353,0,151
2021-01-26,Niger,AFRO,21,4374,0,151
2021-01-27,Niger,AFRO,0,4374,0,151
2021-01-28,Niger,AFRO,59,4433,2,153
2021-01-29,Niger,AFRO,41,4474,4,157
2021-01-30,Niger,AFRO,15,4489,2,159
2021-01-31,Niger,AFRO,27,4516,0,159
2021-02-01,Niger,AFRO,1,4517,0,159
2021-02-02,Niger,AFRO,20,4537,2,161
2021-02-03,Niger,AFRO,11,4548,1,162
2021-02-04,Niger,AFRO,17,4565,1,163
2021-02-05,Niger,AFRO,10,4575,1,164
2021-02-06,Niger,AFRO,0,4575,0,164
2021-02-07,Niger,AFRO,23,4598,1,165
2021-02-08,Niger,AFRO,14,4612,0,165
2021-02-09,Niger,AFRO,9,4621,1,166
2021-02-10,Niger,AFRO,22,4643,1,167
2021-02-11,Niger,AFRO,0,4643,0,167
2021-02-12,Niger,AFRO,22,4665,0,167
2021-02-13,Niger,AFRO,13,4678,2,169
2021-02-14,Niger,AFRO,12,4690,0,169
2021-02-15,Niger,AFRO,5,4695,0,169
2021-02-16,Niger,AFRO,7,4702,0,169
2021-02-17,Niger,AFRO,4,4706,0,169
2021-02-18,Niger,AFRO,9,4715,1,170
2021-02-19,Niger,AFRO,3,4718,0,170
2021-02-20,Niger,AFRO,7,4725,0,170
2021-02-21,Niger,AFRO,8,4733,0,170
2021-02-22,Niger,AFRO,0,4733,0,170
2021-02-23,Niger,AFRO,7,4740,2,172
2021-02-24,Niger,AFRO,0,4740,0,172
2021-02-25,Niger,AFRO,0,4740,0,172
2021-02-26,Niger,AFRO,0,4740,0,172
2021-02-27,Niger,AFRO,0,4740,0,172
2021-02-28,Niger,AFRO,0,4740,0,172
2021-03-01,Niger,AFRO,0,4740,0,172
2021-03-02,Niger,AFRO,0,4740,0,172
2021-03-03,Niger,AFRO,0,4740,0,172
2021-03-04,Niger,AFRO,0,4740,0,172
2021-03-05,Niger,AFRO,0,4740,0,172
2021-03-06,Niger,AFRO,0,4740,0,172
2021-03-07,Niger,AFRO,0,4740,0,172
2021-03-08,Niger,AFRO,88,4828,5,177
2021-03-09,Niger,AFRO,1,4829,0,177
2021-03-10,Niger,AFRO,0,4829,0,177
2021-03-11,Niger,AFRO,19,4848,2,179
2021-03-12,Niger,AFRO,5,4853,1,180
2021-03-13,Niger,AFRO,0,4853,0,180
2021-03-14,Niger,AFRO,4,4857,1,181
2021-03-15,Niger,AFRO,3,4860,1,182
2021-03-16,Niger,AFRO,5,4865,0,182
2021-03-17,Niger,AFRO,5,4870,1,183
2021-03-18,Niger,AFRO,34,4904,2,185
2021-03-19,Niger,AFRO,2,4906,0,185
2021-03-20,Niger,AFRO,5,4911,0,185
2021-03-21,Niger,AFRO,7,4918,0,185
2021-03-22,Niger,AFRO,0,4918,0,185
2021-03-23,Niger,AFRO,0,4918,0,185
2021-03-24,Niger,AFRO,21,4939,0,185
2021-03-25,Niger,AFRO,16,4955,0,185
2021-03-26,Niger,AFRO,0,4955,0,185
2021-03-27,Niger,AFRO,17,4972,0,185
2021-03-28,Niger,AFRO,15,4987,0,185
2021-03-29,Niger,AFRO,0,4987,0,185
2021-03-30,Niger,AFRO,14,5001,1,186
2021-03-31,Niger,AFRO,2,5003,0,186
2021-04-01,Niger,AFRO,18,5021,1,187
2021-04-02,Niger,AFRO,5,5026,0,187
2021-04-03,Niger,AFRO,2,5028,1,188
2021-04-04,Niger,AFRO,5,5033,0,188
2021-04-05,Niger,AFRO,8,5041,0,188
2021-04-06,Niger,AFRO,1,5042,0,188
2021-04-07,Niger,AFRO,0,5042,0,188
2021-04-08,Niger,AFRO,10,5052,0,188
2021-04-09,Niger,AFRO,0,5052,0,188
2021-04-10,Niger,AFRO,10,5062,0,188
2021-04-11,Niger,AFRO,10,5072,0,188
2021-04-12,Niger,AFRO,2,5074,1,189
2021-04-13,Niger,AFRO,0,5074,0,189
2021-04-14,Niger,AFRO,34,5108,1,190
2021-04-15,Niger,AFRO,5,5113,0,190
2021-04-16,Niger,AFRO,1,5114,0,190
2021-04-17,Niger,AFRO,0,5114,0,190
2021-04-18,Niger,AFRO,0,5114,0,190
2021-04-19,Niger,AFRO,17,5131,0,190
2021-04-20,Niger,AFRO,6,5137,1,191
2021-04-21,Niger,AFRO,3,5140,0,191
2021-04-22,Niger,AFRO,1,5141,0,191
2021-04-23,Niger,AFRO,0,5141,0,191
2021-04-24,Niger,AFRO,0,5141,0,191
2021-04-25,Niger,AFRO,17,5158,0,191
2021-04-26,Niger,AFRO,33,5191,0,191
2021-04-27,Niger,AFRO,13,5204,0,191
2021-04-28,Niger,AFRO,0,5204,0,191
2021-04-29,Niger,AFRO,20,5224,0,191
2021-04-30,Niger,AFRO,0,5224,0,191
2021-05-01,Niger,AFRO,4,5228,0,191
2021-05-02,Niger,AFRO,0,5228,0,191
2021-05-03,Niger,AFRO,23,5251,0,191
2021-05-04,Niger,AFRO,10,5261,0,191
2021-05-05,Niger,AFRO,25,5286,1,192
2021-05-06,Niger,AFRO,23,5309,0,192
2021-05-07,Niger,AFRO,0,5309,0,192
2021-05-08,Niger,AFRO,1,5310,0,192
2021-05-09,Niger,AFRO,9,5319,0,192
2021-05-10,Niger,AFRO,2,5321,0,192
2021-05-11,Niger,AFRO,1,5322,0,192
2021-05-12,Niger,AFRO,2,5324,0,192
2021-05-13,Niger,AFRO,1,5325,0,192
2021-05-14,Niger,AFRO,1,5326,0,192
2021-05-15,Niger,AFRO,0,5326,0,192
2021-05-16,Niger,AFRO,4,5330,0,192
2021-05-17,Niger,AFRO,3,5333,0,192
2021-05-18,Niger,AFRO,6,5339,0,192
2021-05-19,Niger,AFRO,0,5339,0,192
2021-05-20,Niger,AFRO,17,5356,0,192
2021-05-21,Niger,AFRO,5,5361,0,192
2021-05-22,Niger,AFRO,3,5364,0,192
2021-05-23,Niger,AFRO,0,5364,0,192
2021-05-24,Niger,AFRO,19,5383,0,192
2021-05-25,Niger,AFRO,2,5385,0,192
2021-05-26,Niger,AFRO,4,5389,0,192
2021-05-27,Niger,AFRO,9,5398,0,192
2021-05-28,Niger,AFRO,8,5406,0,192
2021-05-29,Niger,AFRO,3,5409,0,192
2021-05-30,Niger,AFRO,1,5410,0,192
2021-01-01,Nigeria,AFRO,934,87510,11,1289
2021-01-02,Nigeria,AFRO,0,87510,0,1289
2021-01-03,Nigeria,AFRO,1653,89163,13,1302
2021-01-04,Nigeria,AFRO,917,90080,9,1311
2021-01-05,Nigeria,AFRO,1204,91284,7,1318
2021-01-06,Nigeria,AFRO,1421,92705,1,1319
2021-01-07,Nigeria,AFRO,1664,94369,5,1324
2021-01-08,Nigeria,AFRO,1565,95934,6,1330
2021-01-09,Nigeria,AFRO,1544,97478,12,1342
2021-01-10,Nigeria,AFRO,0,97478,0,1342
2021-01-11,Nigeria,AFRO,2609,100087,16,1358
2021-01-12,Nigeria,AFRO,1244,101331,3,1361
2021-01-13,Nigeria,AFRO,1270,102601,12,1373
2021-01-14,Nigeria,AFRO,1398,103999,9,1382
2021-01-15,Nigeria,AFRO,1479,105478,23,1405
2021-01-16,Nigeria,AFRO,1867,107345,8,1413
2021-01-17,Nigeria,AFRO,1598,108943,7,1420
2021-01-18,Nigeria,AFRO,1444,110387,15,1435
2021-01-19,Nigeria,AFRO,1617,112004,14,1449
2021-01-20,Nigeria,AFRO,1301,113305,15,1464
2021-01-21,Nigeria,AFRO,1386,114691,14,1478
2021-01-22,Nigeria,AFRO,1962,116653,7,1485
2021-01-23,Nigeria,AFRO,1485,118138,5,1490
2021-01-24,Nigeria,AFRO,2464,120602,5,1495
2021-01-25,Nigeria,AFRO,964,121566,2,1497
2021-01-26,Nigeria,AFRO,1430,122996,10,1507
2021-01-27,Nigeria,AFRO,1303,124299,15,1522
2021-01-28,Nigeria,AFRO,1861,126160,21,1543
2021-01-29,Nigeria,AFRO,864,127024,4,1547
2021-01-30,Nigeria,AFRO,1650,128674,30,1577
2021-01-31,Nigeria,AFRO,1883,130557,1,1578
2021-02-01,Nigeria,AFRO,685,131242,8,1586
2021-02-02,Nigeria,AFRO,676,131918,21,1607
2021-02-03,Nigeria,AFRO,1634,133552,6,1613
2021-02-04,Nigeria,AFRO,1138,134690,5,1618
2021-02-05,Nigeria,AFRO,1340,136030,14,1632
2021-02-06,Nigeria,AFRO,1624,137654,9,1641
2021-02-07,Nigeria,AFRO,1588,139242,6,1647
2021-02-08,Nigeria,AFRO,506,139748,20,1667
2021-02-09,Nigeria,AFRO,643,140391,6,1673
2021-02-10,Nigeria,AFRO,1056,141447,21,1694
2021-02-11,Nigeria,AFRO,1131,142578,8,1702
2021-02-12,Nigeria,AFRO,938,143516,8,1710
2021-02-13,Nigeria,AFRO,1005,144521,24,1734
2021-02-14,Nigeria,AFRO,1143,145664,13,1747
2021-02-15,Nigeria,AFRO,520,146184,5,1752
2021-02-16,Nigeria,AFRO,744,146928,0,1752
2021-02-17,Nigeria,AFRO,1368,148296,25,1777
2021-02-18,Nigeria,AFRO,1073,149369,10,1787
2021-02-19,Nigeria,AFRO,877,150246,16,1803
2021-02-20,Nigeria,AFRO,662,150908,10,1813
2021-02-21,Nigeria,AFRO,645,151553,18,1831
2021-02-22,Nigeria,AFRO,521,152074,8,1839
2021-02-23,Nigeria,AFRO,542,152616,23,1862
2021-02-24,Nigeria,AFRO,571,153187,12,1874
2021-02-25,Nigeria,AFRO,655,153842,11,1885
2021-02-26,Nigeria,AFRO,634,154476,6,1891
2021-02-27,Nigeria,AFRO,600,155076,11,1902
2021-02-28,Nigeria,AFRO,341,155417,3,1905
2021-03-01,Nigeria,AFRO,240,155657,2,1907
2021-03-02,Nigeria,AFRO,360,156017,8,1915
2021-03-03,Nigeria,AFRO,479,156496,8,1923
2021-03-04,Nigeria,AFRO,467,156963,16,1939
2021-03-05,Nigeria,AFRO,708,157671,12,1951
2021-03-06,Nigeria,AFRO,371,158042,3,1954
2021-03-07,Nigeria,AFRO,195,158237,10,1964
2021-03-08,Nigeria,AFRO,269,158506,5,1969
2021-03-09,Nigeria,AFRO,400,158906,13,1982
2021-03-10,Nigeria,AFRO,346,159252,6,1988
2021-03-11,Nigeria,AFRO,394,159646,5,1993
2021-03-12,Nigeria,AFRO,0,159646,0,1993
2021-03-13,Nigeria,AFRO,686,160332,16,2009
2021-03-14,Nigeria,AFRO,205,160537,4,2013
2021-03-15,Nigeria,AFRO,120,160657,0,2013
2021-03-16,Nigeria,AFRO,238,160895,3,2016
2021-03-17,Nigeria,AFRO,179,161074,2,2018
2021-03-18,Nigeria,AFRO,187,161261,9,2027
2021-03-19,Nigeria,AFRO,148,161409,0,2027
2021-03-20,Nigeria,AFRO,130,161539,0,2027
2021-03-21,Nigeria,AFRO,112,161651,3,2030
2021-03-22,Nigeria,AFRO,86,161737,0,2030
2021-03-23,Nigeria,AFRO,131,161868,0,2030
2021-03-24,Nigeria,AFRO,214,162082,1,2031
2021-03-25,Nigeria,AFRO,96,162178,0,2031
2021-03-26,Nigeria,AFRO,0,162178,0,2031
2021-03-27,Nigeria,AFRO,210,162388,8,2039
2021-03-28,Nigeria,AFRO,101,162489,2,2041
2021-03-29,Nigeria,AFRO,104,162593,7,2048
2021-03-30,Nigeria,AFRO,48,162641,1,2049
2021-03-31,Nigeria,AFRO,121,162762,7,2056
2021-04-01,Nigeria,AFRO,129,162891,1,2057
2021-04-02,Nigeria,AFRO,106,162997,1,2058
2021-04-03,Nigeria,AFRO,66,163063,0,2058
2021-04-04,Nigeria,AFRO,50,163113,0,2058
2021-04-05,Nigeria,AFRO,82,163195,0,2058
2021-04-06,Nigeria,AFRO,135,163330,0,2058
2021-04-07,Nigeria,AFRO,0,163330,0,2058
2021-04-08,Nigeria,AFRO,168,163498,0,2058
2021-04-09,Nigeria,AFRO,83,163581,0,2058
2021-04-10,Nigeria,AFRO,0,163581,0,2058
2021-04-11,Nigeria,AFRO,155,163736,2,2060
2021-04-12,Nigeria,AFRO,57,163793,0,2060
2021-04-13,Nigeria,AFRO,0,163793,0,2060
2021-04-14,Nigeria,AFRO,44,163837,1,2061
2021-04-15,Nigeria,AFRO,74,163911,0,2061
2021-04-16,Nigeria,AFRO,89,164000,0,2061
2021-04-17,Nigeria,AFRO,147,164147,0,2061
2021-04-18,Nigeria,AFRO,0,164147,0,2061
2021-04-19,Nigeria,AFRO,86,164233,0,2061
2021-04-20,Nigeria,AFRO,70,164303,0,2061
2021-04-21,Nigeria,AFRO,120,164423,0,2061
2021-04-22,Nigeria,AFRO,0,164423,0,2061
2021-04-23,Nigeria,AFRO,165,164588,0,2061
2021-04-24,Nigeria,AFRO,45,164633,0,2061
2021-04-25,Nigeria,AFRO,51,164684,0,2061
2021-04-26,Nigeria,AFRO,35,164719,1,2062
2021-04-27,Nigeria,AFRO,37,164756,0,2062
2021-04-28,Nigeria,AFRO,156,164912,0,2062
2021-04-29,Nigeria,AFRO,81,164993,1,2063
2021-04-30,Nigeria,AFRO,62,165055,0,2063
2021-05-01,Nigeria,AFRO,55,165110,0,2063
2021-05-02,Nigeria,AFRO,43,165153,0,2063
2021-05-03,Nigeria,AFRO,14,165167,0,2063
2021-05-04,Nigeria,AFRO,32,165199,0,2063
2021-05-05,Nigeria,AFRO,34,165233,0,2063
2021-05-06,Nigeria,AFRO,40,165273,0,2063
2021-05-07,Nigeria,AFRO,40,165313,2,2065
2021-05-08,Nigeria,AFRO,39,165352,0,2065
2021-05-09,Nigeria,AFRO,30,165382,0,2065
2021-05-10,Nigeria,AFRO,37,165419,0,2065
2021-05-11,Nigeria,AFRO,49,165468,0,2065
2021-05-12,Nigeria,AFRO,47,165515,0,2065
2021-05-13,Nigeria,AFRO,44,165559,1,2066
2021-05-14,Nigeria,AFRO,53,165612,0,2066
2021-05-15,Nigeria,AFRO,49,165661,0,2066
2021-05-16,Nigeria,AFRO,41,165702,0,2066
2021-05-17,Nigeria,AFRO,7,165709,0,2066
2021-05-18,Nigeria,AFRO,69,165778,1,2067
2021-05-19,Nigeria,AFRO,29,165807,0,2067
2021-05-20,Nigeria,AFRO,45,165852,0,2067
2021-05-21,Nigeria,AFRO,49,165901,0,2067
2021-05-22,Nigeria,AFRO,43,165944,0,2067
2021-05-23,Nigeria,AFRO,35,165979,0,2067
2021-05-24,Nigeria,AFRO,40,166019,0,2067
2021-05-25,Nigeria,AFRO,42,166061,0,2067
2021-05-26,Nigeria,AFRO,37,166098,4,2071
2021-05-27,Nigeria,AFRO,48,166146,0,2071
2021-05-28,Nigeria,AFRO,45,166191,0,2071
2021-05-29,Nigeria,AFRO,63,166254,0,2071
2021-05-30,Nigeria,AFRO,31,166285,0,2071
2021-01-01,Niue,WPRO,0,0,0,0
2021-01-02,Niue,WPRO,0,0,0,0
2021-01-03,Niue,WPRO,0,0,0,0
2021-01-04,Niue,WPRO,0,0,0,0
2021-01-05,Niue,WPRO,0,0,0,0
2021-01-06,Niue,WPRO,0,0,0,0
2021-01-07,Niue,WPRO,0,0,0,0
2021-01-08,Niue,WPRO,0,0,0,0
2021-01-09,Niue,WPRO,0,0,0,0
2021-01-10,Niue,WPRO,0,0,0,0
2021-01-11,Niue,WPRO,0,0,0,0
2021-01-12,Niue,WPRO,0,0,0,0
2021-01-13,Niue,WPRO,0,0,0,0
2021-01-14,Niue,WPRO,0,0,0,0
2021-01-15,Niue,WPRO,0,0,0,0
2021-01-16,Niue,WPRO,0,0,0,0
2021-01-17,Niue,WPRO,0,0,0,0
2021-01-18,Niue,WPRO,0,0,0,0
2021-01-19,Niue,WPRO,0,0,0,0
2021-01-20,Niue,WPRO,0,0,0,0
2021-01-21,Niue,WPRO,0,0,0,0
2021-01-22,Niue,WPRO,0,0,0,0
2021-01-23,Niue,WPRO,0,0,0,0
2021-01-24,Niue,WPRO,0,0,0,0
2021-01-25,Niue,WPRO,0,0,0,0
2021-01-26,Niue,WPRO,0,0,0,0
2021-01-27,Niue,WPRO,0,0,0,0
2021-01-28,Niue,WPRO,0,0,0,0
2021-01-29,Niue,WPRO,0,0,0,0
2021-01-30,Niue,WPRO,0,0,0,0
2021-01-31,Niue,WPRO,0,0,0,0
2021-02-01,Niue,WPRO,0,0,0,0
2021-02-02,Niue,WPRO,0,0,0,0
2021-02-03,Niue,WPRO,0,0,0,0
2021-02-04,Niue,WPRO,0,0,0,0
2021-02-05,Niue,WPRO,0,0,0,0
2021-02-06,Niue,WPRO,0,0,0,0
2021-02-07,Niue,WPRO,0,0,0,0
2021-02-08,Niue,WPRO,0,0,0,0
2021-02-09,Niue,WPRO,0,0,0,0
2021-02-10,Niue,WPRO,0,0,0,0
2021-02-11,Niue,WPRO,0,0,0,0
2021-02-12,Niue,WPRO,0,0,0,0
2021-02-13,Niue,WPRO,0,0,0,0
2021-02-14,Niue,WPRO,0,0,0,0
2021-02-15,Niue,WPRO,0,0,0,0
2021-02-16,Niue,WPRO,0,0,0,0
2021-02-17,Niue,WPRO,0,0,0,0
2021-02-18,Niue,WPRO,0,0,0,0
2021-02-19,Niue,WPRO,0,0,0,0
2021-02-20,Niue,WPRO,0,0,0,0
2021-02-21,Niue,WPRO,0,0,0,0
2021-02-22,Niue,WPRO,0,0,0,0
2021-02-23,Niue,WPRO,0,0,0,0
2021-02-24,Niue,WPRO,0,0,0,0
2021-02-25,Niue,WPRO,0,0,0,0
2021-02-26,Niue,WPRO,0,0,0,0
2021-02-27,Niue,WPRO,0,0,0,0
2021-02-28,Niue,WPRO,0,0,0,0
2021-03-01,Niue,WPRO,0,0,0,0
2021-03-02,Niue,WPRO,0,0,0,0
2021-03-03,Niue,WPRO,0,0,0,0
2021-03-04,Niue,WPRO,0,0,0,0
2021-03-05,Niue,WPRO,0,0,0,0
2021-03-06,Niue,WPRO,0,0,0,0
2021-03-07,Niue,WPRO,0,0,0,0
2021-03-08,Niue,WPRO,0,0,0,0
2021-03-09,Niue,WPRO,0,0,0,0
2021-03-10,Niue,WPRO,0,0,0,0
2021-03-11,Niue,WPRO,0,0,0,0
2021-03-12,Niue,WPRO,0,0,0,0
2021-03-13,Niue,WPRO,0,0,0,0
2021-03-14,Niue,WPRO,0,0,0,0
2021-03-15,Niue,WPRO,0,0,0,0
2021-03-16,Niue,WPRO,0,0,0,0
2021-03-17,Niue,WPRO,0,0,0,0
2021-03-18,Niue,WPRO,0,0,0,0
2021-03-19,Niue,WPRO,0,0,0,0
2021-03-20,Niue,WPRO,0,0,0,0
2021-03-21,Niue,WPRO,0,0,0,0
2021-03-22,Niue,WPRO,0,0,0,0
2021-03-23,Niue,WPRO,0,0,0,0
2021-03-24,Niue,WPRO,0,0,0,0
2021-03-25,Niue,WPRO,0,0,0,0
2021-03-26,Niue,WPRO,0,0,0,0
2021-03-27,Niue,WPRO,0,0,0,0
2021-03-28,Niue,WPRO,0,0,0,0
2021-03-29,Niue,WPRO,0,0,0,0
2021-03-30,Niue,WPRO,0,0,0,0
2021-03-31,Niue,WPRO,0,0,0,0
2021-04-01,Niue,WPRO,0,0,0,0
2021-04-02,Niue,WPRO,0,0,0,0
2021-04-03,Niue,WPRO,0,0,0,0
2021-04-04,Niue,WPRO,0,0,0,0
2021-04-05,Niue,WPRO,0,0,0,0
2021-04-06,Niue,WPRO,0,0,0,0
2021-04-07,Niue,WPRO,0,0,0,0
2021-04-08,Niue,WPRO,0,0,0,0
2021-04-09,Niue,WPRO,0,0,0,0
2021-04-10,Niue,WPRO,0,0,0,0
2021-04-11,Niue,WPRO,0,0,0,0
2021-04-12,Niue,WPRO,0,0,0,0
2021-04-13,Niue,WPRO,0,0,0,0
2021-04-14,Niue,WPRO,0,0,0,0
2021-04-15,Niue,WPRO,0,0,0,0
2021-04-16,Niue,WPRO,0,0,0,0
2021-04-17,Niue,WPRO,0,0,0,0
2021-04-18,Niue,WPRO,0,0,0,0
2021-04-19,Niue,WPRO,0,0,0,0
2021-04-20,Niue,WPRO,0,0,0,0
2021-04-21,Niue,WPRO,0,0,0,0
2021-04-22,Niue,WPRO,0,0,0,0
2021-04-23,Niue,WPRO,0,0,0,0
2021-04-24,Niue,WPRO,0,0,0,0
2021-04-25,Niue,WPRO,0,0,0,0
2021-04-26,Niue,WPRO,0,0,0,0
2021-04-27,Niue,WPRO,0,0,0,0
2021-04-28,Niue,WPRO,0,0,0,0
2021-04-29,Niue,WPRO,0,0,0,0
2021-04-30,Niue,WPRO,0,0,0,0
2021-05-01,Niue,WPRO,0,0,0,0
2021-05-02,Niue,WPRO,0,0,0,0
2021-05-03,Niue,WPRO,0,0,0,0
2021-05-04,Niue,WPRO,0,0,0,0
2021-05-05,Niue,WPRO,0,0,0,0
2021-05-06,Niue,WPRO,0,0,0,0
2021-05-07,Niue,WPRO,0,0,0,0
2021-05-08,Niue,WPRO,0,0,0,0
2021-05-09,Niue,WPRO,0,0,0,0
2021-05-10,Niue,WPRO,0,0,0,0
2021-05-11,Niue,WPRO,0,0,0,0
2021-05-12,Niue,WPRO,0,0,0,0
2021-05-13,Niue,WPRO,0,0,0,0
2021-05-14,Niue,WPRO,0,0,0,0
2021-05-15,Niue,WPRO,0,0,0,0
2021-05-16,Niue,WPRO,0,0,0,0
2021-05-17,Niue,WPRO,0,0,0,0
2021-05-18,Niue,WPRO,0,0,0,0
2021-05-19,Niue,WPRO,0,0,0,0
2021-05-20,Niue,WPRO,0,0,0,0
2021-05-21,Niue,WPRO,0,0,0,0
2021-05-22,Niue,WPRO,0,0,0,0
2021-05-23,Niue,WPRO,0,0,0,0
2021-05-24,Niue,WPRO,0,0,0,0
2021-05-25,Niue,WPRO,0,0,0,0
2021-05-26,Niue,WPRO,0,0,0,0
2021-05-27,Niue,WPRO,0,0,0,0
2021-05-28,Niue,WPRO,0,0,0,0
2021-05-29,Niue,WPRO,0,0,0,0
2021-05-30,Niue,WPRO,0,0,0,0
2021-01-01,North Macedonia,EURO,535,83329,15,2503
2021-01-02,North Macedonia,EURO,414,83743,7,2510
2021-01-03,North Macedonia,EURO,46,83789,12,2522
2021-01-04,North Macedonia,EURO,235,84024,8,2530
2021-01-05,North Macedonia,EURO,105,84129,20,2550
2021-01-06,North Macedonia,EURO,580,84709,9,2559
2021-01-07,North Macedonia,EURO,619,85328,12,2571
2021-01-08,North Macedonia,EURO,166,85494,10,2581
2021-01-09,North Macedonia,EURO,100,85594,11,2592
2021-01-10,North Macedonia,EURO,556,86150,22,2614
2021-01-11,North Macedonia,EURO,344,86494,8,2622
2021-01-12,North Macedonia,EURO,103,86597,13,2635
2021-01-13,North Macedonia,EURO,520,87117,12,2647
2021-01-14,North Macedonia,EURO,473,87590,10,2657
2021-01-15,North Macedonia,EURO,396,87986,15,2672
2021-01-16,North Macedonia,EURO,403,88389,10,2682
2021-01-17,North Macedonia,EURO,360,88749,14,2696
2021-01-18,North Macedonia,EURO,189,88938,6,2702
2021-01-19,North Macedonia,EURO,54,88992,13,2715
2021-01-20,North Macedonia,EURO,400,89392,11,2726
2021-01-21,North Macedonia,EURO,71,89463,13,2739
2021-01-22,North Macedonia,EURO,354,89817,15,2754
2021-01-23,North Macedonia,EURO,307,90124,14,2768
2021-01-24,North Macedonia,EURO,347,90471,11,2779
2021-01-25,North Macedonia,EURO,183,90654,6,2785
2021-01-26,North Macedonia,EURO,63,90717,6,2791
2021-01-27,North Macedonia,EURO,444,91161,21,2812
2021-01-28,North Macedonia,EURO,394,91555,9,2821
2021-01-29,North Macedonia,EURO,336,91891,10,2831
2021-01-30,North Macedonia,EURO,302,92193,10,2841
2021-01-31,North Macedonia,EURO,325,92518,7,2848
2021-02-01,North Macedonia,EURO,175,92693,7,2855
2021-02-02,North Macedonia,EURO,60,92753,11,2866
2021-02-03,North Macedonia,EURO,407,93160,7,2873
2021-02-04,North Macedonia,EURO,350,93510,20,2893
2021-02-05,North Macedonia,EURO,372,93882,7,2900
2021-02-06,North Macedonia,EURO,314,94196,8,2908
2021-02-07,North Macedonia,EURO,403,94599,8,2916
2021-02-08,North Macedonia,EURO,199,94798,8,2924
2021-02-09,North Macedonia,EURO,73,94871,22,2946
2021-02-10,North Macedonia,EURO,476,95347,9,2955
2021-02-11,North Macedonia,EURO,389,95736,4,2959
2021-02-12,North Macedonia,EURO,416,96152,7,2966
2021-02-13,North Macedonia,EURO,366,96518,5,2971
2021-02-14,North Macedonia,EURO,354,96872,5,2976
2021-02-15,North Macedonia,EURO,180,97052,13,2989
2021-02-16,North Macedonia,EURO,49,97101,9,2998
2021-02-17,North Macedonia,EURO,355,97456,5,3003
2021-02-18,North Macedonia,EURO,347,97803,7,3010
2021-02-19,North Macedonia,EURO,371,98174,8,3018
2021-02-20,North Macedonia,EURO,410,98584,19,3037
2021-02-21,North Macedonia,EURO,447,99031,10,3047
2021-02-22,North Macedonia,EURO,254,99285,16,3063
2021-02-23,North Macedonia,EURO,123,99408,13,3076
2021-02-24,North Macedonia,EURO,509,99917,9,3085
2021-02-25,North Macedonia,EURO,715,100632,13,3098
2021-02-26,North Macedonia,EURO,582,101214,13,3111
2021-02-27,North Macedonia,EURO,548,101762,8,3119
2021-02-28,North Macedonia,EURO,720,102482,7,3126
2021-03-01,North Macedonia,EURO,305,102787,11,3137
2021-03-02,North Macedonia,EURO,233,103020,7,3144
2021-03-03,North Macedonia,EURO,726,103746,7,3151
2021-03-04,North Macedonia,EURO,802,104548,5,3156
2021-03-05,North Macedonia,EURO,721,105269,9,3165
2021-03-06,North Macedonia,EURO,841,106110,11,3176
2021-03-07,North Macedonia,EURO,722,106832,9,3185
2021-03-08,North Macedonia,EURO,331,107163,10,3195
2021-03-09,North Macedonia,EURO,316,107479,11,3206
2021-03-10,North Macedonia,EURO,871,108350,22,3228
2021-03-11,North Macedonia,EURO,912,109262,16,3244
2021-03-12,North Macedonia,EURO,947,110209,21,3265
2021-03-13,North Macedonia,EURO,868,111077,15,3280
2021-03-14,North Macedonia,EURO,1030,112107,20,3300
2021-03-15,North Macedonia,EURO,539,112646,19,3319
2021-03-16,North Macedonia,EURO,284,112930,21,3340
2021-03-17,North Macedonia,EURO,999,113929,24,3364
2021-03-18,North Macedonia,EURO,1293,115222,24,3388
2021-03-19,North Macedonia,EURO,1216,116438,15,3403
2021-03-20,North Macedonia,EURO,999,117437,21,3424
2021-03-21,North Macedonia,EURO,1299,118736,24,3448
2021-03-22,North Macedonia,EURO,642,119378,25,3473
2021-03-23,North Macedonia,EURO,450,119828,30,3503
2021-03-24,North Macedonia,EURO,1054,120882,25,3528
2021-03-25,North Macedonia,EURO,1345,122227,17,3545
2021-03-26,North Macedonia,EURO,1264,123491,29,3574
2021-03-27,North Macedonia,EURO,1419,124910,33,3607
2021-03-28,North Macedonia,EURO,1320,126230,35,3642
2021-03-29,North Macedonia,EURO,708,126938,33,3675
2021-03-30,North Macedonia,EURO,302,127240,41,3716
2021-03-31,North Macedonia,EURO,1271,128511,33,3749
2021-04-01,North Macedonia,EURO,1511,130022,32,3781
2021-04-02,North Macedonia,EURO,1402,131424,29,3810
2021-04-03,North Macedonia,EURO,1316,132740,50,3860
2021-04-04,North Macedonia,EURO,184,132924,0,3860
2021-04-05,North Macedonia,EURO,1394,134318,45,3905
2021-04-06,North Macedonia,EURO,849,135167,72,3977
2021-04-07,North Macedonia,EURO,1259,136426,45,4022
2021-04-08,North Macedonia,EURO,1302,137728,51,4073
2021-04-09,North Macedonia,EURO,1163,138891,35,4108
2021-04-10,North Macedonia,EURO,1174,140065,42,4150
2021-04-11,North Macedonia,EURO,1092,141157,32,4182
2021-04-12,North Macedonia,EURO,687,141844,46,4228
2021-04-13,North Macedonia,EURO,190,142034,34,4262
2021-04-14,North Macedonia,EURO,1128,143162,27,4289
2021-04-15,North Macedonia,EURO,949,144111,33,4322
2021-04-16,North Macedonia,EURO,890,145001,35,4357
2021-04-17,North Macedonia,EURO,908,145909,31,4388
2021-04-18,North Macedonia,EURO,824,146733,31,4419
2021-04-19,North Macedonia,EURO,361,147094,24,4443
2021-04-20,North Macedonia,EURO,135,147229,35,4478
2021-04-21,North Macedonia,EURO,766,147995,31,4509
2021-04-22,North Macedonia,EURO,623,148618,47,4556
2021-04-23,North Macedonia,EURO,603,149221,39,4595
2021-04-24,North Macedonia,EURO,489,149710,33,4628
2021-04-25,North Macedonia,EURO,564,150274,22,4650
2021-04-26,North Macedonia,EURO,314,150588,27,4677
2021-04-27,North Macedonia,EURO,84,150672,37,4714
2021-04-28,North Macedonia,EURO,450,151122,28,4742
2021-04-29,North Macedonia,EURO,447,151569,30,4772
2021-04-30,North Macedonia,EURO,181,151750,0,4772
2021-05-01,North Macedonia,EURO,617,152367,83,4855
2021-05-02,North Macedonia,EURO,214,152581,36,4891
2021-05-03,North Macedonia,EURO,104,152685,45,4936
2021-05-04,North Macedonia,EURO,62,152747,25,4961
2021-05-05,North Macedonia,EURO,67,152814,31,4992
2021-05-06,North Macedonia,EURO,323,153137,24,5016
2021-05-07,North Macedonia,EURO,324,153461,26,5042
2021-05-08,North Macedonia,EURO,233,153694,25,5067
2021-05-09,North Macedonia,EURO,197,153891,12,5079
2021-05-10,North Macedonia,EURO,135,154026,14,5093
2021-05-11,North Macedonia,EURO,25,154051,16,5109
2021-05-12,North Macedonia,EURO,171,154222,26,5135
2021-05-13,North Macedonia,EURO,150,154372,16,5151
2021-05-14,North Macedonia,EURO,122,154494,17,5168
2021-05-15,North Macedonia,EURO,30,154524,16,5184
2021-05-16,North Macedonia,EURO,112,154636,13,5197
2021-05-17,North Macedonia,EURO,62,154698,14,5211
2021-05-18,North Macedonia,EURO,27,154725,19,5230
2021-05-19,North Macedonia,EURO,79,154804,2,5232
2021-05-20,North Macedonia,EURO,87,154891,17,5249
2021-05-21,North Macedonia,EURO,46,154937,16,5265
2021-05-22,North Macedonia,EURO,45,154982,15,5280
2021-05-23,North Macedonia,EURO,46,155028,16,5296
2021-05-24,North Macedonia,EURO,35,155063,15,5311
2021-05-25,North Macedonia,EURO,4,155067,18,5329
2021-05-26,North Macedonia,EURO,4,155071,13,5342
2021-05-27,North Macedonia,EURO,46,155117,14,5356
2021-05-28,North Macedonia,EURO,52,155169,13,5369
2021-05-29,North Macedonia,EURO,48,155217,18,5387
2021-05-30,North Macedonia,EURO,29,155246,11,5398
2021-01-01,Northern Mariana Islands (Commonwealth of the),WPRO,0,122,0,2
2021-01-02,Northern Mariana Islands (Commonwealth of the),WPRO,0,122,0,2
2021-01-03,Northern Mariana Islands (Commonwealth of the),WPRO,0,122,0,2
2021-01-04,Northern Mariana Islands (Commonwealth of the),WPRO,2,124,0,2
2021-01-05,Northern Mariana Islands (Commonwealth of the),WPRO,1,125,0,2
2021-01-06,Northern Mariana Islands (Commonwealth of the),WPRO,0,125,0,2
2021-01-07,Northern Mariana Islands (Commonwealth of the),WPRO,0,125,0,2
2021-01-08,Northern Mariana Islands (Commonwealth of the),WPRO,0,125,0,2
2021-01-09,Northern Mariana Islands (Commonwealth of the),WPRO,0,125,0,2
2021-01-10,Northern Mariana Islands (Commonwealth of the),WPRO,0,125,0,2
2021-01-11,Northern Mariana Islands (Commonwealth of the),WPRO,0,125,0,2
2021-01-12,Northern Mariana Islands (Commonwealth of the),WPRO,3,128,0,2
2021-01-13,Northern Mariana Islands (Commonwealth of the),WPRO,0,128,0,2
2021-01-14,Northern Mariana Islands (Commonwealth of the),WPRO,0,128,0,2
2021-01-15,Northern Mariana Islands (Commonwealth of the),WPRO,0,128,0,2
2021-01-16,Northern Mariana Islands (Commonwealth of the),WPRO,0,128,0,2
2021-01-17,Northern Mariana Islands (Commonwealth of the),WPRO,0,128,0,2
2021-01-18,Northern Mariana Islands (Commonwealth of the),WPRO,1,129,0,2
2021-01-19,Northern Mariana Islands (Commonwealth of the),WPRO,0,129,0,2
2021-01-20,Northern Mariana Islands (Commonwealth of the),WPRO,0,129,0,2
2021-01-21,Northern Mariana Islands (Commonwealth of the),WPRO,0,129,0,2
2021-01-22,Northern Mariana Islands (Commonwealth of the),WPRO,0,129,0,2
2021-01-23,Northern Mariana Islands (Commonwealth of the),WPRO,0,129,0,2
2021-01-24,Northern Mariana Islands (Commonwealth of the),WPRO,3,132,0,2
2021-01-25,Northern Mariana Islands (Commonwealth of the),WPRO,0,132,0,2
2021-01-26,Northern Mariana Islands (Commonwealth of the),WPRO,0,132,0,2
2021-01-27,Northern Mariana Islands (Commonwealth of the),WPRO,0,132,0,2
2021-01-28,Northern Mariana Islands (Commonwealth of the),WPRO,0,132,0,2
2021-01-29,Northern Mariana Islands (Commonwealth of the),WPRO,0,132,0,2
2021-01-30,Northern Mariana Islands (Commonwealth of the),WPRO,0,132,0,2
2021-01-31,Northern Mariana Islands (Commonwealth of the),WPRO,0,132,0,2
2021-02-01,Northern Mariana Islands (Commonwealth of the),WPRO,0,132,0,2
2021-02-02,Northern Mariana Islands (Commonwealth of the),WPRO,1,133,0,2
2021-02-03,Northern Mariana Islands (Commonwealth of the),WPRO,0,133,0,2
2021-02-04,Northern Mariana Islands (Commonwealth of the),WPRO,0,133,0,2
2021-02-05,Northern Mariana Islands (Commonwealth of the),WPRO,0,133,0,2
2021-02-06,Northern Mariana Islands (Commonwealth of the),WPRO,0,133,0,2
2021-02-07,Northern Mariana Islands (Commonwealth of the),WPRO,0,133,0,2
2021-02-08,Northern Mariana Islands (Commonwealth of the),WPRO,0,133,0,2
2021-02-09,Northern Mariana Islands (Commonwealth of the),WPRO,0,133,0,2
2021-02-10,Northern Mariana Islands (Commonwealth of the),WPRO,0,133,0,2
2021-02-11,Northern Mariana Islands (Commonwealth of the),WPRO,0,133,0,2
2021-02-12,Northern Mariana Islands (Commonwealth of the),WPRO,1,134,0,2
2021-02-13,Northern Mariana Islands (Commonwealth of the),WPRO,0,134,0,2
2021-02-14,Northern Mariana Islands (Commonwealth of the),WPRO,0,134,0,2
2021-02-15,Northern Mariana Islands (Commonwealth of the),WPRO,0,134,0,2
2021-02-16,Northern Mariana Islands (Commonwealth of the),WPRO,0,134,0,2
2021-02-17,Northern Mariana Islands (Commonwealth of the),WPRO,1,135,0,2
2021-02-18,Northern Mariana Islands (Commonwealth of the),WPRO,0,135,0,2
2021-02-19,Northern Mariana Islands (Commonwealth of the),WPRO,0,135,0,2
2021-02-20,Northern Mariana Islands (Commonwealth of the),WPRO,0,135,0,2
2021-02-21,Northern Mariana Islands (Commonwealth of the),WPRO,8,143,0,2
2021-02-22,Northern Mariana Islands (Commonwealth of the),WPRO,0,143,0,2
2021-02-23,Northern Mariana Islands (Commonwealth of the),WPRO,0,143,0,2
2021-02-24,Northern Mariana Islands (Commonwealth of the),WPRO,0,143,0,2
2021-02-25,Northern Mariana Islands (Commonwealth of the),WPRO,0,143,0,2
2021-02-26,Northern Mariana Islands (Commonwealth of the),WPRO,0,143,0,2
2021-02-27,Northern Mariana Islands (Commonwealth of the),WPRO,0,143,0,2
2021-02-28,Northern Mariana Islands (Commonwealth of the),WPRO,0,143,0,2
2021-03-01,Northern Mariana Islands (Commonwealth of the),WPRO,0,143,0,2
2021-03-02,Northern Mariana Islands (Commonwealth of the),WPRO,0,143,0,2
2021-03-03,Northern Mariana Islands (Commonwealth of the),WPRO,1,144,0,2
2021-03-04,Northern Mariana Islands (Commonwealth of the),WPRO,0,144,0,2
2021-03-05,Northern Mariana Islands (Commonwealth of the),WPRO,0,144,0,2
2021-03-06,Northern Mariana Islands (Commonwealth of the),WPRO,0,144,0,2
2021-03-07,Northern Mariana Islands (Commonwealth of the),WPRO,1,145,0,2
2021-03-08,Northern Mariana Islands (Commonwealth of the),WPRO,0,145,0,2
2021-03-09,Northern Mariana Islands (Commonwealth of the),WPRO,1,146,0,2
2021-03-10,Northern Mariana Islands (Commonwealth of the),WPRO,0,146,0,2
2021-03-11,Northern Mariana Islands (Commonwealth of the),WPRO,0,146,0,2
2021-03-12,Northern Mariana Islands (Commonwealth of the),WPRO,0,146,0,2
2021-03-13,Northern Mariana Islands (Commonwealth of the),WPRO,1,147,0,2
2021-03-14,Northern Mariana Islands (Commonwealth of the),WPRO,3,150,0,2
2021-03-15,Northern Mariana Islands (Commonwealth of the),WPRO,4,154,0,2
2021-03-16,Northern Mariana Islands (Commonwealth of the),WPRO,2,156,0,2
2021-03-17,Northern Mariana Islands (Commonwealth of the),WPRO,0,156,0,2
2021-03-18,Northern Mariana Islands (Commonwealth of the),WPRO,1,157,0,2
2021-03-19,Northern Mariana Islands (Commonwealth of the),WPRO,0,157,0,2
2021-03-20,Northern Mariana Islands (Commonwealth of the),WPRO,0,157,0,2
2021-03-21,Northern Mariana Islands (Commonwealth of the),WPRO,0,157,0,2
2021-03-22,Northern Mariana Islands (Commonwealth of the),WPRO,0,157,0,2
2021-03-23,Northern Mariana Islands (Commonwealth of the),WPRO,1,158,0,2
2021-03-24,Northern Mariana Islands (Commonwealth of the),WPRO,0,158,0,2
2021-03-25,Northern Mariana Islands (Commonwealth of the),WPRO,1,159,0,2
2021-03-26,Northern Mariana Islands (Commonwealth of the),WPRO,0,159,0,2
2021-03-27,Northern Mariana Islands (Commonwealth of the),WPRO,0,159,0,2
2021-03-28,Northern Mariana Islands (Commonwealth of the),WPRO,0,159,0,2
2021-03-29,Northern Mariana Islands (Commonwealth of the),WPRO,0,159,0,2
2021-03-30,Northern Mariana Islands (Commonwealth of the),WPRO,0,159,0,2
2021-03-31,Northern Mariana Islands (Commonwealth of the),WPRO,0,159,0,2
2021-04-01,Northern Mariana Islands (Commonwealth of the),WPRO,0,159,0,2
2021-04-02,Northern Mariana Islands (Commonwealth of the),WPRO,0,159,0,2
2021-04-03,Northern Mariana Islands (Commonwealth of the),WPRO,0,159,0,2
2021-04-04,Northern Mariana Islands (Commonwealth of the),WPRO,0,159,0,2
2021-04-05,Northern Mariana Islands (Commonwealth of the),WPRO,0,159,0,2
2021-04-06,Northern Mariana Islands (Commonwealth of the),WPRO,0,159,0,2
2021-04-07,Northern Mariana Islands (Commonwealth of the),WPRO,1,160,0,2
2021-04-08,Northern Mariana Islands (Commonwealth of the),WPRO,0,160,0,2
2021-04-09,Northern Mariana Islands (Commonwealth of the),WPRO,0,160,0,2
2021-04-10,Northern Mariana Islands (Commonwealth of the),WPRO,0,160,0,2
2021-04-11,Northern Mariana Islands (Commonwealth of the),WPRO,0,160,0,2
2021-04-12,Northern Mariana Islands (Commonwealth of the),WPRO,0,160,0,2
2021-04-13,Northern Mariana Islands (Commonwealth of the),WPRO,0,160,0,2
2021-04-14,Northern Mariana Islands (Commonwealth of the),WPRO,0,160,0,2
2021-04-15,Northern Mariana Islands (Commonwealth of the),WPRO,1,161,0,2
2021-04-16,Northern Mariana Islands (Commonwealth of the),WPRO,1,162,0,2
2021-04-17,Northern Mariana Islands (Commonwealth of the),WPRO,0,162,0,2
2021-04-18,Northern Mariana Islands (Commonwealth of the),WPRO,0,162,0,2
2021-04-19,Northern Mariana Islands (Commonwealth of the),WPRO,0,162,0,2
2021-04-20,Northern Mariana Islands (Commonwealth of the),WPRO,0,162,0,2
2021-04-21,Northern Mariana Islands (Commonwealth of the),WPRO,0,162,0,2
2021-04-22,Northern Mariana Islands (Commonwealth of the),WPRO,0,162,0,2
2021-04-23,Northern Mariana Islands (Commonwealth of the),WPRO,2,164,0,2
2021-04-24,Northern Mariana Islands (Commonwealth of the),WPRO,0,164,0,2
2021-04-25,Northern Mariana Islands (Commonwealth of the),WPRO,0,164,0,2
2021-04-26,Northern Mariana Islands (Commonwealth of the),WPRO,0,164,0,2
2021-04-27,Northern Mariana Islands (Commonwealth of the),WPRO,0,164,0,2
2021-04-28,Northern Mariana Islands (Commonwealth of the),WPRO,0,164,0,2
2021-04-29,Northern Mariana Islands (Commonwealth of the),WPRO,0,164,0,2
2021-04-30,Northern Mariana Islands (Commonwealth of the),WPRO,0,164,0,2
2021-05-01,Northern Mariana Islands (Commonwealth of the),WPRO,4,168,0,2
2021-05-02,Northern Mariana Islands (Commonwealth of the),WPRO,0,168,0,2
2021-05-03,Northern Mariana Islands (Commonwealth of the),WPRO,0,168,0,2
2021-05-04,Northern Mariana Islands (Commonwealth of the),WPRO,0,168,0,2
2021-05-05,Northern Mariana Islands (Commonwealth of the),WPRO,0,168,0,2
2021-05-06,Northern Mariana Islands (Commonwealth of the),WPRO,0,168,0,2
2021-05-07,Northern Mariana Islands (Commonwealth of the),WPRO,0,168,0,2
2021-05-08,Northern Mariana Islands (Commonwealth of the),WPRO,1,169,0,2
2021-05-09,Northern Mariana Islands (Commonwealth of the),WPRO,0,169,0,2
2021-05-10,Northern Mariana Islands (Commonwealth of the),WPRO,1,170,0,2
2021-05-11,Northern Mariana Islands (Commonwealth of the),WPRO,0,170,0,2
2021-05-12,Northern Mariana Islands (Commonwealth of the),WPRO,0,170,0,2
2021-05-13,Northern Mariana Islands (Commonwealth of the),WPRO,0,170,0,2
2021-05-14,Northern Mariana Islands (Commonwealth of the),WPRO,0,170,0,2
2021-05-15,Northern Mariana Islands (Commonwealth of the),WPRO,2,172,0,2
2021-05-16,Northern Mariana Islands (Commonwealth of the),WPRO,1,173,0,2
2021-05-17,Northern Mariana Islands (Commonwealth of the),WPRO,0,173,0,2
2021-05-18,Northern Mariana Islands (Commonwealth of the),WPRO,0,173,0,2
2021-05-19,Northern Mariana Islands (Commonwealth of the),WPRO,1,174,0,2
2021-05-20,Northern Mariana Islands (Commonwealth of the),WPRO,1,175,0,2
2021-05-21,Northern Mariana Islands (Commonwealth of the),WPRO,1,176,0,2
2021-05-22,Northern Mariana Islands (Commonwealth of the),WPRO,5,181,0,2
2021-05-23,Northern Mariana Islands (Commonwealth of the),WPRO,0,181,0,2
2021-05-24,Northern Mariana Islands (Commonwealth of the),WPRO,0,181,0,2
2021-05-25,Northern Mariana Islands (Commonwealth of the),WPRO,0,181,0,2
2021-05-26,Northern Mariana Islands (Commonwealth of the),WPRO,0,181,0,2
2021-05-27,Northern Mariana Islands (Commonwealth of the),WPRO,0,181,0,2
2021-05-28,Northern Mariana Islands (Commonwealth of the),WPRO,2,183,0,2
2021-05-29,Northern Mariana Islands (Commonwealth of the),WPRO,0,183,0,2
2021-05-30,Northern Mariana Islands (Commonwealth of the),WPRO,0,183,0,2
2021-01-01,Norway,EURO,0,48278,0,436
2021-01-02,Norway,EURO,0,48278,0,436
2021-01-03,Norway,EURO,0,48278,0,436
2021-01-04,Norway,EURO,0,48278,0,436
2021-01-05,Norway,EURO,2437,50715,13,449
2021-01-06,Norway,EURO,525,51240,3,452
2021-01-07,Norway,EURO,940,52180,14,466
2021-01-08,Norway,EURO,787,52967,1,467
2021-01-09,Norway,EURO,825,53792,4,471
2021-01-10,Norway,EURO,0,53792,0,471
2021-01-11,Norway,EURO,1681,55473,7,478
2021-01-12,Norway,EURO,428,55901,4,482
2021-01-13,Norway,EURO,713,56614,27,509
2021-01-14,Norway,EURO,665,57279,2,511
2021-01-15,Norway,EURO,455,57734,6,517
2021-01-16,Norway,EURO,0,57734,0,517
2021-01-17,Norway,EURO,0,57734,0,517
2021-01-18,Norway,EURO,711,58445,0,517
2021-01-19,Norway,EURO,206,58651,4,521
2021-01-20,Norway,EURO,382,59033,4,525
2021-01-21,Norway,EURO,423,59456,18,543
2021-01-22,Norway,EURO,431,59887,1,544
2021-01-23,Norway,EURO,372,60259,0,544
2021-01-24,Norway,EURO,306,60565,0,544
2021-01-25,Norway,EURO,238,60803,0,544
2021-01-26,Norway,EURO,279,61082,4,548
2021-01-27,Norway,EURO,232,61314,2,550
2021-01-28,Norway,EURO,280,61594,6,556
2021-01-29,Norway,EURO,366,61960,1,557
2021-01-30,Norway,EURO,316,62276,6,563
2021-01-31,Norway,EURO,299,62575,0,563
2021-02-01,Norway,EURO,218,62793,0,563
2021-02-02,Norway,EURO,173,62966,4,567
2021-02-03,Norway,EURO,294,63260,1,568
2021-02-04,Norway,EURO,293,63553,6,574
2021-02-05,Norway,EURO,284,63837,8,582
2021-02-06,Norway,EURO,372,64209,0,582
2021-02-07,Norway,EURO,274,64483,0,582
2021-02-08,Norway,EURO,170,64653,0,582
2021-02-09,Norway,EURO,119,64772,0,582
2021-02-10,Norway,EURO,344,65116,1,583
2021-02-11,Norway,EURO,222,65338,9,592
2021-02-12,Norway,EURO,209,65547,0,592
2021-02-13,Norway,EURO,264,65811,0,592
2021-02-14,Norway,EURO,425,66236,0,592
2021-02-15,Norway,EURO,156,66392,0,592
2021-02-16,Norway,EURO,109,66501,1,593
2021-02-17,Norway,EURO,348,66849,0,593
2021-02-18,Norway,EURO,290,67139,14,607
2021-02-19,Norway,EURO,358,67497,0,607
2021-02-20,Norway,EURO,327,67824,0,607
2021-02-21,Norway,EURO,283,68107,0,607
2021-02-22,Norway,EURO,208,68315,0,607
2021-02-23,Norway,EURO,216,68531,1,608
2021-02-24,Norway,EURO,227,68758,0,608
2021-02-25,Norway,EURO,389,69147,12,620
2021-02-26,Norway,EURO,342,69489,0,620
2021-02-27,Norway,EURO,545,70034,2,622
2021-02-28,Norway,EURO,0,70034,0,622
2021-03-01,Norway,EURO,0,70034,0,622
2021-03-02,Norway,EURO,968,71002,1,623
2021-03-03,Norway,EURO,731,71733,0,623
2021-03-04,Norway,EURO,500,72233,9,632
2021-03-05,Norway,EURO,690,72923,0,632
2021-03-06,Norway,EURO,570,73493,0,632
2021-03-07,Norway,EURO,0,73493,0,632
2021-03-08,Norway,EURO,0,73493,0,632
2021-03-09,Norway,EURO,1447,74940,0,632
2021-03-10,Norway,EURO,828,75768,0,632
2021-03-11,Norway,EURO,716,76484,6,638
2021-03-12,Norway,EURO,684,77168,1,639
2021-03-13,Norway,EURO,872,78040,0,639
2021-03-14,Norway,EURO,0,78040,0,639
2021-03-15,Norway,EURO,0,78040,0,639
2021-03-16,Norway,EURO,2400,80440,1,640
2021-03-17,Norway,EURO,861,81301,1,641
2021-03-18,Norway,EURO,1154,82455,7,648
2021-03-19,Norway,EURO,1064,83519,0,648
2021-03-20,Norway,EURO,1034,84553,0,648
2021-03-21,Norway,EURO,0,84553,0,648
2021-03-22,Norway,EURO,0,84553,0,648
2021-03-23,Norway,EURO,2386,86939,1,649
2021-03-24,Norway,EURO,1100,88039,0,649
2021-03-25,Norway,EURO,1078,89117,7,656
2021-03-26,Norway,EURO,984,90101,0,656
2021-03-27,Norway,EURO,833,90934,0,656
2021-03-28,Norway,EURO,0,90934,0,656
2021-03-29,Norway,EURO,0,90934,0,656
2021-03-30,Norway,EURO,2211,93145,4,660
2021-03-31,Norway,EURO,993,94138,1,661
2021-04-01,Norway,EURO,1070,95208,12,673
2021-04-02,Norway,EURO,871,96079,0,673
2021-04-03,Norway,EURO,691,96770,0,673
2021-04-04,Norway,EURO,0,96770,0,673
2021-04-05,Norway,EURO,0,96770,0,673
2021-04-06,Norway,EURO,1904,98674,3,676
2021-04-07,Norway,EURO,575,99249,1,677
2021-04-08,Norway,EURO,898,100147,6,683
2021-04-09,Norway,EURO,934,101081,1,684
2021-04-10,Norway,EURO,878,101959,0,684
2021-04-11,Norway,EURO,0,101959,0,684
2021-04-12,Norway,EURO,0,101959,0,684
2021-04-13,Norway,EURO,1661,103620,3,687
2021-04-14,Norway,EURO,648,104268,1,688
2021-04-15,Norway,EURO,739,105007,18,706
2021-04-16,Norway,EURO,599,105606,1,707
2021-04-17,Norway,EURO,617,106223,1,708
2021-04-18,Norway,EURO,0,106223,0,708
2021-04-19,Norway,EURO,0,106223,0,708
2021-04-20,Norway,EURO,1287,107510,1,709
2021-04-21,Norway,EURO,516,108026,0,709
2021-04-22,Norway,EURO,561,108587,25,734
2021-04-23,Norway,EURO,550,109137,1,735
2021-04-24,Norway,EURO,444,109581,1,736
2021-04-25,Norway,EURO,0,109581,0,736
2021-04-26,Norway,EURO,0,109581,0,736
2021-04-27,Norway,EURO,1030,110611,1,737
2021-04-28,Norway,EURO,551,111162,0,737
2021-04-29,Norway,EURO,523,111685,16,753
2021-04-30,Norway,EURO,470,112155,1,754
2021-05-01,Norway,EURO,385,112540,2,756
2021-05-02,Norway,EURO,0,112540,0,756
2021-05-03,Norway,EURO,0,112540,0,756
2021-05-04,Norway,EURO,928,113468,1,757
2021-05-05,Norway,EURO,482,113950,0,757
2021-05-06,Norway,EURO,484,114434,10,767
2021-05-07,Norway,EURO,471,114905,0,767
2021-05-08,Norway,EURO,505,115410,0,767
2021-05-09,Norway,EURO,0,115410,0,767
2021-05-10,Norway,EURO,0,115410,0,767
2021-05-11,Norway,EURO,1031,116441,0,767
2021-05-12,Norway,EURO,580,117021,1,768
2021-05-13,Norway,EURO,473,117494,6,774
2021-05-14,Norway,EURO,461,117955,0,774
2021-05-15,Norway,EURO,320,118275,0,774
2021-05-16,Norway,EURO,0,118275,0,774
2021-05-17,Norway,EURO,0,118275,0,774
2021-05-18,Norway,EURO,982,119257,0,774
2021-05-19,Norway,EURO,201,119458,0,774
2021-05-20,Norway,EURO,313,119771,7,781
2021-05-21,Norway,EURO,478,120249,0,781
2021-05-22,Norway,EURO,505,120754,0,781
2021-05-23,Norway,EURO,0,120754,0,781
2021-05-24,Norway,EURO,0,120754,0,781
2021-05-25,Norway,EURO,1856,122610,1,782
2021-05-26,Norway,EURO,0,122610,0,782
2021-05-27,Norway,EURO,508,123118,1,783
2021-05-28,Norway,EURO,911,124029,0,783
2021-05-29,Norway,EURO,0,124029,0,783
2021-05-30,Norway,EURO,0,124029,0,783
2021-01-01,"occupied Palestinian territory, including east Jerusalem",EMRO,1268,155365,29,1529
2021-01-02,"occupied Palestinian territory, including east Jerusalem",EMRO,1450,156815,21,1550
2021-01-03,"occupied Palestinian territory, including east Jerusalem",EMRO,1064,157879,28,1578
2021-01-04,"occupied Palestinian territory, including east Jerusalem",EMRO,1155,159034,31,1609
2021-01-05,"occupied Palestinian territory, including east Jerusalem",EMRO,1009,160043,20,1629
2021-01-06,"occupied Palestinian territory, including east Jerusalem",EMRO,1191,161234,20,1649
2021-01-07,"occupied Palestinian territory, including east Jerusalem",EMRO,1088,162322,14,1663
2021-01-08,"occupied Palestinian territory, including east Jerusalem",EMRO,1251,163573,21,1684
2021-01-09,"occupied Palestinian territory, including east Jerusalem",EMRO,822,164395,23,1707
2021-01-10,"occupied Palestinian territory, including east Jerusalem",EMRO,855,165250,28,1735
2021-01-11,"occupied Palestinian territory, including east Jerusalem",EMRO,699,165949,21,1756
2021-01-12,"occupied Palestinian territory, including east Jerusalem",EMRO,928,166877,12,1768
2021-01-13,"occupied Palestinian territory, including east Jerusalem",EMRO,797,167674,16,1784
2021-01-14,"occupied Palestinian territory, including east Jerusalem",EMRO,978,168652,30,1814
2021-01-15,"occupied Palestinian territory, including east Jerusalem",EMRO,736,169388,7,1821
2021-01-16,"occupied Palestinian territory, including east Jerusalem",EMRO,822,170210,27,1848
2021-01-17,"occupied Palestinian territory, including east Jerusalem",EMRO,427,170637,13,1861
2021-01-18,"occupied Palestinian territory, including east Jerusalem",EMRO,578,171215,20,1881
2021-01-19,"occupied Palestinian territory, including east Jerusalem",EMRO,524,171739,8,1889
2021-01-20,"occupied Palestinian territory, including east Jerusalem",EMRO,660,172399,19,1908
2021-01-21,"occupied Palestinian territory, including east Jerusalem",EMRO,497,172896,10,1918
2021-01-22,"occupied Palestinian territory, including east Jerusalem",EMRO,574,173470,7,1925
2021-01-23,"occupied Palestinian territory, including east Jerusalem",EMRO,494,173964,12,1937
2021-01-24,"occupied Palestinian territory, including east Jerusalem",EMRO,449,174413,14,1951
2021-01-25,"occupied Palestinian territory, including east Jerusalem",EMRO,533,174946,11,1962
2021-01-26,"occupied Palestinian territory, including east Jerusalem",EMRO,470,175416,5,1967
2021-01-27,"occupied Palestinian territory, including east Jerusalem",EMRO,660,176076,10,1977
2021-01-28,"occupied Palestinian territory, including east Jerusalem",EMRO,603,176679,5,1982
2021-01-29,"occupied Palestinian territory, including east Jerusalem",EMRO,747,177426,8,1990
2021-01-30,"occupied Palestinian territory, including east Jerusalem",EMRO,575,178001,11,2001
2021-01-31,"occupied Palestinian territory, including east Jerusalem",EMRO,515,178516,9,2010
2021-02-01,"occupied Palestinian territory, including east Jerusalem",EMRO,403,178919,2,2012
2021-02-02,"occupied Palestinian territory, including east Jerusalem",EMRO,586,179505,11,2023
2021-02-03,"occupied Palestinian territory, including east Jerusalem",EMRO,513,180018,9,2032
2021-02-04,"occupied Palestinian territory, including east Jerusalem",EMRO,670,180688,10,2042
2021-02-05,"occupied Palestinian territory, including east Jerusalem",EMRO,661,181349,8,2050
2021-02-06,"occupied Palestinian territory, including east Jerusalem",EMRO,722,182071,5,2055
2021-02-07,"occupied Palestinian territory, including east Jerusalem",EMRO,470,182541,3,2058
2021-02-08,"occupied Palestinian territory, including east Jerusalem",EMRO,824,183365,14,2072
2021-02-09,"occupied Palestinian territory, including east Jerusalem",EMRO,612,183977,7,2079
2021-02-10,"occupied Palestinian territory, including east Jerusalem",EMRO,1022,184999,9,2088
2021-02-11,"occupied Palestinian territory, including east Jerusalem",EMRO,761,185760,12,2100
2021-02-12,"occupied Palestinian territory, including east Jerusalem",EMRO,1101,186861,2,2102
2021-02-13,"occupied Palestinian territory, including east Jerusalem",EMRO,665,187526,8,2110
2021-02-14,"occupied Palestinian territory, including east Jerusalem",EMRO,938,188464,15,2125
2021-02-15,"occupied Palestinian territory, including east Jerusalem",EMRO,804,189268,3,2128
2021-02-16,"occupied Palestinian territory, including east Jerusalem",EMRO,1048,190316,5,2133
2021-02-17,"occupied Palestinian territory, including east Jerusalem",EMRO,1043,191359,6,2139
2021-02-18,"occupied Palestinian territory, including east Jerusalem",EMRO,1432,192791,8,2147
2021-02-19,"occupied Palestinian territory, including east Jerusalem",EMRO,627,193418,8,2155
2021-02-20,"occupied Palestinian territory, including east Jerusalem",EMRO,859,194277,7,2162
2021-02-21,"occupied Palestinian territory, including east Jerusalem",EMRO,598,194875,10,2172
2021-02-22,"occupied Palestinian territory, including east Jerusalem",EMRO,1564,196439,8,2180
2021-02-23,"occupied Palestinian territory, including east Jerusalem",EMRO,1334,197773,10,2190
2021-02-24,"occupied Palestinian territory, including east Jerusalem",EMRO,1996,199769,10,2200
2021-02-25,"occupied Palestinian territory, including east Jerusalem",EMRO,1391,201160,5,2205
2021-02-26,"occupied Palestinian territory, including east Jerusalem",EMRO,2100,203260,11,2216
2021-02-27,"occupied Palestinian territory, including east Jerusalem",EMRO,1555,204815,11,2227
2021-02-28,"occupied Palestinian territory, including east Jerusalem",EMRO,1623,206438,9,2236
2021-03-01,"occupied Palestinian territory, including east Jerusalem",EMRO,1911,208349,23,2259
2021-03-02,"occupied Palestinian territory, including east Jerusalem",EMRO,1724,210073,16,2275
2021-03-03,"occupied Palestinian territory, including east Jerusalem",EMRO,2412,212485,6,2281
2021-03-04,"occupied Palestinian territory, including east Jerusalem",EMRO,2017,214502,15,2296
2021-03-05,"occupied Palestinian territory, including east Jerusalem",EMRO,2300,216802,18,2314
2021-03-06,"occupied Palestinian territory, including east Jerusalem",EMRO,1826,218628,19,2333
2021-03-07,"occupied Palestinian territory, including east Jerusalem",EMRO,2011,220639,19,2352
2021-03-08,"occupied Palestinian territory, including east Jerusalem",EMRO,2264,222903,13,2365
2021-03-09,"occupied Palestinian territory, including east Jerusalem",EMRO,2003,224906,22,2387
2021-03-10,"occupied Palestinian territory, including east Jerusalem",EMRO,1828,226734,13,2400
2021-03-11,"occupied Palestinian territory, including east Jerusalem",EMRO,2331,229065,27,2427
2021-03-12,"occupied Palestinian territory, including east Jerusalem",EMRO,1291,230356,18,2445
2021-03-13,"occupied Palestinian territory, including east Jerusalem",EMRO,2309,232665,22,2467
2021-03-14,"occupied Palestinian territory, including east Jerusalem",EMRO,1784,234449,27,2494
2021-03-15,"occupied Palestinian territory, including east Jerusalem",EMRO,2142,236591,15,2509
2021-03-16,"occupied Palestinian territory, including east Jerusalem",EMRO,2298,238889,25,2534
2021-03-17,"occupied Palestinian territory, including east Jerusalem",EMRO,2397,241286,27,2561
2021-03-18,"occupied Palestinian territory, including east Jerusalem",EMRO,2193,243479,29,2590
2021-03-19,"occupied Palestinian territory, including east Jerusalem",EMRO,2311,245790,18,2608
2021-03-20,"occupied Palestinian territory, including east Jerusalem",EMRO,1851,247641,21,2629
2021-03-21,"occupied Palestinian territory, including east Jerusalem",EMRO,1780,249421,27,2656
2021-03-22,"occupied Palestinian territory, including east Jerusalem",EMRO,2247,251668,21,2677
2021-03-23,"occupied Palestinian territory, including east Jerusalem",EMRO,2338,254006,31,2708
2021-03-24,"occupied Palestinian territory, including east Jerusalem",EMRO,2259,256265,20,2728
2021-03-25,"occupied Palestinian territory, including east Jerusalem",EMRO,2032,258297,23,2751
2021-03-26,"occupied Palestinian territory, including east Jerusalem",EMRO,2093,260390,20,2771
2021-03-27,"occupied Palestinian territory, including east Jerusalem",EMRO,1511,261901,16,2787
2021-03-28,"occupied Palestinian territory, including east Jerusalem",EMRO,1319,263220,23,2810
2021-03-29,"occupied Palestinian territory, including east Jerusalem",EMRO,1714,264934,24,2834
2021-03-30,"occupied Palestinian territory, including east Jerusalem",EMRO,1786,266720,18,2852
2021-03-31,"occupied Palestinian territory, including east Jerusalem",EMRO,1870,268590,16,2868
2021-04-01,"occupied Palestinian territory, including east Jerusalem",EMRO,2288,270878,13,2881
2021-04-02,"occupied Palestinian territory, including east Jerusalem",EMRO,2353,273231,20,2901
2021-04-03,"occupied Palestinian territory, including east Jerusalem",EMRO,2248,275479,16,2917
2021-04-04,"occupied Palestinian territory, including east Jerusalem",EMRO,1651,277130,24,2941
2021-04-05,"occupied Palestinian territory, including east Jerusalem",EMRO,2806,279936,25,2966
2021-04-06,"occupied Palestinian territory, including east Jerusalem",EMRO,2634,282570,10,2976
2021-04-07,"occupied Palestinian territory, including east Jerusalem",EMRO,2593,285163,21,2997
2021-04-08,"occupied Palestinian territory, including east Jerusalem",EMRO,2672,287835,18,3015
2021-04-09,"occupied Palestinian territory, including east Jerusalem",EMRO,2884,290719,28,3043
2021-04-10,"occupied Palestinian territory, including east Jerusalem",EMRO,2418,293137,33,3076
2021-04-11,"occupied Palestinian territory, including east Jerusalem",EMRO,1502,294639,26,3102
2021-04-12,"occupied Palestinian territory, including east Jerusalem",EMRO,2235,296874,22,3124
2021-04-13,"occupied Palestinian territory, including east Jerusalem",EMRO,2762,299636,26,3150
2021-04-14,"occupied Palestinian territory, including east Jerusalem",EMRO,1911,301547,18,3168
2021-04-15,"occupied Palestinian territory, including east Jerusalem",EMRO,1923,303470,22,3190
2021-04-16,"occupied Palestinian territory, including east Jerusalem",EMRO,1717,305187,14,3204
2021-04-17,"occupied Palestinian territory, including east Jerusalem",EMRO,1774,306961,19,3223
2021-04-18,"occupied Palestinian territory, including east Jerusalem",EMRO,1618,308579,28,3251
2021-04-19,"occupied Palestinian territory, including east Jerusalem",EMRO,988,309567,34,3285
2021-04-20,"occupied Palestinian territory, including east Jerusalem",EMRO,1529,311096,30,3315
2021-04-21,"occupied Palestinian territory, including east Jerusalem",EMRO,2025,313121,31,3346
2021-04-22,"occupied Palestinian territory, including east Jerusalem",EMRO,1748,314869,18,3364
2021-04-23,"occupied Palestinian territory, including east Jerusalem",EMRO,1652,316521,19,3383
2021-04-24,"occupied Palestinian territory, including east Jerusalem",EMRO,1440,317961,23,3406
2021-04-25,"occupied Palestinian territory, including east Jerusalem",EMRO,1139,319100,13,3419
2021-04-26,"occupied Palestinian territory, including east Jerusalem",EMRO,713,319813,16,3435
2021-04-27,"occupied Palestinian territory, including east Jerusalem",EMRO,1080,320893,17,3452
2021-04-28,"occupied Palestinian territory, including east Jerusalem",EMRO,1414,322307,17,3469
2021-04-29,"occupied Palestinian territory, including east Jerusalem",EMRO,1084,323391,5,3474
2021-04-30,"occupied Palestinian territory, including east Jerusalem",EMRO,1051,324442,25,3499
2021-05-01,"occupied Palestinian territory, including east Jerusalem",EMRO,861,325303,18,3517
2021-05-02,"occupied Palestinian territory, including east Jerusalem",EMRO,664,325967,8,3525
2021-05-03,"occupied Palestinian territory, including east Jerusalem",EMRO,512,326479,15,3540
2021-05-04,"occupied Palestinian territory, including east Jerusalem",EMRO,565,327044,11,3551
2021-05-05,"occupied Palestinian territory, including east Jerusalem",EMRO,718,327762,13,3564
2021-05-06,"occupied Palestinian territory, including east Jerusalem",EMRO,815,328577,21,3585
2021-05-07,"occupied Palestinian territory, including east Jerusalem",EMRO,651,329228,9,3594
2021-05-08,"occupied Palestinian territory, including east Jerusalem",EMRO,559,329787,12,3606
2021-05-09,"occupied Palestinian territory, including east Jerusalem",EMRO,491,330278,13,3619
2021-05-10,"occupied Palestinian territory, including east Jerusalem",EMRO,314,330592,7,3626
2021-05-11,"occupied Palestinian territory, including east Jerusalem",EMRO,498,331090,20,3646
2021-05-12,"occupied Palestinian territory, including east Jerusalem",EMRO,528,331618,15,3661
2021-05-13,"occupied Palestinian territory, including east Jerusalem",EMRO,493,332111,8,3669
2021-05-14,"occupied Palestinian territory, including east Jerusalem",EMRO,0,332111,0,3669
2021-05-15,"occupied Palestinian territory, including east Jerusalem",EMRO,274,332385,14,3683
2021-05-16,"occupied Palestinian territory, including east Jerusalem",EMRO,114,332499,8,3691
2021-05-17,"occupied Palestinian territory, including east Jerusalem",EMRO,169,332668,5,3696
2021-05-18,"occupied Palestinian territory, including east Jerusalem",EMRO,247,332915,9,3705
2021-05-19,"occupied Palestinian territory, including east Jerusalem",EMRO,253,333168,6,3711
2021-05-20,"occupied Palestinian territory, including east Jerusalem",EMRO,205,333373,5,3716
2021-05-21,"occupied Palestinian territory, including east Jerusalem",EMRO,225,333598,2,3718
2021-05-22,"occupied Palestinian territory, including east Jerusalem",EMRO,212,333810,2,3720
2021-05-23,"occupied Palestinian territory, including east Jerusalem",EMRO,232,334042,7,3727
2021-05-24,"occupied Palestinian territory, including east Jerusalem",EMRO,222,334264,7,3734
2021-05-25,"occupied Palestinian territory, including east Jerusalem",EMRO,355,334619,4,3738
2021-05-26,"occupied Palestinian territory, including east Jerusalem",EMRO,556,335175,10,3748
2021-05-27,"occupied Palestinian territory, including east Jerusalem",EMRO,461,335636,3,3751
2021-05-28,"occupied Palestinian territory, including east Jerusalem",EMRO,380,336016,4,3755
2021-05-29,"occupied Palestinian territory, including east Jerusalem",EMRO,394,336410,2,3757
2021-05-30,"occupied Palestinian territory, including east Jerusalem",EMRO,269,336679,3,3760
2021-01-01,Oman,EMRO,148,128867,2,1499
2021-01-02,Oman,EMRO,0,128867,0,1499
2021-01-03,Oman,EMRO,0,128867,0,1499
2021-01-04,Oman,EMRO,537,129404,2,1501
2021-01-05,Oman,EMRO,180,129584,1,1502
2021-01-06,Oman,EMRO,190,129774,0,1502
2021-01-07,Oman,EMRO,114,129888,2,1504
2021-01-08,Oman,EMRO,182,130070,1,1505
2021-01-09,Oman,EMRO,0,130070,0,1505
2021-01-10,Oman,EMRO,0,130070,0,1505
2021-01-11,Oman,EMRO,538,130608,3,1508
2021-01-12,Oman,EMRO,172,130780,0,1508
2021-01-13,Oman,EMRO,164,130944,0,1508
2021-01-14,Oman,EMRO,142,131086,0,1508
2021-01-15,Oman,EMRO,178,131264,1,1509
2021-01-16,Oman,EMRO,0,131264,0,1509
2021-01-17,Oman,EMRO,0,131264,0,1509
2021-01-18,Oman,EMRO,526,131790,3,1512
2021-01-19,Oman,EMRO,221,132011,2,1514
2021-01-20,Oman,EMRO,135,132146,2,1516
2021-01-21,Oman,EMRO,171,132317,0,1516
2021-01-22,Oman,EMRO,169,132486,1,1517
2021-01-23,Oman,EMRO,0,132486,0,1517
2021-01-24,Oman,EMRO,0,132486,0,1517
2021-01-25,Oman,EMRO,558,133044,4,1521
2021-01-26,Oman,EMRO,209,133253,1,1522
2021-01-27,Oman,EMRO,154,133407,2,1524
2021-01-28,Oman,EMRO,167,133574,1,1525
2021-01-29,Oman,EMRO,154,133728,2,1527
2021-01-30,Oman,EMRO,0,133728,0,1527
2021-01-31,Oman,EMRO,0,133728,0,1527
2021-02-01,Oman,EMRO,598,134326,2,1529
2021-02-02,Oman,EMRO,198,134524,3,1532
2021-02-03,Oman,EMRO,161,134685,0,1532
2021-02-04,Oman,EMRO,171,134856,0,1532
2021-02-05,Oman,EMRO,185,135041,0,1532
2021-02-06,Oman,EMRO,0,135041,0,1532
2021-02-07,Oman,EMRO,0,135041,0,1532
2021-02-08,Oman,EMRO,633,135674,2,1534
2021-02-09,Oman,EMRO,316,135990,1,1535
2021-02-10,Oman,EMRO,197,136187,1,1536
2021-02-11,Oman,EMRO,190,136377,1,1537
2021-02-12,Oman,EMRO,245,136622,2,1539
2021-02-13,Oman,EMRO,0,136622,0,1539
2021-02-14,Oman,EMRO,0,136622,0,1539
2021-02-15,Oman,EMRO,684,137306,3,1542
2021-02-16,Oman,EMRO,286,137592,1,1543
2021-02-17,Oman,EMRO,337,137929,1,1544
2021-02-18,Oman,EMRO,277,138206,5,1549
2021-02-19,Oman,EMRO,288,138494,0,1549
2021-02-20,Oman,EMRO,0,138494,0,1549
2021-02-21,Oman,EMRO,0,138494,0,1549
2021-02-22,Oman,EMRO,868,139362,3,1552
2021-02-23,Oman,EMRO,330,139692,3,1555
2021-02-24,Oman,EMRO,297,139989,2,1557
2021-02-25,Oman,EMRO,311,140300,1,1558
2021-02-26,Oman,EMRO,288,140588,4,1562
2021-02-27,Oman,EMRO,0,140588,0,1562
2021-02-28,Oman,EMRO,0,140588,0,1562
2021-03-01,Oman,EMRO,908,141496,8,1570
2021-03-02,Oman,EMRO,312,141808,7,1577
2021-03-03,Oman,EMRO,361,142169,3,1580
2021-03-04,Oman,EMRO,358,142527,3,1583
2021-03-05,Oman,EMRO,369,142896,0,1583
2021-03-06,Oman,EMRO,0,142896,0,1583
2021-03-07,Oman,EMRO,0,142896,0,1583
2021-03-08,Oman,EMRO,1059,143955,8,1591
2021-03-09,Oman,EMRO,449,144404,3,1594
2021-03-10,Oman,EMRO,427,144831,3,1597
2021-03-11,Oman,EMRO,426,145257,3,1600
2021-03-12,Oman,EMRO,0,145257,0,1600
2021-03-13,Oman,EMRO,0,145257,0,1600
2021-03-14,Oman,EMRO,0,145257,0,1600
2021-03-15,Oman,EMRO,1610,146867,8,1608
2021-03-16,Oman,EMRO,556,147423,1,1609
2021-03-17,Oman,EMRO,587,148010,5,1614
2021-03-18,Oman,EMRO,548,148558,3,1617
2021-03-19,Oman,EMRO,577,149135,3,1620
2021-03-20,Oman,EMRO,0,149135,0,1620
2021-03-21,Oman,EMRO,0,149135,0,1620
2021-03-22,Oman,EMRO,1665,150800,2,1622
2021-03-23,Oman,EMRO,728,151528,7,1629
2021-03-24,Oman,EMRO,836,152364,4,1633
2021-03-25,Oman,EMRO,741,153105,11,1644
2021-03-26,Oman,EMRO,733,153838,6,1650
2021-03-27,Oman,EMRO,0,153838,0,1650
2021-03-28,Oman,EMRO,0,153838,0,1650
2021-03-29,Oman,EMRO,2249,156087,11,1661
2021-03-30,Oman,EMRO,796,156883,1,1662
2021-03-31,Oman,EMRO,1173,158056,7,1669
2021-04-01,Oman,EMRO,1162,159218,9,1678
2021-04-02,Oman,EMRO,800,160018,3,1681
2021-04-03,Oman,EMRO,0,160018,0,1681
2021-04-04,Oman,EMRO,0,160018,0,1681
2021-04-05,Oman,EMRO,3139,163157,31,1712
2021-04-06,Oman,EMRO,1117,164274,10,1722
2021-04-07,Oman,EMRO,1206,165480,6,1728
2021-04-08,Oman,EMRO,1205,166685,7,1735
2021-04-09,Oman,EMRO,1320,168005,12,1747
2021-04-10,Oman,EMRO,0,168005,0,1747
2021-04-11,Oman,EMRO,0,168005,0,1747
2021-04-12,Oman,EMRO,3544,171549,29,1776
2021-04-13,Oman,EMRO,1480,173029,13,1789
2021-04-14,Oman,EMRO,1335,174364,9,1798
2021-04-15,Oman,EMRO,1269,175633,9,1807
2021-04-16,Oman,EMRO,1035,176668,14,1821
2021-04-17,Oman,EMRO,0,176668,0,1821
2021-04-18,Oman,EMRO,0,176668,0,1821
2021-04-19,Oman,EMRO,3363,180031,57,1878
2021-04-20,Oman,EMRO,1399,181430,12,1890
2021-04-21,Oman,EMRO,1263,182693,19,1909
2021-04-22,Oman,EMRO,1077,183770,17,1926
2021-04-23,Oman,EMRO,1508,185278,16,1942
2021-04-24,Oman,EMRO,0,185278,0,1942
2021-04-25,Oman,EMRO,0,185278,0,1942
2021-04-26,Oman,EMRO,3538,188816,35,1977
2021-04-27,Oman,EMRO,1454,190270,6,1983
2021-04-28,Oman,EMRO,1128,191398,9,1992
2021-04-29,Oman,EMRO,928,192326,9,2001
2021-04-30,Oman,EMRO,927,193253,9,2010
2021-05-01,Oman,EMRO,0,193253,0,2010
2021-05-02,Oman,EMRO,0,193253,0,2010
2021-05-03,Oman,EMRO,2554,195807,33,2043
2021-05-04,Oman,EMRO,1093,196900,10,2053
2021-05-05,Oman,EMRO,902,197802,9,2062
2021-05-06,Oman,EMRO,770,198572,9,2071
2021-05-07,Oman,EMRO,772,199344,12,2083
2021-05-08,Oman,EMRO,0,199344,0,2083
2021-05-09,Oman,EMRO,0,199344,0,2083
2021-05-10,Oman,EMRO,2006,201350,37,2120
2021-05-11,Oman,EMRO,787,202137,18,2138
2021-05-12,Oman,EMRO,576,202713,10,2148
2021-05-13,Oman,EMRO,702,203415,12,2160
2021-05-14,Oman,EMRO,675,204090,12,2172
2021-05-15,Oman,EMRO,540,204630,8,2180
2021-05-16,Oman,EMRO,283,204913,4,2184
2021-05-17,Oman,EMRO,588,205501,9,2193
2021-05-18,Oman,EMRO,796,206297,13,2206
2021-05-19,Oman,EMRO,812,207109,13,2219
2021-05-20,Oman,EMRO,696,207805,9,2228
2021-05-21,Oman,EMRO,802,208607,11,2239
2021-05-22,Oman,EMRO,790,209397,9,2248
2021-05-23,Oman,EMRO,527,209924,8,2256
2021-05-24,Oman,EMRO,440,210364,9,2265
2021-05-25,Oman,EMRO,857,211221,9,2274
2021-05-26,Oman,EMRO,817,212038,10,2284
2021-05-27,Oman,EMRO,866,212904,9,2293
2021-05-28,Oman,EMRO,880,213784,10,2303
2021-05-29,Oman,EMRO,847,214631,8,2311
2021-05-30,Oman,EMRO,735,215366,10,2321
2021-01-01,Pakistan,EMRO,2475,479715,58,10105
2021-01-02,Pakistan,EMRO,2463,482178,71,10176
2021-01-03,Pakistan,EMRO,2184,484362,82,10258
2021-01-04,Pakistan,EMRO,2272,486634,53,10311
2021-01-05,Pakistan,EMRO,1895,488529,39,10350
2021-01-06,Pakistan,EMRO,1947,490476,59,10409
2021-01-07,Pakistan,EMRO,2118,492594,52,10461
2021-01-08,Pakistan,EMRO,2481,495075,50,10511
2021-01-09,Pakistan,EMRO,2435,497510,47,10558
2021-01-10,Pakistan,EMRO,2007,499517,40,10598
2021-01-11,Pakistan,EMRO,2899,502416,46,10644
2021-01-12,Pakistan,EMRO,1877,504293,32,10676
2021-01-13,Pakistan,EMRO,2408,506701,41,10717
2021-01-14,Pakistan,EMRO,2123,508824,55,10772
2021-01-15,Pakistan,EMRO,3097,511921,46,10818
2021-01-16,Pakistan,EMRO,2417,514338,45,10863
2021-01-17,Pakistan,EMRO,2432,516770,45,10908
2021-01-18,Pakistan,EMRO,2521,519291,43,10951
2021-01-19,Pakistan,EMRO,1920,521211,46,10997
2021-01-20,Pakistan,EMRO,1800,523011,58,11055
2021-01-21,Pakistan,EMRO,1772,524783,48,11103
2021-01-22,Pakistan,EMRO,2363,527146,54,11157
2021-01-23,Pakistan,EMRO,1745,528891,47,11204
2021-01-24,Pakistan,EMRO,1927,530818,43,11247
2021-01-25,Pakistan,EMRO,1594,532412,48,11295
2021-01-26,Pakistan,EMRO,1629,534041,23,11318
2021-01-27,Pakistan,EMRO,1873,535914,58,11376
2021-01-28,Pakistan,EMRO,1563,537477,74,11450
2021-01-29,Pakistan,EMRO,1910,539387,64,11514
2021-01-30,Pakistan,EMRO,1644,541031,46,11560
2021-01-31,Pakistan,EMRO,2183,543214,63,11623
2021-02-01,Pakistan,EMRO,1599,544813,34,11657
2021-02-02,Pakistan,EMRO,1615,546428,26,11683
2021-02-03,Pakistan,EMRO,1220,547648,63,11746
2021-02-04,Pakistan,EMRO,1384,549032,56,11802
2021-02-05,Pakistan,EMRO,1508,550540,31,11833
2021-02-06,Pakistan,EMRO,1302,551842,53,11886
2021-02-07,Pakistan,EMRO,1286,553128,28,11914
2021-02-08,Pakistan,EMRO,1346,554474,53,11967
2021-02-09,Pakistan,EMRO,1037,555511,59,12026
2021-02-10,Pakistan,EMRO,1008,556519,40,12066
2021-02-11,Pakistan,EMRO,1072,557591,62,12128
2021-02-12,Pakistan,EMRO,1502,559093,57,12185
2021-02-13,Pakistan,EMRO,1270,560363,33,12218
2021-02-14,Pakistan,EMRO,1262,561625,58,12276
2021-02-15,Pakistan,EMRO,1404,563029,31,12307
2021-02-16,Pakistan,EMRO,1048,564077,26,12333
2021-02-17,Pakistan,EMRO,747,564824,47,12380
2021-02-18,Pakistan,EMRO,1165,565989,56,12436
2021-02-19,Pakistan,EMRO,1272,567261,52,12488
2021-02-20,Pakistan,EMRO,1245,568506,39,12527
2021-02-21,Pakistan,EMRO,1340,569846,36,12563
2021-02-22,Pakistan,EMRO,1328,571174,38,12601
2021-02-23,Pakistan,EMRO,1160,572334,16,12617
2021-02-24,Pakistan,EMRO,1050,573384,41,12658
2021-02-25,Pakistan,EMRO,1196,574580,50,12708
2021-02-26,Pakistan,EMRO,1361,575941,64,12772
2021-02-27,Pakistan,EMRO,1541,577482,32,12804
2021-02-28,Pakistan,EMRO,1315,578797,33,12837
2021-03-01,Pakistan,EMRO,1176,579973,23,12860
2021-03-02,Pakistan,EMRO,1392,581365,36,12896
2021-03-03,Pakistan,EMRO,1163,582528,42,12938
2021-03-04,Pakistan,EMRO,1388,583916,75,13013
2021-03-05,Pakistan,EMRO,1519,585435,63,13076
2021-03-06,Pakistan,EMRO,1579,587014,52,13128
2021-03-07,Pakistan,EMRO,1714,588728,38,13166
2021-03-08,Pakistan,EMRO,1780,590508,39,13205
2021-03-09,Pakistan,EMRO,1592,592100,22,13227
2021-03-10,Pakistan,EMRO,1353,593453,54,13281
2021-03-11,Pakistan,EMRO,1786,595239,43,13324
2021-03-12,Pakistan,EMRO,2258,597497,53,13377
2021-03-13,Pakistan,EMRO,2701,600198,53,13430
2021-03-14,Pakistan,EMRO,2338,602536,46,13476
2021-03-15,Pakistan,EMRO,2664,605200,32,13508
2021-03-16,Pakistan,EMRO,2253,607453,29,13537
2021-03-17,Pakistan,EMRO,2511,609964,58,13595
2021-03-18,Pakistan,EMRO,2351,612315,61,13656
2021-03-19,Pakistan,EMRO,3495,615810,61,13717
2021-03-20,Pakistan,EMRO,3449,619259,40,13757
2021-03-21,Pakistan,EMRO,3876,623135,42,13799
2021-03-22,Pakistan,EMRO,3667,626802,44,13843
2021-03-23,Pakistan,EMRO,3669,630471,20,13863
2021-03-24,Pakistan,EMRO,3270,633741,72,13935
2021-03-25,Pakistan,EMRO,3301,637042,30,13965
2021-03-26,Pakistan,EMRO,3946,640988,63,14028
2021-03-27,Pakistan,EMRO,4368,645356,63,14091
2021-03-28,Pakistan,EMRO,4468,649824,67,14158
2021-03-29,Pakistan,EMRO,4767,654591,57,14215
2021-03-30,Pakistan,EMRO,4525,659116,41,14256
2021-03-31,Pakistan,EMRO,4084,663200,100,14356
2021-04-01,Pakistan,EMRO,4757,667957,78,14434
2021-04-02,Pakistan,EMRO,4974,672931,96,14530
2021-04-03,Pakistan,EMRO,5234,678165,83,14613
2021-04-04,Pakistan,EMRO,4723,682888,84,14697
2021-04-05,Pakistan,EMRO,5020,687908,81,14778
2021-04-06,Pakistan,EMRO,4323,692231,43,14821
2021-04-07,Pakistan,EMRO,3953,696184,103,14924
2021-04-08,Pakistan,EMRO,4004,700188,102,15026
2021-04-09,Pakistan,EMRO,5329,705517,98,15124
2021-04-10,Pakistan,EMRO,5312,710829,105,15229
2021-04-11,Pakistan,EMRO,5139,715968,100,15329
2021-04-12,Pakistan,EMRO,5050,721018,114,15443
2021-04-13,Pakistan,EMRO,4584,725602,58,15501
2021-04-14,Pakistan,EMRO,4318,729920,118,15619
2021-04-15,Pakistan,EMRO,4503,734423,135,15754
2021-04-16,Pakistan,EMRO,5395,739818,118,15872
2021-04-17,Pakistan,EMRO,5364,745182,110,15982
2021-04-18,Pakistan,EMRO,4976,750158,112,16094
2021-04-19,Pakistan,EMRO,6127,756285,149,16243
2021-04-20,Pakistan,EMRO,5152,761437,73,16316
2021-04-21,Pakistan,EMRO,5445,766882,137,16453
2021-04-22,Pakistan,EMRO,5499,772381,147,16600
2021-04-23,Pakistan,EMRO,5857,778238,98,16698
2021-04-24,Pakistan,EMRO,5870,784108,144,16842
2021-04-25,Pakistan,EMRO,5908,790016,157,16999
2021-04-26,Pakistan,EMRO,5611,795627,118,17117
2021-04-27,Pakistan,EMRO,4825,800452,70,17187
2021-04-28,Pakistan,EMRO,4487,804939,142,17329
2021-04-29,Pakistan,EMRO,5292,810231,201,17530
2021-04-30,Pakistan,EMRO,5480,815711,150,17680
2021-05-01,Pakistan,EMRO,5112,820823,131,17811
2021-05-02,Pakistan,EMRO,4696,825519,146,17957
2021-05-03,Pakistan,EMRO,4414,829933,113,18070
2021-05-04,Pakistan,EMRO,4213,834146,79,18149
2021-05-05,Pakistan,EMRO,3377,837523,161,18310
2021-05-06,Pakistan,EMRO,4113,841636,119,18429
2021-05-07,Pakistan,EMRO,4197,845833,108,18537
2021-05-08,Pakistan,EMRO,4298,850131,140,18677
2021-05-09,Pakistan,EMRO,4109,854240,120,18797
2021-05-10,Pakistan,EMRO,3786,858026,118,18915
2021-05-11,Pakistan,EMRO,3447,861473,78,18993
2021-05-12,Pakistan,EMRO,3084,864557,113,19106
2021-05-13,Pakistan,EMRO,2881,867438,104,19210
2021-05-14,Pakistan,EMRO,3265,870703,126,19336
2021-05-15,Pakistan,EMRO,2517,873220,48,19384
2021-05-16,Pakistan,EMRO,1531,874751,83,19467
2021-05-17,Pakistan,EMRO,2379,877130,76,19543
2021-05-18,Pakistan,EMRO,3232,880362,74,19617
2021-05-19,Pakistan,EMRO,2566,882928,135,19752
2021-05-20,Pakistan,EMRO,3256,886184,104,19856
2021-05-21,Pakistan,EMRO,4207,890391,131,19987
2021-05-22,Pakistan,EMRO,3070,893461,102,20089
2021-05-23,Pakistan,EMRO,4007,897468,88,20177
2021-05-24,Pakistan,EMRO,3084,900552,74,20251
2021-05-25,Pakistan,EMRO,3047,903599,57,20308
2021-05-26,Pakistan,EMRO,2253,905852,92,20400
2021-05-27,Pakistan,EMRO,2724,908576,65,20465
2021-05-28,Pakistan,EMRO,2726,911302,75,20540
2021-05-29,Pakistan,EMRO,2482,913784,67,20607
2021-05-30,Pakistan,EMRO,2455,916239,73,20680
2021-01-01,Palau,WPRO,0,0,0,0
2021-01-02,Palau,WPRO,0,0,0,0
2021-01-03,Palau,WPRO,0,0,0,0
2021-01-04,Palau,WPRO,0,0,0,0
2021-01-05,Palau,WPRO,0,0,0,0
2021-01-06,Palau,WPRO,0,0,0,0
2021-01-07,Palau,WPRO,0,0,0,0
2021-01-08,Palau,WPRO,0,0,0,0
2021-01-09,Palau,WPRO,0,0,0,0
2021-01-10,Palau,WPRO,0,0,0,0
2021-01-11,Palau,WPRO,0,0,0,0
2021-01-12,Palau,WPRO,0,0,0,0
2021-01-13,Palau,WPRO,0,0,0,0
2021-01-14,Palau,WPRO,0,0,0,0
2021-01-15,Palau,WPRO,0,0,0,0
2021-01-16,Palau,WPRO,0,0,0,0
2021-01-17,Palau,WPRO,0,0,0,0
2021-01-18,Palau,WPRO,0,0,0,0
2021-01-19,Palau,WPRO,0,0,0,0
2021-01-20,Palau,WPRO,0,0,0,0
2021-01-21,Palau,WPRO,0,0,0,0
2021-01-22,Palau,WPRO,0,0,0,0
2021-01-23,Palau,WPRO,0,0,0,0
2021-01-24,Palau,WPRO,0,0,0,0
2021-01-25,Palau,WPRO,0,0,0,0
2021-01-26,Palau,WPRO,0,0,0,0
2021-01-27,Palau,WPRO,0,0,0,0
2021-01-28,Palau,WPRO,0,0,0,0
2021-01-29,Palau,WPRO,0,0,0,0
2021-01-30,Palau,WPRO,0,0,0,0
2021-01-31,Palau,WPRO,0,0,0,0
2021-02-01,Palau,WPRO,0,0,0,0
2021-02-02,Palau,WPRO,0,0,0,0
2021-02-03,Palau,WPRO,0,0,0,0
2021-02-04,Palau,WPRO,0,0,0,0
2021-02-05,Palau,WPRO,0,0,0,0
2021-02-06,Palau,WPRO,0,0,0,0
2021-02-07,Palau,WPRO,0,0,0,0
2021-02-08,Palau,WPRO,0,0,0,0
2021-02-09,Palau,WPRO,0,0,0,0
2021-02-10,Palau,WPRO,0,0,0,0
2021-02-11,Palau,WPRO,0,0,0,0
2021-02-12,Palau,WPRO,0,0,0,0
2021-02-13,Palau,WPRO,0,0,0,0
2021-02-14,Palau,WPRO,0,0,0,0
2021-02-15,Palau,WPRO,0,0,0,0
2021-02-16,Palau,WPRO,0,0,0,0
2021-02-17,Palau,WPRO,0,0,0,0
2021-02-18,Palau,WPRO,0,0,0,0
2021-02-19,Palau,WPRO,0,0,0,0
2021-02-20,Palau,WPRO,0,0,0,0
2021-02-21,Palau,WPRO,0,0,0,0
2021-02-22,Palau,WPRO,0,0,0,0
2021-02-23,Palau,WPRO,0,0,0,0
2021-02-24,Palau,WPRO,0,0,0,0
2021-02-25,Palau,WPRO,0,0,0,0
2021-02-26,Palau,WPRO,0,0,0,0
2021-02-27,Palau,WPRO,0,0,0,0
2021-02-28,Palau,WPRO,0,0,0,0
2021-03-01,Palau,WPRO,0,0,0,0
2021-03-02,Palau,WPRO,0,0,0,0
2021-03-03,Palau,WPRO,0,0,0,0
2021-03-04,Palau,WPRO,0,0,0,0
2021-03-05,Palau,WPRO,0,0,0,0
2021-03-06,Palau,WPRO,0,0,0,0
2021-03-07,Palau,WPRO,0,0,0,0
2021-03-08,Palau,WPRO,0,0,0,0
2021-03-09,Palau,WPRO,0,0,0,0
2021-03-10,Palau,WPRO,0,0,0,0
2021-03-11,Palau,WPRO,0,0,0,0
2021-03-12,Palau,WPRO,0,0,0,0
2021-03-13,Palau,WPRO,0,0,0,0
2021-03-14,Palau,WPRO,0,0,0,0
2021-03-15,Palau,WPRO,0,0,0,0
2021-03-16,Palau,WPRO,0,0,0,0
2021-03-17,Palau,WPRO,0,0,0,0
2021-03-18,Palau,WPRO,0,0,0,0
2021-03-19,Palau,WPRO,0,0,0,0
2021-03-20,Palau,WPRO,0,0,0,0
2021-03-21,Palau,WPRO,0,0,0,0
2021-03-22,Palau,WPRO,0,0,0,0
2021-03-23,Palau,WPRO,0,0,0,0
2021-03-24,Palau,WPRO,0,0,0,0
2021-03-25,Palau,WPRO,0,0,0,0
2021-03-26,Palau,WPRO,0,0,0,0
2021-03-27,Palau,WPRO,0,0,0,0
2021-03-28,Palau,WPRO,0,0,0,0
2021-03-29,Palau,WPRO,0,0,0,0
2021-03-30,Palau,WPRO,0,0,0,0
2021-03-31,Palau,WPRO,0,0,0,0
2021-04-01,Palau,WPRO,0,0,0,0
2021-04-02,Palau,WPRO,0,0,0,0
2021-04-03,Palau,WPRO,0,0,0,0
2021-04-04,Palau,WPRO,0,0,0,0
2021-04-05,Palau,WPRO,0,0,0,0
2021-04-06,Palau,WPRO,0,0,0,0
2021-04-07,Palau,WPRO,0,0,0,0
2021-04-08,Palau,WPRO,0,0,0,0
2021-04-09,Palau,WPRO,0,0,0,0
2021-04-10,Palau,WPRO,0,0,0,0
2021-04-11,Palau,WPRO,0,0,0,0
2021-04-12,Palau,WPRO,0,0,0,0
2021-04-13,Palau,WPRO,0,0,0,0
2021-04-14,Palau,WPRO,0,0,0,0
2021-04-15,Palau,WPRO,0,0,0,0
2021-04-16,Palau,WPRO,0,0,0,0
2021-04-17,Palau,WPRO,0,0,0,0
2021-04-18,Palau,WPRO,0,0,0,0
2021-04-19,Palau,WPRO,0,0,0,0
2021-04-20,Palau,WPRO,0,0,0,0
2021-04-21,Palau,WPRO,0,0,0,0
2021-04-22,Palau,WPRO,0,0,0,0
2021-04-23,Palau,WPRO,0,0,0,0
2021-04-24,Palau,WPRO,0,0,0,0
2021-04-25,Palau,WPRO,0,0,0,0
2021-04-26,Palau,WPRO,0,0,0,0
2021-04-27,Palau,WPRO,0,0,0,0
2021-04-28,Palau,WPRO,0,0,0,0
2021-04-29,Palau,WPRO,0,0,0,0
2021-04-30,Palau,WPRO,0,0,0,0
2021-05-01,Palau,WPRO,0,0,0,0
2021-05-02,Palau,WPRO,0,0,0,0
2021-05-03,Palau,WPRO,0,0,0,0
2021-05-04,Palau,WPRO,0,0,0,0
2021-05-05,Palau,WPRO,0,0,0,0
2021-05-06,Palau,WPRO,0,0,0,0
2021-05-07,Palau,WPRO,0,0,0,0
2021-05-08,Palau,WPRO,0,0,0,0
2021-05-09,Palau,WPRO,0,0,0,0
2021-05-10,Palau,WPRO,0,0,0,0
2021-05-11,Palau,WPRO,0,0,0,0
2021-05-12,Palau,WPRO,0,0,0,0
2021-05-13,Palau,WPRO,0,0,0,0
2021-05-14,Palau,WPRO,0,0,0,0
2021-05-15,Palau,WPRO,0,0,0,0
2021-05-16,Palau,WPRO,0,0,0,0
2021-05-17,Palau,WPRO,0,0,0,0
2021-05-18,Palau,WPRO,0,0,0,0
2021-05-19,Palau,WPRO,0,0,0,0
2021-05-20,Palau,WPRO,0,0,0,0
2021-05-21,Palau,WPRO,0,0,0,0
2021-05-22,Palau,WPRO,0,0,0,0
2021-05-23,Palau,WPRO,0,0,0,0
2021-05-24,Palau,WPRO,0,0,0,0
2021-05-25,Palau,WPRO,0,0,0,0
2021-05-26,Palau,WPRO,0,0,0,0
2021-05-27,Palau,WPRO,0,0,0,0
2021-05-28,Palau,WPRO,0,0,0,0
2021-05-29,Palau,WPRO,0,0,0,0
2021-05-30,Palau,WPRO,0,0,0,0
2021-01-01,Panama,AMRO,4465,242744,42,3975
2021-01-02,Panama,AMRO,4046,246790,47,4022
2021-01-03,Panama,AMRO,2943,249733,42,4064
2021-01-04,Panama,AMRO,2031,251764,39,4103
2021-01-05,Panama,AMRO,1972,253736,37,4140
2021-01-06,Panama,AMRO,2494,256230,57,4197
2021-01-07,Panama,AMRO,3540,259770,41,4238
2021-01-08,Panama,AMRO,5186,264956,45,4283
2021-01-09,Panama,AMRO,4135,269091,38,4321
2021-01-10,Panama,AMRO,3946,273037,42,4363
2021-01-11,Panama,AMRO,3735,276772,47,4410
2021-01-12,Panama,AMRO,2424,279196,45,4455
2021-01-13,Panama,AMRO,2157,281353,45,4500
2021-01-14,Panama,AMRO,3740,285093,61,4561
2021-01-15,Panama,AMRO,3315,288408,33,4594
2021-01-16,Panama,AMRO,2877,291285,57,4651
2021-01-17,Panama,AMRO,2307,293592,38,4689
2021-01-18,Panama,AMRO,2677,296269,49,4738
2021-01-19,Panama,AMRO,1750,298019,49,4787
2021-01-20,Panama,AMRO,1342,299361,41,4828
2021-01-21,Panama,AMRO,2173,301534,36,4864
2021-01-22,Panama,AMRO,2243,303777,48,4912
2021-01-23,Panama,AMRO,1975,305752,32,4944
2021-01-24,Panama,AMRO,2041,307793,36,4980
2021-01-25,Panama,AMRO,2058,309851,54,5034
2021-01-26,Panama,AMRO,1393,311244,29,5063
2021-01-27,Panama,AMRO,914,312158,35,5098
2021-01-28,Panama,AMRO,1676,313834,39,5137
2021-01-29,Panama,AMRO,1566,315400,39,5176
2021-01-30,Panama,AMRO,1408,316808,20,5196
2021-01-31,Panama,AMRO,1445,318253,25,5221
2021-02-01,Panama,AMRO,1200,319453,23,5244
2021-02-02,Panama,AMRO,926,320379,26,5270
2021-02-03,Panama,AMRO,724,321103,26,5296
2021-02-04,Panama,AMRO,1098,322201,43,5339
2021-02-05,Panama,AMRO,1181,323382,27,5366
2021-02-06,Panama,AMRO,1107,324489,25,5391
2021-02-07,Panama,AMRO,998,325487,35,5426
2021-02-08,Panama,AMRO,977,326464,29,5455
2021-02-09,Panama,AMRO,627,327091,25,5480
2021-02-10,Panama,AMRO,563,327654,26,5506
2021-02-11,Panama,AMRO,822,328476,25,5531
2021-02-12,Panama,AMRO,891,329367,19,5550
2021-02-13,Panama,AMRO,708,330075,22,5572
2021-02-14,Panama,AMRO,910,330985,23,5595
2021-02-15,Panama,AMRO,707,331692,26,5621
2021-02-16,Panama,AMRO,487,332179,15,5636
2021-02-17,Panama,AMRO,500,332679,6,5642
2021-02-18,Panama,AMRO,572,333251,13,5655
2021-02-19,Panama,AMRO,504,333755,17,5672
2021-02-20,Panama,AMRO,708,334463,22,5694
2021-02-21,Panama,AMRO,876,335339,17,5711
2021-02-22,Panama,AMRO,698,336037,16,5727
2021-02-23,Panama,AMRO,484,336521,15,5742
2021-02-24,Panama,AMRO,566,337087,14,5756
2021-02-25,Panama,AMRO,718,337805,16,5772
2021-02-26,Panama,AMRO,896,338701,17,5789
2021-02-27,Panama,AMRO,682,339383,21,5810
2021-02-28,Panama,AMRO,398,339781,10,5820
2021-03-01,Panama,AMRO,664,340445,11,5831
2021-03-02,Panama,AMRO,470,340915,14,5845
2021-03-03,Panama,AMRO,505,341420,13,5858
2021-03-04,Panama,AMRO,599,342019,13,5871
2021-03-05,Panama,AMRO,722,342741,13,5884
2021-03-06,Panama,AMRO,540,343281,11,5895
2021-03-07,Panama,AMRO,462,343743,12,5907
2021-03-08,Panama,AMRO,734,344477,3,5910
2021-03-09,Panama,AMRO,357,344834,13,5923
2021-03-10,Panama,AMRO,402,345236,11,5934
2021-03-11,Panama,AMRO,523,345759,10,5944
2021-03-12,Panama,AMRO,542,346301,13,5957
2021-03-13,Panama,AMRO,474,346775,15,5972
2021-03-14,Panama,AMRO,451,347226,9,5981
2021-03-15,Panama,AMRO,415,347641,6,5987
2021-03-16,Panama,AMRO,278,347919,7,5994
2021-03-17,Panama,AMRO,236,348155,11,6005
2021-03-18,Panama,AMRO,425,348580,4,6009
2021-03-19,Panama,AMRO,440,349020,9,6018
2021-03-20,Panama,AMRO,485,349505,7,6025
2021-03-21,Panama,AMRO,715,350220,10,6035
2021-03-22,Panama,AMRO,445,350665,7,6042
2021-03-23,Panama,AMRO,326,350991,2,6044
2021-03-24,Panama,AMRO,222,351213,8,6052
2021-03-25,Panama,AMRO,454,351667,8,6060
2021-03-26,Panama,AMRO,415,352082,5,6065
2021-03-27,Panama,AMRO,497,352579,8,6073
2021-03-28,Panama,AMRO,438,353017,14,6087
2021-03-29,Panama,AMRO,480,353497,3,6090
2021-03-30,Panama,AMRO,342,353839,10,6100
2021-03-31,Panama,AMRO,246,354085,3,6103
2021-04-01,Panama,AMRO,519,354604,6,6109
2021-04-02,Panama,AMRO,447,355051,5,6114
2021-04-03,Panama,AMRO,448,355499,5,6119
2021-04-04,Panama,AMRO,351,355850,7,6126
2021-04-05,Panama,AMRO,223,356073,5,6131
2021-04-06,Panama,AMRO,304,356377,4,6135
2021-04-07,Panama,AMRO,179,356556,3,6138
2021-04-08,Panama,AMRO,357,356913,8,6146
2021-04-09,Panama,AMRO,364,357277,2,6148
2021-04-10,Panama,AMRO,427,357704,4,6152
2021-04-11,Panama,AMRO,394,358098,4,6156
2021-04-12,Panama,AMRO,279,358377,3,6159
2021-04-13,Panama,AMRO,234,358611,4,6163
2021-04-14,Panama,AMRO,181,358792,4,6167
2021-04-15,Panama,AMRO,329,359121,6,6173
2021-04-16,Panama,AMRO,395,359516,4,6177
2021-04-17,Panama,AMRO,314,359830,6,6183
2021-04-18,Panama,AMRO,419,360249,2,6185
2021-04-19,Panama,AMRO,348,360597,2,6187
2021-04-20,Panama,AMRO,244,360841,1,6188
2021-04-21,Panama,AMRO,203,361044,1,6189
2021-04-22,Panama,AMRO,275,361319,3,6192
2021-04-23,Panama,AMRO,359,361678,4,6196
2021-04-24,Panama,AMRO,314,361992,2,6198
2021-04-25,Panama,AMRO,366,362358,2,6200
2021-04-26,Panama,AMRO,338,362696,7,6207
2021-04-27,Panama,AMRO,271,362967,2,6209
2021-04-28,Panama,AMRO,198,363165,3,6212
2021-04-29,Panama,AMRO,368,363533,4,6216
2021-04-30,Panama,AMRO,362,363895,6,6222
2021-05-01,Panama,AMRO,323,364218,5,6227
2021-05-02,Panama,AMRO,358,364576,5,6232
2021-05-03,Panama,AMRO,268,364844,3,6235
2021-05-04,Panama,AMRO,260,365104,3,6238
2021-05-05,Panama,AMRO,195,365299,6,6244
2021-05-06,Panama,AMRO,320,365619,4,6248
2021-05-07,Panama,AMRO,356,365975,4,6252
2021-05-08,Panama,AMRO,389,366364,3,6255
2021-05-09,Panama,AMRO,398,366762,3,6258
2021-05-10,Panama,AMRO,508,367270,7,6265
2021-05-11,Panama,AMRO,295,367565,6,6271
2021-05-12,Panama,AMRO,343,367908,6,6277
2021-05-13,Panama,AMRO,460,368368,5,6282
2021-05-14,Panama,AMRO,562,368930,3,6285
2021-05-15,Panama,AMRO,525,369455,3,6288
2021-05-16,Panama,AMRO,588,370043,4,6292
2021-05-17,Panama,AMRO,490,370533,4,6296
2021-05-18,Panama,AMRO,344,370877,0,6296
2021-05-19,Panama,AMRO,268,371145,1,6297
2021-05-20,Panama,AMRO,539,371684,3,6300
2021-05-21,Panama,AMRO,537,372221,5,6305
2021-05-22,Panama,AMRO,579,372800,9,6314
2021-05-23,Panama,AMRO,508,373308,7,6321
2021-05-24,Panama,AMRO,466,373774,7,6328
2021-05-25,Panama,AMRO,347,374121,3,6331
2021-05-26,Panama,AMRO,235,374356,15,6346
2021-05-27,Panama,AMRO,581,374937,7,6353
2021-05-28,Panama,AMRO,663,375600,4,6357
2021-05-29,Panama,AMRO,637,376237,4,6361
2021-05-30,Panama,AMRO,617,376854,4,6365
2021-01-01,Papua New Guinea,WPRO,0,780,0,9
2021-01-02,Papua New Guinea,WPRO,0,780,0,9
2021-01-03,Papua New Guinea,WPRO,0,780,0,9
2021-01-04,Papua New Guinea,WPRO,19,799,0,9
2021-01-05,Papua New Guinea,WPRO,0,799,0,9
2021-01-06,Papua New Guinea,WPRO,0,799,0,9
2021-01-07,Papua New Guinea,WPRO,0,799,0,9
2021-01-08,Papua New Guinea,WPRO,0,799,0,9
2021-01-09,Papua New Guinea,WPRO,12,811,0,9
2021-01-10,Papua New Guinea,WPRO,0,811,0,9
2021-01-11,Papua New Guinea,WPRO,0,811,0,9
2021-01-12,Papua New Guinea,WPRO,8,819,0,9
2021-01-13,Papua New Guinea,WPRO,4,823,0,9
2021-01-14,Papua New Guinea,WPRO,10,833,0,9
2021-01-15,Papua New Guinea,WPRO,1,834,0,9
2021-01-16,Papua New Guinea,WPRO,0,834,0,9
2021-01-17,Papua New Guinea,WPRO,0,834,0,9
2021-01-18,Papua New Guinea,WPRO,0,834,0,9
2021-01-19,Papua New Guinea,WPRO,0,834,0,9
2021-01-20,Papua New Guinea,WPRO,9,843,0,9
2021-01-21,Papua New Guinea,WPRO,1,844,0,9
2021-01-22,Papua New Guinea,WPRO,5,849,0,9
2021-01-23,Papua New Guinea,WPRO,0,849,0,9
2021-01-24,Papua New Guinea,WPRO,0,849,0,9
2021-01-25,Papua New Guinea,WPRO,0,849,0,9
2021-01-26,Papua New Guinea,WPRO,0,849,0,9
2021-01-27,Papua New Guinea,WPRO,1,850,0,9
2021-01-28,Papua New Guinea,WPRO,1,851,0,9
2021-01-29,Papua New Guinea,WPRO,0,851,0,9
2021-01-30,Papua New Guinea,WPRO,0,851,0,9
2021-01-31,Papua New Guinea,WPRO,0,851,0,9
2021-02-01,Papua New Guinea,WPRO,16,867,0,9
2021-02-02,Papua New Guinea,WPRO,0,867,0,9
2021-02-03,Papua New Guinea,WPRO,0,867,0,9
2021-02-04,Papua New Guinea,WPRO,0,867,0,9
2021-02-05,Papua New Guinea,WPRO,24,891,0,9
2021-02-06,Papua New Guinea,WPRO,3,894,0,9
2021-02-07,Papua New Guinea,WPRO,0,894,0,9
2021-02-08,Papua New Guinea,WPRO,1,895,0,9
2021-02-09,Papua New Guinea,WPRO,5,900,0,9
2021-02-10,Papua New Guinea,WPRO,0,900,0,9
2021-02-11,Papua New Guinea,WPRO,14,914,0,9
2021-02-12,Papua New Guinea,WPRO,8,922,1,10
2021-02-13,Papua New Guinea,WPRO,0,922,0,10
2021-02-14,Papua New Guinea,WPRO,0,922,0,10
2021-02-15,Papua New Guinea,WPRO,0,922,0,10
2021-02-16,Papua New Guinea,WPRO,33,955,0,10
2021-02-17,Papua New Guinea,WPRO,0,955,0,10
2021-02-18,Papua New Guinea,WPRO,6,961,0,10
2021-02-19,Papua New Guinea,WPRO,9,970,0,10
2021-02-20,Papua New Guinea,WPRO,59,1029,0,10
2021-02-21,Papua New Guinea,WPRO,0,1029,0,10
2021-02-22,Papua New Guinea,WPRO,27,1056,0,10
2021-02-23,Papua New Guinea,WPRO,21,1077,0,10
2021-02-24,Papua New Guinea,WPRO,34,1111,0,10
2021-02-25,Papua New Guinea,WPRO,28,1139,1,11
2021-02-26,Papua New Guinea,WPRO,89,1228,1,12
2021-02-27,Papua New Guinea,WPRO,47,1275,0,12
2021-02-28,Papua New Guinea,WPRO,20,1295,1,13
2021-03-01,Papua New Guinea,WPRO,21,1316,0,13
2021-03-02,Papua New Guinea,WPRO,49,1365,1,14
2021-03-03,Papua New Guinea,WPRO,36,1401,0,14
2021-03-04,Papua New Guinea,WPRO,28,1429,2,16
2021-03-05,Papua New Guinea,WPRO,63,1492,0,16
2021-03-06,Papua New Guinea,WPRO,37,1529,0,16
2021-03-07,Papua New Guinea,WPRO,54,1583,0,16
2021-03-08,Papua New Guinea,WPRO,87,1670,0,16
2021-03-09,Papua New Guinea,WPRO,22,1692,5,21
2021-03-10,Papua New Guinea,WPRO,49,1741,0,21
2021-03-11,Papua New Guinea,WPRO,78,1819,0,21
2021-03-12,Papua New Guinea,WPRO,157,1976,0,21
2021-03-13,Papua New Guinea,WPRO,107,2083,0,21
2021-03-14,Papua New Guinea,WPRO,90,2173,0,21
2021-03-15,Papua New Guinea,WPRO,96,2269,5,26
2021-03-16,Papua New Guinea,WPRO,82,2351,0,26
2021-03-17,Papua New Guinea,WPRO,128,2479,5,31
2021-03-18,Papua New Guinea,WPRO,179,2658,5,36
2021-03-19,Papua New Guinea,WPRO,132,2790,0,36
2021-03-20,Papua New Guinea,WPRO,295,3085,0,36
2021-03-21,Papua New Guinea,WPRO,274,3359,0,36
2021-03-22,Papua New Guinea,WPRO,215,3574,0,36
2021-03-23,Papua New Guinea,WPRO,184,3758,1,37
2021-03-24,Papua New Guinea,WPRO,351,4109,2,39
2021-03-25,Papua New Guinea,WPRO,551,4660,0,39
2021-03-26,Papua New Guinea,WPRO,305,4965,0,39
2021-03-27,Papua New Guinea,WPRO,219,5184,6,45
2021-03-28,Papua New Guinea,WPRO,21,5205,0,45
2021-03-29,Papua New Guinea,WPRO,144,5349,4,49
2021-03-30,Papua New Guinea,WPRO,271,5620,7,56
2021-03-31,Papua New Guinea,WPRO,371,5991,4,60
2021-04-01,Papua New Guinea,WPRO,121,6112,0,60
2021-04-02,Papua New Guinea,WPRO,363,6475,0,60
2021-04-03,Papua New Guinea,WPRO,144,6619,0,60
2021-04-04,Papua New Guinea,WPRO,238,6857,1,61
2021-04-05,Papua New Guinea,WPRO,181,7038,0,61
2021-04-06,Papua New Guinea,WPRO,368,7406,6,67
2021-04-07,Papua New Guinea,WPRO,228,7634,1,68
2021-04-08,Papua New Guinea,WPRO,205,7839,0,68
2021-04-09,Papua New Guinea,WPRO,162,8001,0,68
2021-04-10,Papua New Guinea,WPRO,341,8342,0,68
2021-04-11,Papua New Guinea,WPRO,100,8442,0,68
2021-04-12,Papua New Guinea,WPRO,160,8602,1,69
2021-04-13,Papua New Guinea,WPRO,219,8821,0,69
2021-04-14,Papua New Guinea,WPRO,163,8984,2,71
2021-04-15,Papua New Guinea,WPRO,204,9188,11,82
2021-04-16,Papua New Guinea,WPRO,155,9343,0,82
2021-04-17,Papua New Guinea,WPRO,172,9515,2,84
2021-04-18,Papua New Guinea,WPRO,223,9738,5,89
2021-04-19,Papua New Guinea,WPRO,61,9799,1,90
2021-04-20,Papua New Guinea,WPRO,153,9952,1,91
2021-04-21,Papua New Guinea,WPRO,245,10197,0,91
2021-04-22,Papua New Guinea,WPRO,141,10338,8,99
2021-04-23,Papua New Guinea,WPRO,212,10550,0,99
2021-04-24,Papua New Guinea,WPRO,52,10602,3,102
2021-04-25,Papua New Guinea,WPRO,68,10670,0,102
2021-04-26,Papua New Guinea,WPRO,165,10835,3,105
2021-04-27,Papua New Guinea,WPRO,80,10915,2,107
2021-04-28,Papua New Guinea,WPRO,82,10997,0,107
2021-04-29,Papua New Guinea,WPRO,0,10997,0,107
2021-04-30,Papua New Guinea,WPRO,122,11119,8,115
2021-05-01,Papua New Guinea,WPRO,87,11206,0,115
2021-05-02,Papua New Guinea,WPRO,56,11262,0,115
2021-05-03,Papua New Guinea,WPRO,11,11273,6,121
2021-05-04,Papua New Guinea,WPRO,0,11273,0,121
2021-05-05,Papua New Guinea,WPRO,0,11273,0,121
2021-05-06,Papua New Guinea,WPRO,357,11630,0,121
2021-05-07,Papua New Guinea,WPRO,253,11883,0,121
2021-05-08,Papua New Guinea,WPRO,203,12086,0,121
2021-05-09,Papua New Guinea,WPRO,140,12226,0,121
2021-05-10,Papua New Guinea,WPRO,267,12493,9,130
2021-05-11,Papua New Guinea,WPRO,504,12997,0,130
2021-05-12,Papua New Guinea,WPRO,245,13242,3,133
2021-05-13,Papua New Guinea,WPRO,181,13423,0,133
2021-05-14,Papua New Guinea,WPRO,284,13707,3,136
2021-05-15,Papua New Guinea,WPRO,221,13928,0,136
2021-05-16,Papua New Guinea,WPRO,0,13928,0,136
2021-05-17,Papua New Guinea,WPRO,278,14206,0,136
2021-05-18,Papua New Guinea,WPRO,135,14341,3,139
2021-05-19,Papua New Guinea,WPRO,298,14639,2,141
2021-05-20,Papua New Guinea,WPRO,271,14910,13,154
2021-05-21,Papua New Guinea,WPRO,132,15042,0,154
2021-05-22,Papua New Guinea,WPRO,91,15133,0,154
2021-05-23,Papua New Guinea,WPRO,54,15187,2,156
2021-05-24,Papua New Guinea,WPRO,35,15222,0,156
2021-05-25,Papua New Guinea,WPRO,146,15368,3,159
2021-05-26,Papua New Guinea,WPRO,47,15415,3,162
2021-05-27,Papua New Guinea,WPRO,132,15547,0,162
2021-05-28,Papua New Guinea,WPRO,225,15772,0,162
2021-05-29,Papua New Guinea,WPRO,76,15848,0,162
2021-05-30,Papua New Guinea,WPRO,53,15901,0,162
2021-01-01,Paraguay,AMRO,822,106958,22,2242
2021-01-02,Paraguay,AMRO,974,107932,20,2262
2021-01-03,Paraguay,AMRO,417,108349,0,2262
2021-01-04,Paraguay,AMRO,369,108718,17,2279
2021-01-05,Paraguay,AMRO,355,109073,13,2292
2021-01-06,Paraguay,AMRO,764,109837,13,2305
2021-01-07,Paraguay,AMRO,959,110796,16,2321
2021-01-08,Paraguay,AMRO,898,111694,16,2337
2021-01-09,Paraguay,AMRO,1162,112856,15,2352
2021-01-10,Paraguay,AMRO,1138,113994,20,2372
2021-01-11,Paraguay,AMRO,1032,115026,15,2387
2021-01-12,Paraguay,AMRO,707,115733,18,2405
2021-01-13,Paraguay,AMRO,802,116535,15,2420
2021-01-14,Paraguay,AMRO,1055,117590,17,2437
2021-01-15,Paraguay,AMRO,1002,118592,15,2452
2021-01-16,Paraguay,AMRO,1048,119640,15,2467
2021-01-17,Paraguay,AMRO,1149,120789,12,2479
2021-01-18,Paraguay,AMRO,859,121648,16,2495
2021-01-19,Paraguay,AMRO,512,122160,10,2505
2021-01-20,Paraguay,AMRO,428,122588,13,2518
2021-01-21,Paraguay,AMRO,771,123359,17,2535
2021-01-22,Paraguay,AMRO,1088,124447,22,2557
2021-01-23,Paraguay,AMRO,1071,125518,13,2570
2021-01-24,Paraguay,AMRO,852,126370,15,2585
2021-01-25,Paraguay,AMRO,711,127081,22,2607
2021-01-26,Paraguay,AMRO,571,127652,10,2617
2021-01-27,Paraguay,AMRO,714,128366,15,2632
2021-01-28,Paraguay,AMRO,1028,129394,19,2651
2021-01-29,Paraguay,AMRO,769,130163,17,2668
2021-01-30,Paraguay,AMRO,754,130917,13,2681
2021-01-31,Paraguay,AMRO,969,131886,12,2693
2021-02-01,Paraguay,AMRO,662,132548,11,2704
2021-02-02,Paraguay,AMRO,679,133227,15,2719
2021-02-03,Paraguay,AMRO,554,133781,14,2733
2021-02-04,Paraguay,AMRO,701,134482,17,2750
2021-02-05,Paraguay,AMRO,747,135229,15,2765
2021-02-06,Paraguay,AMRO,794,136023,14,2779
2021-02-07,Paraguay,AMRO,867,136890,12,2791
2021-02-08,Paraguay,AMRO,713,137603,16,2807
2021-02-09,Paraguay,AMRO,515,138118,19,2826
2021-02-10,Paraguay,AMRO,827,138945,20,2846
2021-02-11,Paraguay,AMRO,874,139819,16,2862
2021-02-12,Paraguay,AMRO,978,140797,14,2876
2021-02-13,Paraguay,AMRO,978,141775,15,2891
2021-02-14,Paraguay,AMRO,823,142598,13,2904
2021-02-15,Paraguay,AMRO,845,143443,16,2920
2021-02-16,Paraguay,AMRO,599,144042,16,2936
2021-02-17,Paraguay,AMRO,1053,145095,17,2953
2021-02-18,Paraguay,AMRO,1121,146216,18,2971
2021-02-19,Paraguay,AMRO,1037,147253,20,2991
2021-02-20,Paraguay,AMRO,1369,148622,17,3008
2021-02-21,Paraguay,AMRO,1062,149684,18,3026
2021-02-22,Paraguay,AMRO,1047,150731,19,3045
2021-02-23,Paraguay,AMRO,987,151718,20,3065
2021-02-24,Paraguay,AMRO,940,152658,15,3080
2021-02-25,Paraguay,AMRO,1132,153790,21,3101
2021-02-26,Paraguay,AMRO,1114,154904,18,3119
2021-02-27,Paraguay,AMRO,1285,156189,16,3135
2021-02-28,Paraguay,AMRO,1414,157603,17,3152
2021-03-01,Paraguay,AMRO,934,158537,15,3167
2021-03-02,Paraguay,AMRO,937,159474,14,3181
2021-03-03,Paraguay,AMRO,974,160448,17,3198
2021-03-04,Paraguay,AMRO,1082,161530,20,3218
2021-03-05,Paraguay,AMRO,1341,162871,21,3239
2021-03-06,Paraguay,AMRO,1439,164310,17,3256
2021-03-07,Paraguay,AMRO,1501,165811,22,3278
2021-03-08,Paraguay,AMRO,1158,166969,16,3294
2021-03-09,Paraguay,AMRO,1074,168043,24,3318
2021-03-10,Paraguay,AMRO,1817,169860,25,3343
2021-03-11,Paraguay,AMRO,2125,171985,17,3360
2021-03-12,Paraguay,AMRO,2028,174013,27,3387
2021-03-13,Paraguay,AMRO,1814,175827,24,3411
2021-03-14,Paraguay,AMRO,1766,177593,25,3436
2021-03-15,Paraguay,AMRO,1479,179072,20,3456
2021-03-16,Paraguay,AMRO,942,180014,20,3476
2021-03-17,Paraguay,AMRO,1400,181414,41,3517
2021-03-18,Paraguay,AMRO,1934,183348,37,3554
2021-03-19,Paraguay,AMRO,2540,185888,34,3588
2021-03-20,Paraguay,AMRO,2605,188493,32,3620
2021-03-21,Paraguay,AMRO,2006,190499,42,3662
2021-03-22,Paraguay,AMRO,2100,192599,33,3695
2021-03-23,Paraguay,AMRO,1523,194122,35,3730
2021-03-24,Paraguay,AMRO,1990,196112,39,3769
2021-03-25,Paraguay,AMRO,2023,198135,49,3818
2021-03-26,Paraguay,AMRO,2688,200823,51,3869
2021-03-27,Paraguay,AMRO,1877,202700,41,3910
2021-03-28,Paraguay,AMRO,2004,204704,48,3958
2021-03-29,Paraguay,AMRO,1893,206597,45,4003
2021-03-30,Paraguay,AMRO,2058,208655,60,4063
2021-03-31,Paraguay,AMRO,1770,210425,50,4113
2021-04-01,Paraguay,AMRO,2266,212691,48,4161
2021-04-02,Paraguay,AMRO,1976,214667,45,4206
2021-04-03,Paraguay,AMRO,1611,216278,44,4250
2021-04-04,Paraguay,AMRO,1608,217886,44,4294
2021-04-05,Paraguay,AMRO,1507,219393,50,4344
2021-04-06,Paraguay,AMRO,1814,221207,55,4399
2021-04-07,Paraguay,AMRO,1456,222663,64,4463
2021-04-08,Paraguay,AMRO,2073,224736,59,4522
2021-04-09,Paraguay,AMRO,2380,227116,62,4584
2021-04-10,Paraguay,AMRO,2479,229595,60,4644
2021-04-11,Paraguay,AMRO,2547,232142,54,4698
2021-04-12,Paraguay,AMRO,1603,233745,51,4749
2021-04-13,Paraguay,AMRO,1547,235292,78,4827
2021-04-14,Paraguay,AMRO,2250,237542,62,4889
2021-04-15,Paraguay,AMRO,2599,240141,89,4978
2021-04-16,Paraguay,AMRO,2020,242161,62,5040
2021-04-17,Paraguay,AMRO,2367,244528,70,5110
2021-04-18,Paraguay,AMRO,2278,246806,67,5177
2021-04-19,Paraguay,AMRO,1558,248364,74,5251
2021-04-20,Paraguay,AMRO,1801,250165,62,5313
2021-04-21,Paraguay,AMRO,2278,252443,71,5384
2021-04-22,Paraguay,AMRO,2603,255046,86,5470
2021-04-23,Paraguay,AMRO,2660,257706,91,5561
2021-04-24,Paraguay,AMRO,2676,260382,72,5633
2021-04-25,Paraguay,AMRO,2752,263134,82,5715
2021-04-26,Paraguay,AMRO,2162,265296,87,5802
2021-04-27,Paraguay,AMRO,1786,267082,98,5900
2021-04-28,Paraguay,AMRO,2271,269353,102,6002
2021-04-29,Paraguay,AMRO,2461,271814,92,6094
2021-04-30,Paraguay,AMRO,2356,274170,102,6196
2021-05-01,Paraguay,AMRO,2695,276865,106,6302
2021-05-02,Paraguay,AMRO,2212,279077,83,6385
2021-05-03,Paraguay,AMRO,1946,281023,91,6476
2021-05-04,Paraguay,AMRO,1520,282543,96,6572
2021-05-05,Paraguay,AMRO,1910,284453,81,6653
2021-05-06,Paraguay,AMRO,2214,286667,69,6722
2021-05-07,Paraguay,AMRO,2307,288974,76,6798
2021-05-08,Paraguay,AMRO,2566,291540,85,6883
2021-05-09,Paraguay,AMRO,2693,294233,91,6974
2021-05-10,Paraguay,AMRO,2073,296306,76,7050
2021-05-11,Paraguay,AMRO,1483,297789,80,7130
2021-05-12,Paraguay,AMRO,1895,299684,79,7209
2021-05-13,Paraguay,AMRO,2377,302061,75,7284
2021-05-14,Paraguay,AMRO,2828,304889,74,7358
2021-05-15,Paraguay,AMRO,2568,307457,69,7427
2021-05-16,Paraguay,AMRO,2181,309638,55,7482
2021-05-17,Paraguay,AMRO,2108,311746,52,7534
2021-05-18,Paraguay,AMRO,1781,313527,62,7596
2021-05-19,Paraguay,AMRO,2020,315547,96,7692
2021-05-20,Paraguay,AMRO,2704,318251,110,7802
2021-05-21,Paraguay,AMRO,2781,321032,112,7914
2021-05-22,Paraguay,AMRO,3031,324063,98,8012
2021-05-23,Paraguay,AMRO,3166,327229,103,8115
2021-05-24,Paraguay,AMRO,3228,330457,120,8235
2021-05-25,Paraguay,AMRO,2514,332971,125,8360
2021-05-26,Paraguay,AMRO,2720,335691,114,8474
2021-05-27,Paraguay,AMRO,3223,338914,117,8591
2021-05-28,Paraguay,AMRO,3307,342221,110,8701
2021-05-29,Paraguay,AMRO,3136,345357,99,8800
2021-05-30,Paraguay,AMRO,2827,348184,92,8892
2021-01-01,Peru,AMRO,2118,1012614,126,93192
2021-01-02,Peru,AMRO,2523,1015137,174,93366
2021-01-03,Peru,AMRO,2062,1017199,162,93528
2021-01-04,Peru,AMRO,900,1018099,147,93675
2021-01-05,Peru,AMRO,1376,1019475,197,93872
2021-01-06,Peru,AMRO,1583,1021058,173,94045
2021-01-07,Peru,AMRO,960,1022018,210,94255
2021-01-08,Peru,AMRO,2414,1024432,182,94437
2021-01-09,Peru,AMRO,2258,1026690,178,94615
2021-01-10,Peru,AMRO,2781,1029471,208,94823
2021-01-11,Peru,AMRO,2804,1032275,231,95054
2021-01-12,Peru,AMRO,2909,1035184,220,95274
2021-01-13,Peru,AMRO,2166,1037350,257,95531
2021-01-14,Peru,AMRO,2881,1040231,254,95785
2021-01-15,Peru,AMRO,3409,1043640,244,96029
2021-01-16,Peru,AMRO,5022,1048662,317,96346
2021-01-17,Peru,AMRO,7361,1056023,275,96621
2021-01-18,Peru,AMRO,4544,1060567,332,96953
2021-01-19,Peru,AMRO,4342,1064909,351,97304
2021-01-20,Peru,AMRO,3893,1068802,325,97629
2021-01-21,Peru,AMRO,4412,1073214,394,98023
2021-01-22,Peru,AMRO,5461,1078675,419,98442
2021-01-23,Peru,AMRO,4232,1082907,392,98834
2021-01-24,Peru,AMRO,5189,1088096,441,99275
2021-01-25,Peru,AMRO,5842,1093938,446,99721
2021-01-26,Peru,AMRO,5075,1099013,501,100222
2021-01-27,Peru,AMRO,3782,1102795,469,100691
2021-01-28,Peru,AMRO,4444,1107239,583,101274
2021-01-29,Peru,AMRO,6731,1113970,508,101782
2021-01-30,Peru,AMRO,5715,1119685,521,102303
2021-01-31,Peru,AMRO,6190,1125875,556,102859
2021-02-01,Peru,AMRO,7147,1133022,537,103396
2021-02-02,Peru,AMRO,5217,1138239,561,103957
2021-02-03,Peru,AMRO,4477,1142716,631,104588
2021-02-04,Peru,AMRO,7048,1149764,611,105199
2021-02-05,Peru,AMRO,8573,1158337,561,105760
2021-02-06,Peru,AMRO,6715,1165052,566,106326
2021-02-07,Peru,AMRO,7993,1173045,626,106952
2021-02-08,Peru,AMRO,7433,1180478,646,107598
2021-02-09,Peru,AMRO,6220,1186698,583,108181
2021-02-10,Peru,AMRO,4523,1191221,655,108836
2021-02-11,Peru,AMRO,5557,1196778,665,109501
2021-02-12,Peru,AMRO,6724,1203502,683,110184
2021-02-13,Peru,AMRO,8807,1212309,661,110845
2021-02-14,Peru,AMRO,8439,1220748,685,111530
2021-02-15,Peru,AMRO,6457,1227205,738,112268
2021-02-16,Peru,AMRO,8093,1235298,678,112946
2021-02-17,Peru,AMRO,3203,1238501,688,113634
2021-02-18,Peru,AMRO,6228,1244729,681,114315
2021-02-19,Peru,AMRO,7408,1252137,731,115046
2021-02-20,Peru,AMRO,9667,1261804,713,115759
2021-02-21,Peru,AMRO,7719,1269523,683,116442
2021-02-22,Peru,AMRO,6376,1275899,716,117158
2021-02-23,Peru,AMRO,7410,1283309,693,117851
2021-02-24,Peru,AMRO,3448,1286757,705,118556
2021-02-25,Peru,AMRO,6740,1293497,699,119255
2021-02-26,Peru,AMRO,7302,1300799,650,119905
2021-02-27,Peru,AMRO,7923,1308722,677,120582
2021-02-28,Peru,AMRO,7641,1316363,678,121260
2021-03-01,Peru,AMRO,7500,1323863,680,121940
2021-03-02,Peru,AMRO,5942,1329805,692,122632
2021-03-03,Peru,AMRO,3134,1332939,668,123300
2021-03-04,Peru,AMRO,5358,1338297,732,124032
2021-03-05,Peru,AMRO,6672,1344969,686,124718
2021-03-06,Peru,AMRO,4878,1349847,710,125428
2021-03-07,Peru,AMRO,8447,1358294,664,126092
2021-03-08,Peru,AMRO,6670,1364964,666,126758
2021-03-09,Peru,AMRO,6212,1371176,631,127389
2021-03-10,Peru,AMRO,3291,1374467,591,127980
2021-03-11,Peru,AMRO,5556,1380023,666,128646
2021-03-12,Peru,AMRO,7434,1387457,682,129328
2021-03-13,Peru,AMRO,7114,1394571,623,129951
2021-03-14,Peru,AMRO,8039,1402610,663,130614
2021-03-15,Peru,AMRO,5353,1407963,623,131237
2021-03-16,Peru,AMRO,4443,1412406,646,131883
2021-03-17,Peru,AMRO,6568,1418974,640,132523
2021-03-18,Peru,AMRO,8630,1427604,674,133197
2021-03-19,Peru,AMRO,7994,1435598,675,133872
2021-03-20,Peru,AMRO,7923,1443521,667,134539
2021-03-21,Peru,AMRO,8124,1451645,702,135241
2021-03-22,Peru,AMRO,9134,1460779,664,135905
2021-03-23,Peru,AMRO,5547,1466326,620,136525
2021-03-24,Peru,AMRO,6464,1472790,659,137184
2021-03-25,Peru,AMRO,8469,1481259,677,137861
2021-03-26,Peru,AMRO,11260,1492519,712,138573
2021-03-27,Peru,AMRO,7946,1500465,710,139283
2021-03-28,Peru,AMRO,11919,1512384,682,139965
2021-03-29,Peru,AMRO,8589,1520973,704,140669
2021-03-30,Peru,AMRO,8909,1529882,763,141432
2021-03-31,Peru,AMRO,3239,1533121,738,142170
2021-04-01,Peru,AMRO,6956,1540077,694,142864
2021-04-02,Peru,AMRO,8730,1548807,749,143613
2021-04-03,Peru,AMRO,12916,1561723,746,144359
2021-04-04,Peru,AMRO,6622,1568345,748,145107
2021-04-05,Peru,AMRO,5616,1573961,740,145847
2021-04-06,Peru,AMRO,8406,1582367,745,146592
2021-04-07,Peru,AMRO,7842,1590209,766,147358
2021-04-08,Peru,AMRO,8384,1598593,795,148153
2021-04-09,Peru,AMRO,9305,1607898,765,148918
2021-04-10,Peru,AMRO,9966,1617864,748,149666
2021-04-11,Peru,AMRO,10655,1628519,782,150448
2021-04-12,Peru,AMRO,11248,1639767,837,151285
2021-04-13,Peru,AMRO,7927,1647694,803,152088
2021-04-14,Peru,AMRO,5626,1653320,811,152899
2021-04-15,Peru,AMRO,6387,1659707,821,153720
2021-04-16,Peru,AMRO,8030,1667737,831,154551
2021-04-17,Peru,AMRO,13326,1681063,779,155330
2021-04-18,Peru,AMRO,7988,1689051,752,156082
2021-04-19,Peru,AMRO,8575,1697626,830,156912
2021-04-20,Peru,AMRO,7131,1704757,779,157691
2021-04-21,Peru,AMRO,3030,1707787,820,158511
2021-04-22,Peru,AMRO,11301,1719088,832,159343
2021-04-23,Peru,AMRO,7718,1726806,843,160186
2021-04-24,Peru,AMRO,7800,1734606,794,160980
2021-04-25,Peru,AMRO,11049,1745655,829,161809
2021-04-26,Peru,AMRO,8495,1754150,821,162630
2021-04-27,Peru,AMRO,7425,1761575,754,163384
2021-04-28,Peru,AMRO,6611,1768186,761,164145
2021-04-29,Peru,AMRO,6876,1775062,754,164899
2021-04-30,Peru,AMRO,8277,1783339,729,165628
2021-05-01,Peru,AMRO,8659,1791998,754,166382
2021-05-02,Peru,AMRO,7447,1799445,790,167172
2021-05-03,Peru,AMRO,5470,1804915,700,167872
2021-05-04,Peru,AMRO,6083,1810998,721,168593
2021-05-05,Peru,AMRO,3129,1814127,707,169300
2021-05-06,Peru,AMRO,4562,1818689,711,170011
2021-05-07,Peru,AMRO,5768,1824457,669,170680
2021-05-08,Peru,AMRO,8214,1832671,703,171383
2021-05-09,Peru,AMRO,6794,1839465,658,172041
2021-05-10,Peru,AMRO,5591,1845056,656,172697
2021-05-11,Peru,AMRO,5234,1850290,609,173306
2021-05-12,Peru,AMRO,3080,1853370,620,173926
2021-05-13,Peru,AMRO,4869,1858239,613,174539
2021-05-14,Peru,AMRO,7400,1865639,591,175130
2021-05-15,Peru,AMRO,7677,1873316,591,175721
2021-05-16,Peru,AMRO,5733,1879049,563,176284
2021-05-17,Peru,AMRO,5547,1884596,539,176823
2021-05-18,Peru,AMRO,4456,1889052,547,177370
2021-05-19,Peru,AMRO,4282,1893334,556,177926
2021-05-20,Peru,AMRO,4566,1897900,502,178428
2021-05-21,Peru,AMRO,5715,1903615,511,178939
2021-05-22,Peru,AMRO,6745,1910360,529,179468
2021-05-23,Peru,AMRO,5206,1915566,444,179912
2021-05-24,Peru,AMRO,5285,1920851,494,180406
2021-05-25,Peru,AMRO,4438,1925289,440,180846
2021-05-26,Peru,AMRO,1634,1926923,460,181306
2021-05-27,Peru,AMRO,5332,1932255,426,181732
2021-05-28,Peru,AMRO,4990,1937245,427,182159
2021-05-29,Peru,AMRO,4809,1942054,445,182604
2021-05-30,Peru,AMRO,5501,1947555,439,183043
2021-01-01,Philippines,WPRO,1532,474055,14,9244
2021-01-02,Philippines,WPRO,1764,475819,4,9248
2021-01-03,Philippines,WPRO,1097,476916,5,9253
2021-01-04,Philippines,WPRO,886,477802,4,9257
2021-01-05,Philippines,WPRO,954,478756,6,9263
2021-01-06,Philippines,WPRO,934,479690,58,9321
2021-01-07,Philippines,WPRO,1047,480737,26,9347
2021-01-08,Philippines,WPRO,1339,482076,9,9356
2021-01-09,Philippines,WPRO,1769,483845,8,9364
2021-01-10,Philippines,WPRO,1939,485784,34,9398
2021-01-11,Philippines,WPRO,1900,487684,7,9405
2021-01-12,Philippines,WPRO,2050,489734,11,9416
2021-01-13,Philippines,WPRO,1513,491247,138,9554
2021-01-14,Philippines,WPRO,1446,492693,145,9699
2021-01-15,Philippines,WPRO,1905,494598,40,9739
2021-01-16,Philippines,WPRO,2035,496633,137,9876
2021-01-17,Philippines,WPRO,2049,498682,8,9884
2021-01-18,Philippines,WPRO,1891,500573,11,9895
2021-01-19,Philippines,WPRO,2159,502732,14,9909
2021-01-20,Philippines,WPRO,1345,504077,69,9978
2021-01-21,Philippines,WPRO,1857,505934,64,10042
2021-01-22,Philippines,WPRO,1775,507709,74,10116
2021-01-23,Philippines,WPRO,2173,509882,20,10136
2021-01-24,Philippines,WPRO,1788,511670,54,10190
2021-01-25,Philippines,WPRO,1949,513619,52,10242
2021-01-26,Philippines,WPRO,1374,514993,50,10292
2021-01-27,Philippines,WPRO,1169,516162,94,10386
2021-01-28,Philippines,WPRO,2244,518406,95,10481
2021-01-29,Philippines,WPRO,1158,519564,71,10552
2021-01-30,Philippines,WPRO,1843,521407,48,10600
2021-01-31,Philippines,WPRO,2108,523515,69,10669
2021-02-01,Philippines,WPRO,2099,525614,80,10749
2021-02-02,Philippines,WPRO,1656,527270,58,10807
2021-02-03,Philippines,WPRO,1582,528852,67,10874
2021-02-04,Philippines,WPRO,1257,530109,68,10942
2021-02-05,Philippines,WPRO,1584,531693,55,10997
2021-02-06,Philippines,WPRO,1887,533580,61,11058
2021-02-07,Philippines,WPRO,1940,535520,52,11110
2021-02-08,Philippines,WPRO,1785,537305,69,11179
2021-02-09,Philippines,WPRO,1687,538992,52,11231
2021-02-10,Philippines,WPRO,1223,540215,65,11296
2021-02-11,Philippines,WPRO,1333,541548,105,11401
2021-02-12,Philippines,WPRO,1730,543278,68,11469
2021-02-13,Philippines,WPRO,2017,545295,26,11495
2021-02-14,Philippines,WPRO,1953,547248,12,11507
2021-02-15,Philippines,WPRO,1927,549175,8,11515
2021-02-16,Philippines,WPRO,1680,550855,2,11517
2021-02-17,Philippines,WPRO,1385,552240,7,11524
2021-02-18,Philippines,WPRO,1179,553419,53,11577
2021-02-19,Philippines,WPRO,1739,555158,96,11673
2021-02-20,Philippines,WPRO,1900,557058,156,11829
2021-02-21,Philippines,WPRO,2223,559281,239,12068
2021-02-22,Philippines,WPRO,1887,561168,20,12088
2021-02-23,Philippines,WPRO,2283,563451,6,12094
2021-02-24,Philippines,WPRO,1412,564863,13,12107
2021-02-25,Philippines,WPRO,1549,566412,22,12129
2021-02-26,Philippines,WPRO,2264,568676,72,12201
2021-02-27,Philippines,WPRO,2650,571326,46,12247
2021-02-28,Philippines,WPRO,2913,574239,42,12289
2021-03-01,Philippines,WPRO,2105,576344,29,12318
2021-03-02,Philippines,WPRO,2031,578375,4,12322
2021-03-03,Philippines,WPRO,2065,580440,47,12369
2021-03-04,Philippines,WPRO,1775,582215,20,12389
2021-03-05,Philippines,WPRO,2444,584659,15,12404
2021-03-06,Philippines,WPRO,3040,587699,19,12423
2021-03-07,Philippines,WPRO,3437,591136,42,12465
2021-03-08,Philippines,WPRO,3271,594407,51,12516
2021-03-09,Philippines,WPRO,3353,597760,5,12521
2021-03-10,Philippines,WPRO,2662,600422,7,12528
2021-03-11,Philippines,WPRO,2877,603299,17,12545
2021-03-12,Philippines,WPRO,3741,607040,63,12608
2021-03-13,Philippines,WPRO,4571,611611,86,12694
2021-03-14,Philippines,WPRO,4988,616599,72,12766
2021-03-15,Philippines,WPRO,4890,621489,63,12829
2021-03-16,Philippines,WPRO,5394,626883,8,12837
2021-03-17,Philippines,WPRO,4428,631311,11,12848
2021-03-18,Philippines,WPRO,4383,635694,18,12866
2021-03-19,Philippines,WPRO,5269,640963,21,12887
2021-03-20,Philippines,WPRO,7094,648057,13,12900
2021-03-21,Philippines,WPRO,7980,656037,30,12930
2021-03-22,Philippines,WPRO,7736,663773,38,12968
2021-03-23,Philippines,WPRO,8013,671786,4,12972
2021-03-24,Philippines,WPRO,5861,677647,20,12992
2021-03-25,Philippines,WPRO,6628,684275,47,13039
2021-03-26,Philippines,WPRO,8743,693018,56,13095
2021-03-27,Philippines,WPRO,9829,702847,54,13149
2021-03-28,Philippines,WPRO,9570,712417,10,13159
2021-03-29,Philippines,WPRO,9461,721878,11,13170
2021-03-30,Philippines,WPRO,10007,731885,16,13186
2021-03-31,Philippines,WPRO,9275,741160,5,13191
2021-04-01,Philippines,WPRO,6107,747267,106,13297
2021-04-02,Philippines,WPRO,8920,756187,6,13303
2021-04-03,Philippines,WPRO,15280,771467,17,13320
2021-04-04,Philippines,WPRO,12556,784023,103,13423
2021-04-05,Philippines,WPRO,11020,795043,2,13425
2021-04-06,Philippines,WPRO,8344,803387,10,13435
2021-04-07,Philippines,WPRO,9363,812750,382,13817
2021-04-08,Philippines,WPRO,6400,819150,242,14059
2021-04-09,Philippines,WPRO,9179,828329,60,14119
2021-04-10,Philippines,WPRO,12206,840535,401,14520
2021-04-11,Philippines,WPRO,12652,853187,224,14744
2021-04-12,Philippines,WPRO,11660,864847,201,14945
2021-04-13,Philippines,WPRO,11365,876212,204,15149
2021-04-14,Philippines,WPRO,8546,884758,137,15286
2021-04-15,Philippines,WPRO,8098,892856,161,15447
2021-04-16,Philippines,WPRO,11389,904245,147,15594
2021-04-17,Philippines,WPRO,10706,914951,144,15738
2021-04-18,Philippines,WPRO,11084,926035,72,15810
2021-04-19,Philippines,WPRO,10082,936117,150,15960
2021-04-20,Philippines,WPRO,9610,945727,88,16048
2021-04-21,Philippines,WPRO,7353,953080,93,16141
2021-04-22,Philippines,WPRO,9202,962282,124,16265
2021-04-23,Philippines,WPRO,8739,971021,105,16370
2021-04-24,Philippines,WPRO,8698,979719,159,16529
2021-04-25,Philippines,WPRO,9680,989399,145,16674
2021-04-26,Philippines,WPRO,8100,997499,109,16783
2021-04-27,Philippines,WPRO,8915,1006414,70,16853
2021-04-28,Philippines,WPRO,7186,1013600,63,16916
2021-04-29,Philippines,WPRO,6862,1020462,115,17031
2021-04-30,Philippines,WPRO,8250,1028712,114,17145
2021-05-01,Philippines,WPRO,8715,1037427,89,17234
2021-05-02,Philippines,WPRO,9210,1046637,120,17354
2021-05-03,Philippines,WPRO,8333,1054970,77,17431
2021-05-04,Philippines,WPRO,7240,1062210,94,17525
2021-05-05,Philippines,WPRO,5660,1067870,97,17622
2021-05-06,Philippines,WPRO,5665,1073535,178,17800
2021-05-07,Philippines,WPRO,6617,1080152,191,17991
2021-05-08,Philippines,WPRO,7718,1087870,108,18099
2021-05-09,Philippines,WPRO,6964,1094834,170,18269
2021-05-10,Philippines,WPRO,7146,1101980,203,18472
2021-05-11,Philippines,WPRO,6833,1108813,90,18562
2021-05-12,Philippines,WPRO,4704,1113517,58,18620
2021-05-13,Philippines,WPRO,4822,1118339,94,18714
2021-05-14,Philippines,WPRO,6344,1124683,107,18821
2021-05-15,Philippines,WPRO,6765,1131448,137,18958
2021-05-16,Philippines,WPRO,6725,1138173,93,19051
2021-05-17,Philippines,WPRO,5773,1143946,140,19191
2021-05-18,Philippines,WPRO,5955,1149901,71,19262
2021-05-19,Philippines,WPRO,4470,1154371,110,19372
2021-05-20,Philippines,WPRO,4684,1159055,135,19507
2021-05-21,Philippines,WPRO,6083,1165138,134,19641
2021-05-22,Philippines,WPRO,6248,1171386,122,19763
2021-05-23,Philippines,WPRO,6821,1178207,183,19946
2021-05-24,Philippines,WPRO,1584,1179791,5,19951
2021-05-25,Philippines,WPRO,4909,1184700,32,19983
2021-05-26,Philippines,WPRO,3966,1188666,36,20019
2021-05-27,Philippines,WPRO,5281,1193947,150,20169
2021-05-28,Philippines,WPRO,6459,1200406,210,20379
2021-05-29,Philippines,WPRO,8733,1209139,187,20566
2021-05-30,Philippines,WPRO,7430,1216569,156,20722
2021-01-01,Pitcairn Islands,WPRO,0,0,0,0
2021-01-02,Pitcairn Islands,WPRO,0,0,0,0
2021-01-03,Pitcairn Islands,WPRO,0,0,0,0
2021-01-04,Pitcairn Islands,WPRO,0,0,0,0
2021-01-05,Pitcairn Islands,WPRO,0,0,0,0
2021-01-06,Pitcairn Islands,WPRO,0,0,0,0
2021-01-07,Pitcairn Islands,WPRO,0,0,0,0
2021-01-08,Pitcairn Islands,WPRO,0,0,0,0
2021-01-09,Pitcairn Islands,WPRO,0,0,0,0
2021-01-10,Pitcairn Islands,WPRO,0,0,0,0
2021-01-11,Pitcairn Islands,WPRO,0,0,0,0
2021-01-12,Pitcairn Islands,WPRO,0,0,0,0
2021-01-13,Pitcairn Islands,WPRO,0,0,0,0
2021-01-14,Pitcairn Islands,WPRO,0,0,0,0
2021-01-15,Pitcairn Islands,WPRO,0,0,0,0
2021-01-16,Pitcairn Islands,WPRO,0,0,0,0
2021-01-17,Pitcairn Islands,WPRO,0,0,0,0
2021-01-18,Pitcairn Islands,WPRO,0,0,0,0
2021-01-19,Pitcairn Islands,WPRO,0,0,0,0
2021-01-20,Pitcairn Islands,WPRO,0,0,0,0
2021-01-21,Pitcairn Islands,WPRO,0,0,0,0
2021-01-22,Pitcairn Islands,WPRO,0,0,0,0
2021-01-23,Pitcairn Islands,WPRO,0,0,0,0
2021-01-24,Pitcairn Islands,WPRO,0,0,0,0
2021-01-25,Pitcairn Islands,WPRO,0,0,0,0
2021-01-26,Pitcairn Islands,WPRO,0,0,0,0
2021-01-27,Pitcairn Islands,WPRO,0,0,0,0
2021-01-28,Pitcairn Islands,WPRO,0,0,0,0
2021-01-29,Pitcairn Islands,WPRO,0,0,0,0
2021-01-30,Pitcairn Islands,WPRO,0,0,0,0
2021-01-31,Pitcairn Islands,WPRO,0,0,0,0
2021-02-01,Pitcairn Islands,WPRO,0,0,0,0
2021-02-02,Pitcairn Islands,WPRO,0,0,0,0
2021-02-03,Pitcairn Islands,WPRO,0,0,0,0
2021-02-04,Pitcairn Islands,WPRO,0,0,0,0
2021-02-05,Pitcairn Islands,WPRO,0,0,0,0
2021-02-06,Pitcairn Islands,WPRO,0,0,0,0
2021-02-07,Pitcairn Islands,WPRO,0,0,0,0
2021-02-08,Pitcairn Islands,WPRO,0,0,0,0
2021-02-09,Pitcairn Islands,WPRO,0,0,0,0
2021-02-10,Pitcairn Islands,WPRO,0,0,0,0
2021-02-11,Pitcairn Islands,WPRO,0,0,0,0
2021-02-12,Pitcairn Islands,WPRO,0,0,0,0
2021-02-13,Pitcairn Islands,WPRO,0,0,0,0
2021-02-14,Pitcairn Islands,WPRO,0,0,0,0
2021-02-15,Pitcairn Islands,WPRO,0,0,0,0
2021-02-16,Pitcairn Islands,WPRO,0,0,0,0
2021-02-17,Pitcairn Islands,WPRO,0,0,0,0
2021-02-18,Pitcairn Islands,WPRO,0,0,0,0
2021-02-19,Pitcairn Islands,WPRO,0,0,0,0
2021-02-20,Pitcairn Islands,WPRO,0,0,0,0
2021-02-21,Pitcairn Islands,WPRO,0,0,0,0
2021-02-22,Pitcairn Islands,WPRO,0,0,0,0
2021-02-23,Pitcairn Islands,WPRO,0,0,0,0
2021-02-24,Pitcairn Islands,WPRO,0,0,0,0
2021-02-25,Pitcairn Islands,WPRO,0,0,0,0
2021-02-26,Pitcairn Islands,WPRO,0,0,0,0
2021-02-27,Pitcairn Islands,WPRO,0,0,0,0
2021-02-28,Pitcairn Islands,WPRO,0,0,0,0
2021-03-01,Pitcairn Islands,WPRO,0,0,0,0
2021-03-02,Pitcairn Islands,WPRO,0,0,0,0
2021-03-03,Pitcairn Islands,WPRO,0,0,0,0
2021-03-04,Pitcairn Islands,WPRO,0,0,0,0
2021-03-05,Pitcairn Islands,WPRO,0,0,0,0
2021-03-06,Pitcairn Islands,WPRO,0,0,0,0
2021-03-07,Pitcairn Islands,WPRO,0,0,0,0
2021-03-08,Pitcairn Islands,WPRO,0,0,0,0
2021-03-09,Pitcairn Islands,WPRO,0,0,0,0
2021-03-10,Pitcairn Islands,WPRO,0,0,0,0
2021-03-11,Pitcairn Islands,WPRO,0,0,0,0
2021-03-12,Pitcairn Islands,WPRO,0,0,0,0
2021-03-13,Pitcairn Islands,WPRO,0,0,0,0
2021-03-14,Pitcairn Islands,WPRO,0,0,0,0
2021-03-15,Pitcairn Islands,WPRO,0,0,0,0
2021-03-16,Pitcairn Islands,WPRO,0,0,0,0
2021-03-17,Pitcairn Islands,WPRO,0,0,0,0
2021-03-18,Pitcairn Islands,WPRO,0,0,0,0
2021-03-19,Pitcairn Islands,WPRO,0,0,0,0
2021-03-20,Pitcairn Islands,WPRO,0,0,0,0
2021-03-21,Pitcairn Islands,WPRO,0,0,0,0
2021-03-22,Pitcairn Islands,WPRO,0,0,0,0
2021-03-23,Pitcairn Islands,WPRO,0,0,0,0
2021-03-24,Pitcairn Islands,WPRO,0,0,0,0
2021-03-25,Pitcairn Islands,WPRO,0,0,0,0
2021-03-26,Pitcairn Islands,WPRO,0,0,0,0
2021-03-27,Pitcairn Islands,WPRO,0,0,0,0
2021-03-28,Pitcairn Islands,WPRO,0,0,0,0
2021-03-29,Pitcairn Islands,WPRO,0,0,0,0
2021-03-30,Pitcairn Islands,WPRO,0,0,0,0
2021-03-31,Pitcairn Islands,WPRO,0,0,0,0
2021-04-01,Pitcairn Islands,WPRO,0,0,0,0
2021-04-02,Pitcairn Islands,WPRO,0,0,0,0
2021-04-03,Pitcairn Islands,WPRO,0,0,0,0
2021-04-04,Pitcairn Islands,WPRO,0,0,0,0
2021-04-05,Pitcairn Islands,WPRO,0,0,0,0
2021-04-06,Pitcairn Islands,WPRO,0,0,0,0
2021-04-07,Pitcairn Islands,WPRO,0,0,0,0
2021-04-08,Pitcairn Islands,WPRO,0,0,0,0
2021-04-09,Pitcairn Islands,WPRO,0,0,0,0
2021-04-10,Pitcairn Islands,WPRO,0,0,0,0
2021-04-11,Pitcairn Islands,WPRO,0,0,0,0
2021-04-12,Pitcairn Islands,WPRO,0,0,0,0
2021-04-13,Pitcairn Islands,WPRO,0,0,0,0
2021-04-14,Pitcairn Islands,WPRO,0,0,0,0
2021-04-15,Pitcairn Islands,WPRO,0,0,0,0
2021-04-16,Pitcairn Islands,WPRO,0,0,0,0
2021-04-17,Pitcairn Islands,WPRO,0,0,0,0
2021-04-18,Pitcairn Islands,WPRO,0,0,0,0
2021-04-19,Pitcairn Islands,WPRO,0,0,0,0
2021-04-20,Pitcairn Islands,WPRO,0,0,0,0
2021-04-21,Pitcairn Islands,WPRO,0,0,0,0
2021-04-22,Pitcairn Islands,WPRO,0,0,0,0
2021-04-23,Pitcairn Islands,WPRO,0,0,0,0
2021-04-24,Pitcairn Islands,WPRO,0,0,0,0
2021-04-25,Pitcairn Islands,WPRO,0,0,0,0
2021-04-26,Pitcairn Islands,WPRO,0,0,0,0
2021-04-27,Pitcairn Islands,WPRO,0,0,0,0
2021-04-28,Pitcairn Islands,WPRO,0,0,0,0
2021-04-29,Pitcairn Islands,WPRO,0,0,0,0
2021-04-30,Pitcairn Islands,WPRO,0,0,0,0
2021-05-01,Pitcairn Islands,WPRO,0,0,0,0
2021-05-02,Pitcairn Islands,WPRO,0,0,0,0
2021-05-03,Pitcairn Islands,WPRO,0,0,0,0
2021-05-04,Pitcairn Islands,WPRO,0,0,0,0
2021-05-05,Pitcairn Islands,WPRO,0,0,0,0
2021-05-06,Pitcairn Islands,WPRO,0,0,0,0
2021-05-07,Pitcairn Islands,WPRO,0,0,0,0
2021-05-08,Pitcairn Islands,WPRO,0,0,0,0
2021-05-09,Pitcairn Islands,WPRO,0,0,0,0
2021-05-10,Pitcairn Islands,WPRO,0,0,0,0
2021-05-11,Pitcairn Islands,WPRO,0,0,0,0
2021-05-12,Pitcairn Islands,WPRO,0,0,0,0
2021-05-13,Pitcairn Islands,WPRO,0,0,0,0
2021-05-14,Pitcairn Islands,WPRO,0,0,0,0
2021-05-15,Pitcairn Islands,WPRO,0,0,0,0
2021-05-16,Pitcairn Islands,WPRO,0,0,0,0
2021-05-17,Pitcairn Islands,WPRO,0,0,0,0
2021-05-18,Pitcairn Islands,WPRO,0,0,0,0
2021-05-19,Pitcairn Islands,WPRO,0,0,0,0
2021-05-20,Pitcairn Islands,WPRO,0,0,0,0
2021-05-21,Pitcairn Islands,WPRO,0,0,0,0
2021-05-22,Pitcairn Islands,WPRO,0,0,0,0
2021-05-23,Pitcairn Islands,WPRO,0,0,0,0
2021-05-24,Pitcairn Islands,WPRO,0,0,0,0
2021-05-25,Pitcairn Islands,WPRO,0,0,0,0
2021-05-26,Pitcairn Islands,WPRO,0,0,0,0
2021-05-27,Pitcairn Islands,WPRO,0,0,0,0
2021-05-28,Pitcairn Islands,WPRO,0,0,0,0
2021-05-29,Pitcairn Islands,WPRO,0,0,0,0
2021-05-30,Pitcairn Islands,WPRO,0,0,0,0
2021-01-01,Poland,EURO,10896,1305774,402,28956
2021-01-02,Poland,EURO,7006,1312780,102,29058
2021-01-03,Poland,EURO,5782,1318562,61,29119
2021-01-04,Poland,EURO,4385,1322947,42,29161
2021-01-05,Poland,EURO,7596,1330543,341,29502
2021-01-06,Poland,EURO,14220,1344763,553,30055
2021-01-07,Poland,EURO,12119,1356882,186,30241
2021-01-08,Poland,EURO,8763,1365645,333,30574
2021-01-09,Poland,EURO,10744,1376389,437,31011
2021-01-10,Poland,EURO,9133,1385522,178,31189
2021-01-11,Poland,EURO,4863,1390385,75,31264
2021-01-12,Poland,EURO,5467,1395852,329,31593
2021-01-13,Poland,EURO,9053,1404905,481,32074
2021-01-14,Poland,EURO,9457,1414362,382,32456
2021-01-15,Poland,EURO,7958,1422320,388,32844
2021-01-16,Poland,EURO,7292,1429612,369,33213
2021-01-17,Poland,EURO,5970,1435582,142,33355
2021-01-18,Poland,EURO,3332,1438914,52,33407
2021-01-19,Poland,EURO,4890,1443804,291,33698
2021-01-20,Poland,EURO,6943,1450747,443,34141
2021-01-21,Poland,EURO,7008,1457755,420,34561
2021-01-22,Poland,EURO,6693,1464448,347,34908
2021-01-23,Poland,EURO,6431,1470879,345,35253
2021-01-24,Poland,EURO,4566,1475445,110,35363
2021-01-25,Poland,EURO,2674,1478119,38,35401
2021-01-26,Poland,EURO,4603,1482722,264,35665
2021-01-27,Poland,EURO,6790,1489512,389,36054
2021-01-28,Poland,EURO,7153,1496665,389,36443
2021-01-29,Poland,EURO,6145,1502810,337,36780
2021-01-30,Poland,EURO,5864,1508674,302,37082
2021-01-31,Poland,EURO,4711,1513385,98,37180
2021-02-01,Poland,EURO,2504,1515889,42,37222
2021-02-02,Poland,EURO,4326,1520215,254,37476
2021-02-03,Poland,EURO,6801,1527016,421,37897
2021-02-04,Poland,EURO,6495,1533511,447,38344
2021-02-05,Poland,EURO,6053,1539564,368,38712
2021-02-06,Poland,EURO,5966,1545530,282,38994
2021-02-07,Poland,EURO,4725,1550255,93,39087
2021-02-08,Poland,EURO,2431,1552686,45,39132
2021-02-09,Poland,EURO,3999,1556685,228,39360
2021-02-10,Poland,EURO,6960,1563645,361,39721
2021-02-11,Poland,EURO,7013,1570658,456,40177
2021-02-12,Poland,EURO,6378,1577036,247,40424
2021-02-13,Poland,EURO,6585,1583621,285,40709
2021-02-14,Poland,EURO,5334,1588955,98,40807
2021-02-15,Poland,EURO,2542,1591497,25,40832
2021-02-16,Poland,EURO,5176,1596673,196,41028
2021-02-17,Poland,EURO,8699,1605372,280,41308
2021-02-18,Poland,EURO,9074,1614446,274,41582
2021-02-19,Poland,EURO,8772,1623218,241,41823
2021-02-20,Poland,EURO,8509,1631727,254,42077
2021-02-21,Poland,EURO,7040,1638767,94,42171
2021-02-22,Poland,EURO,3891,1642658,17,42188
2021-02-23,Poland,EURO,6304,1648962,248,42436
2021-02-24,Poland,EURO,12147,1661109,372,42808
2021-02-25,Poland,EURO,12143,1673252,286,43094
2021-02-26,Poland,EURO,11536,1684788,259,43353
2021-02-27,Poland,EURO,12097,1696885,303,43656
2021-02-28,Poland,EURO,10101,1706986,113,43769
2021-03-01,Poland,EURO,4786,1711772,24,43793
2021-03-02,Poland,EURO,7936,1719708,215,44008
2021-03-03,Poland,EURO,15698,1735406,352,44360
2021-03-04,Poland,EURO,15253,1750659,289,44649
2021-03-05,Poland,EURO,15831,1766490,263,44912
2021-03-06,Poland,EURO,0,1766490,0,44912
2021-03-07,Poland,EURO,28424,1794914,373,45285
2021-03-08,Poland,EURO,6169,1801083,32,45317
2021-03-09,Poland,EURO,9953,1811036,282,45599
2021-03-10,Poland,EURO,17277,1828313,398,45997
2021-03-11,Poland,EURO,21111,1849424,376,46373
2021-03-12,Poland,EURO,18873,1868297,351,46724
2021-03-13,Poland,EURO,21063,1889360,344,47068
2021-03-14,Poland,EURO,17272,1906632,110,47178
2021-03-15,Poland,EURO,10895,1917527,28,47206
2021-03-16,Poland,EURO,14394,1931921,372,47578
2021-03-17,Poland,EURO,25053,1956974,454,48032
2021-03-18,Poland,EURO,27274,1984248,356,48388
2021-03-19,Poland,EURO,25996,2010244,419,48807
2021-03-20,Poland,EURO,26456,2036700,352,49159
2021-03-21,Poland,EURO,21850,2058550,141,49300
2021-03-22,Poland,EURO,14579,2073129,65,49365
2021-03-23,Poland,EURO,16740,2089869,396,49761
2021-03-24,Poland,EURO,30802,2120671,579,50340
2021-03-25,Poland,EURO,34150,2154821,520,50860
2021-03-26,Poland,EURO,35145,2189966,445,51305
2021-03-27,Poland,EURO,31759,2221725,448,51753
2021-03-28,Poland,EURO,29266,2250991,131,51884
2021-03-29,Poland,EURO,16973,2267964,48,51932
2021-03-30,Poland,EURO,20862,2288826,460,52392
2021-03-31,Poland,EURO,32891,2321717,653,53045
2021-04-01,Poland,EURO,35253,2356970,620,53665
2021-04-02,Poland,EURO,30541,2387511,500,54165
2021-04-03,Poland,EURO,28073,2415584,572,54737
2021-04-04,Poland,EURO,22958,2438542,204,54941
2021-04-05,Poland,EURO,9921,2448463,64,55005
2021-04-06,Poland,EURO,8246,2456709,60,55065
2021-04-07,Poland,EURO,14908,2471617,638,55703
2021-04-08,Poland,EURO,27890,2499507,956,56659
2021-04-09,Poland,EURO,28499,2528006,768,57427
2021-04-10,Poland,EURO,24892,2552898,749,58176
2021-04-11,Poland,EURO,21733,2574631,245,58421
2021-04-12,Poland,EURO,12016,2586647,60,58481
2021-04-13,Poland,EURO,13203,2599850,645,59126
2021-04-14,Poland,EURO,21266,2621116,804,59930
2021-04-15,Poland,EURO,21126,2642242,682,60612
2021-04-16,Poland,EURO,17846,2660088,596,61208
2021-04-17,Poland,EURO,15786,2675874,617,61825
2021-04-18,Poland,EURO,12151,2688025,207,62032
2021-04-19,Poland,EURO,7302,2695327,101,62133
2021-04-20,Poland,EURO,9244,2704571,601,62734
2021-04-21,Poland,EURO,13922,2718493,739,63473
2021-04-22,Poland,EURO,12763,2731256,695,64168
2021-04-23,Poland,EURO,10866,2742122,539,64707
2021-04-24,Poland,EURO,9510,2751632,515,65222
2021-04-25,Poland,EURO,7224,2758856,193,65415
2021-04-26,Poland,EURO,3467,2762323,22,65437
2021-04-27,Poland,EURO,5711,2768034,460,65897
2021-04-28,Poland,EURO,8893,2776927,636,66533
2021-04-29,Poland,EURO,8426,2785353,540,67073
2021-04-30,Poland,EURO,6789,2792142,429,67502
2021-05-01,Poland,EURO,6475,2798617,422,67924
2021-05-02,Poland,EURO,4616,2803233,144,68068
2021-05-03,Poland,EURO,2523,2805756,37,68105
2021-05-04,Poland,EURO,2296,2808052,28,68133
2021-05-05,Poland,EURO,3899,2811951,349,68482
2021-05-06,Poland,EURO,6427,2818378,511,68993
2021-05-07,Poland,EURO,6047,2824425,452,69445
2021-05-08,Poland,EURO,4771,2829196,441,69886
2021-05-09,Poland,EURO,3856,2833052,126,70012
2021-05-10,Poland,EURO,2031,2835083,22,70034
2021-05-11,Poland,EURO,3097,2838180,302,70336
2021-05-12,Poland,EURO,4159,2842339,343,70679
2021-05-13,Poland,EURO,3423,2845762,342,71021
2021-05-14,Poland,EURO,3252,2849014,290,71311
2021-05-15,Poland,EURO,2897,2851911,298,71609
2021-05-16,Poland,EURO,2168,2854079,55,71664
2021-05-17,Poland,EURO,1111,2855190,11,71675
2021-05-18,Poland,EURO,1734,2856924,245,71920
2021-05-19,Poland,EURO,2337,2859261,330,72250
2021-05-20,Poland,EURO,2090,2861351,250,72500
2021-05-21,Poland,EURO,1680,2863031,191,72691
2021-05-22,Poland,EURO,1515,2864546,191,72882
2021-05-23,Poland,EURO,1076,2865622,46,72928
2021-05-24,Poland,EURO,559,2866181,17,72945
2021-05-25,Poland,EURO,1006,2867187,151,73096
2021-05-26,Poland,EURO,1263,2868450,209,73305
2021-05-27,Poland,EURO,1202,2869652,135,73440
2021-05-28,Poland,EURO,943,2870595,117,73557
2021-05-29,Poland,EURO,776,2871371,125,73682
2021-05-30,Poland,EURO,579,2871950,56,73738
2021-01-01,Portugal,EURO,7627,413678,76,6906
2021-01-02,Portugal,EURO,6951,420629,66,6972
2021-01-03,Portugal,EURO,3241,423870,73,7045
2021-01-04,Portugal,EURO,3384,427254,73,7118
2021-01-05,Portugal,EURO,4369,431623,78,7196
2021-01-06,Portugal,EURO,4956,436579,90,7286
2021-01-07,Portugal,EURO,10027,446606,91,7377
2021-01-08,Portugal,EURO,9927,456533,95,7472
2021-01-09,Portugal,EURO,10176,466709,118,7590
2021-01-10,Portugal,EURO,9478,476187,111,7701
2021-01-11,Portugal,EURO,7502,483689,102,7803
2021-01-12,Portugal,EURO,5604,489293,122,7925
2021-01-13,Portugal,EURO,7259,496552,155,8080
2021-01-14,Portugal,EURO,10556,507108,156,8236
2021-01-15,Portugal,EURO,10698,517806,148,8384
2021-01-16,Portugal,EURO,10663,528469,159,8543
2021-01-17,Portugal,EURO,10947,539416,166,8709
2021-01-18,Portugal,EURO,10385,549801,152,8861
2021-01-19,Portugal,EURO,6702,556503,167,9028
2021-01-20,Portugal,EURO,10455,566958,218,9246
2021-01-21,Portugal,EURO,14647,581605,219,9465
2021-01-22,Portugal,EURO,13544,595149,221,9686
2021-01-23,Portugal,EURO,13987,609136,234,9920
2021-01-24,Portugal,EURO,15333,624469,274,10194
2021-01-25,Portugal,EURO,11721,636190,275,10469
2021-01-26,Portugal,EURO,6923,643113,252,10721
2021-01-27,Portugal,EURO,10765,653878,291,11012
2021-01-28,Portugal,EURO,15073,668951,293,11305
2021-01-29,Portugal,EURO,16432,685383,303,11608
2021-01-30,Portugal,EURO,13200,698583,278,11886
2021-01-31,Portugal,EURO,12435,711018,293,12179
2021-02-01,Portugal,EURO,9498,720516,303,12482
2021-02-02,Portugal,EURO,5805,726321,275,12757
2021-02-03,Portugal,EURO,5540,731861,260,13017
2021-02-04,Portugal,EURO,9083,740944,240,13257
2021-02-05,Portugal,EURO,7914,748858,225,13482
2021-02-06,Portugal,EURO,6916,755774,258,13740
2021-02-07,Portugal,EURO,6132,761906,214,13954
2021-02-08,Portugal,EURO,3508,765414,204,14158
2021-02-09,Portugal,EURO,2505,767919,196,14354
2021-02-10,Portugal,EURO,2583,770502,203,14557
2021-02-11,Portugal,EURO,4387,774889,161,14718
2021-02-12,Portugal,EURO,3480,778369,167,14885
2021-02-13,Portugal,EURO,2854,781223,149,15034
2021-02-14,Portugal,EURO,2856,784079,149,15183
2021-02-15,Portugal,EURO,1677,785756,138,15321
2021-02-16,Portugal,EURO,1303,787059,90,15411
2021-02-17,Portugal,EURO,1502,788561,111,15522
2021-02-18,Portugal,EURO,2324,790885,127,15649
2021-02-19,Portugal,EURO,1944,792829,105,15754
2021-02-20,Portugal,EURO,1940,794769,67,15821
2021-02-21,Portugal,EURO,1570,796339,76,15897
2021-02-22,Portugal,EURO,1186,797525,65,15962
2021-02-23,Portugal,EURO,549,798074,61,16023
2021-02-24,Portugal,EURO,1032,799106,63,16086
2021-02-25,Portugal,EURO,1480,800586,50,16136
2021-02-26,Portugal,EURO,1160,801746,49,16185
2021-02-27,Portugal,EURO,1027,802773,58,16243
2021-02-28,Portugal,EURO,1071,803844,33,16276
2021-03-01,Portugal,EURO,718,804562,41,16317
2021-03-02,Portugal,EURO,394,804956,34,16351
2021-03-03,Portugal,EURO,691,805647,38,16389
2021-03-04,Portugal,EURO,979,806626,41,16430
2021-03-05,Portugal,EURO,290,806916,28,16458
2021-03-06,Portugal,EURO,1489,808405,28,16486
2021-03-07,Portugal,EURO,1007,809412,26,16512
2021-03-08,Portugal,EURO,682,810094,28,16540
2021-03-09,Portugal,EURO,365,810459,25,16565
2021-03-10,Portugal,EURO,847,811306,30,16595
2021-03-11,Portugal,EURO,642,811948,22,16617
2021-03-12,Portugal,EURO,627,812575,18,16635
2021-03-13,Portugal,EURO,577,813152,15,16650
2021-03-14,Portugal,EURO,564,813716,19,16669
2021-03-15,Portugal,EURO,541,814257,15,16684
2021-03-16,Portugal,EURO,256,814513,10,16694
2021-03-17,Portugal,EURO,384,814897,13,16707
2021-03-18,Portugal,EURO,673,815570,15,16722
2021-03-19,Portugal,EURO,485,816055,21,16743
2021-03-20,Portugal,EURO,568,816623,11,16754
2021-03-21,Portugal,EURO,457,817080,8,16762
2021-03-22,Portugal,EURO,450,817530,6,16768
2021-03-23,Portugal,EURO,248,817778,16,16784
2021-03-24,Portugal,EURO,434,818212,10,16794
2021-03-25,Portugal,EURO,575,818787,11,16805
2021-03-26,Portugal,EURO,423,819210,9,16814
2021-03-27,Portugal,EURO,488,819698,5,16819
2021-03-28,Portugal,EURO,344,820042,8,16827
2021-03-29,Portugal,EURO,365,820407,10,16837
2021-03-30,Portugal,EURO,309,820716,6,16843
2021-03-31,Portugal,EURO,389,821105,2,16845
2021-04-01,Portugal,EURO,617,821722,3,16848
2021-04-02,Portugal,EURO,592,822314,11,16859
2021-04-03,Portugal,EURO,548,822862,9,16868
2021-04-04,Portugal,EURO,0,822862,0,16868
2021-04-05,Portugal,EURO,473,823335,11,16879
2021-04-06,Portugal,EURO,0,823335,0,16879
2021-04-07,Portugal,EURO,1033,824368,8,16887
2021-04-08,Portugal,EURO,663,825031,3,16890
2021-04-09,Portugal,EURO,602,825633,9,16899
2021-04-10,Portugal,EURO,694,826327,5,16904
2021-04-11,Portugal,EURO,601,826928,6,16910
2021-04-12,Portugal,EURO,566,827494,6,16916
2021-04-13,Portugal,EURO,271,827765,0,16916
2021-04-14,Portugal,EURO,408,828173,7,16923
2021-04-15,Portugal,EURO,684,828857,8,16931
2021-04-16,Portugal,EURO,501,829358,2,16933
2021-04-17,Portugal,EURO,553,829911,4,16937
2021-04-18,Portugal,EURO,649,830560,5,16942
2021-04-19,Portugal,EURO,441,831001,3,16945
2021-04-20,Portugal,EURO,220,831221,1,16946
2021-04-21,Portugal,EURO,424,831645,5,16951
2021-04-22,Portugal,EURO,610,832255,1,16952
2021-04-23,Portugal,EURO,636,832891,4,16956
2021-04-24,Portugal,EURO,506,833397,1,16957
2021-04-25,Portugal,EURO,567,833964,2,16959
2021-04-26,Portugal,EURO,478,834442,6,16965
2021-04-27,Portugal,EURO,196,834638,0,16965
2021-04-28,Portugal,EURO,353,834991,5,16970
2021-04-29,Portugal,EURO,572,835563,3,16973
2021-04-30,Portugal,EURO,470,836033,1,16974
2021-05-01,Portugal,EURO,460,836493,0,16974
2021-05-02,Portugal,EURO,454,836947,2,16976
2021-05-03,Portugal,EURO,330,837277,1,16977
2021-05-04,Portugal,EURO,180,837457,0,16977
2021-05-05,Portugal,EURO,258,837715,4,16981
2021-05-06,Portugal,EURO,387,838102,2,16983
2021-05-07,Portugal,EURO,373,838475,5,16988
2021-05-08,Portugal,EURO,377,838852,1,16989
2021-05-09,Portugal,EURO,406,839258,2,16991
2021-05-10,Portugal,EURO,324,839582,1,16992
2021-05-11,Portugal,EURO,158,839740,1,16993
2021-05-12,Portugal,EURO,268,840008,1,16994
2021-05-13,Portugal,EURO,485,840493,4,16998
2021-05-14,Portugal,EURO,436,840929,1,16999
2021-05-15,Portugal,EURO,450,841379,0,16999
2021-05-16,Portugal,EURO,469,841848,7,17006
2021-05-17,Portugal,EURO,334,842182,1,17007
2021-05-18,Portugal,EURO,199,842381,2,17009
2021-05-19,Portugal,EURO,386,842767,2,17011
2021-05-20,Portugal,EURO,511,843278,2,17013
2021-05-21,Portugal,EURO,451,843729,1,17014
2021-05-22,Portugal,EURO,559,844288,3,17017
2021-05-23,Portugal,EURO,523,844811,0,17017
2021-05-24,Portugal,EURO,413,845224,0,17017
2021-05-25,Portugal,EURO,241,845465,1,17018
2021-05-26,Portugal,EURO,375,845840,3,17021
2021-05-27,Portugal,EURO,594,846434,1,17022
2021-05-28,Portugal,EURO,572,847006,0,17022
2021-05-29,Portugal,EURO,598,847604,1,17023
2021-05-30,Portugal,EURO,609,848213,0,17023
2021-01-01,Puerto Rico,AMRO,403,76291,19,1503
2021-01-02,Puerto Rico,AMRO,763,77054,18,1521
2021-01-03,Puerto Rico,AMRO,878,77932,5,1526
2021-01-04,Puerto Rico,AMRO,237,78169,19,1545
2021-01-05,Puerto Rico,AMRO,636,78805,10,1555
2021-01-06,Puerto Rico,AMRO,514,79319,7,1562
2021-01-07,Puerto Rico,AMRO,293,79612,8,1570
2021-01-08,Puerto Rico,AMRO,286,79898,18,1588
2021-01-09,Puerto Rico,AMRO,2169,82067,4,1592
2021-01-10,Puerto Rico,AMRO,563,82630,24,1616
2021-01-11,Puerto Rico,AMRO,489,83119,14,1630
2021-01-12,Puerto Rico,AMRO,349,83468,12,1642
2021-01-13,Puerto Rico,AMRO,959,84427,3,1645
2021-01-14,Puerto Rico,AMRO,212,84639,14,1659
2021-01-15,Puerto Rico,AMRO,177,84816,20,1679
2021-01-16,Puerto Rico,AMRO,1138,85954,13,1692
2021-01-17,Puerto Rico,AMRO,569,86523,11,1703
2021-01-18,Puerto Rico,AMRO,849,87372,0,1703
2021-01-19,Puerto Rico,AMRO,567,87939,0,1703
2021-01-20,Puerto Rico,AMRO,434,88373,0,1703
2021-01-21,Puerto Rico,AMRO,140,88513,14,1717
2021-01-22,Puerto Rico,AMRO,215,88728,15,1732
2021-01-23,Puerto Rico,AMRO,554,89282,29,1761
2021-01-24,Puerto Rico,AMRO,791,90073,10,1771
2021-01-25,Puerto Rico,AMRO,955,91028,2,1773
2021-01-26,Puerto Rico,AMRO,568,91596,5,1778
2021-01-27,Puerto Rico,AMRO,473,92069,5,1783
2021-01-28,Puerto Rico,AMRO,175,92244,11,1794
2021-01-29,Puerto Rico,AMRO,297,92541,7,1801
2021-01-30,Puerto Rico,AMRO,427,92968,11,1812
2021-01-31,Puerto Rico,AMRO,438,93406,11,1823
2021-02-01,Puerto Rico,AMRO,218,93624,6,1829
2021-02-02,Puerto Rico,AMRO,614,94238,7,1836
2021-02-03,Puerto Rico,AMRO,288,94526,10,1846
2021-02-04,Puerto Rico,AMRO,136,94662,7,1853
2021-02-05,Puerto Rico,AMRO,322,94984,8,1861
2021-02-06,Puerto Rico,AMRO,80,95064,6,1867
2021-02-07,Puerto Rico,AMRO,291,95355,5,1872
2021-02-08,Puerto Rico,AMRO,484,95839,11,1883
2021-02-09,Puerto Rico,AMRO,322,96161,5,1888
2021-02-10,Puerto Rico,AMRO,241,96402,5,1893
2021-02-11,Puerto Rico,AMRO,92,96494,4,1897
2021-02-12,Puerto Rico,AMRO,142,96636,5,1902
2021-02-13,Puerto Rico,AMRO,288,96924,5,1907
2021-02-14,Puerto Rico,AMRO,389,97313,8,1915
2021-02-15,Puerto Rico,AMRO,296,97609,4,1919
2021-02-16,Puerto Rico,AMRO,228,97837,1,1920
2021-02-17,Puerto Rico,AMRO,480,98317,4,1924
2021-02-18,Puerto Rico,AMRO,111,98428,6,1930
2021-02-19,Puerto Rico,AMRO,78,98506,10,1940
2021-02-20,Puerto Rico,AMRO,118,98624,7,1947
2021-02-21,Puerto Rico,AMRO,211,98835,10,1957
2021-02-22,Puerto Rico,AMRO,249,99084,22,1979
2021-02-23,Puerto Rico,AMRO,173,99257,4,1983
2021-02-24,Puerto Rico,AMRO,219,99476,3,1986
2021-02-25,Puerto Rico,AMRO,43,99519,21,2007
2021-02-26,Puerto Rico,AMRO,100,99619,9,2016
2021-02-27,Puerto Rico,AMRO,311,99930,7,2023
2021-02-28,Puerto Rico,AMRO,114,100044,9,2032
2021-03-01,Puerto Rico,AMRO,253,100297,4,2036
2021-03-02,Puerto Rico,AMRO,287,100584,1,2037
2021-03-03,Puerto Rico,AMRO,151,100735,3,2040
2021-03-04,Puerto Rico,AMRO,30,100765,8,2048
2021-03-05,Puerto Rico,AMRO,102,100867,5,2053
2021-03-06,Puerto Rico,AMRO,199,101066,3,2056
2021-03-07,Puerto Rico,AMRO,261,101327,3,2059
2021-03-08,Puerto Rico,AMRO,305,101632,3,2062
2021-03-09,Puerto Rico,AMRO,185,101817,3,2065
2021-03-10,Puerto Rico,AMRO,120,101937,1,2066
2021-03-11,Puerto Rico,AMRO,68,102005,1,2067
2021-03-12,Puerto Rico,AMRO,46,102051,4,2071
2021-03-13,Puerto Rico,AMRO,356,102407,2,2073
2021-03-14,Puerto Rico,AMRO,160,102567,4,2077
2021-03-15,Puerto Rico,AMRO,235,102802,0,2077
2021-03-16,Puerto Rico,AMRO,193,102995,3,2080
2021-03-17,Puerto Rico,AMRO,216,103211,1,2081
2021-03-18,Puerto Rico,AMRO,67,103278,2,2083
2021-03-19,Puerto Rico,AMRO,69,103347,2,2085
2021-03-20,Puerto Rico,AMRO,332,103679,4,2089
2021-03-21,Puerto Rico,AMRO,212,103891,3,2092
2021-03-22,Puerto Rico,AMRO,330,104221,4,2096
2021-03-23,Puerto Rico,AMRO,295,104516,0,2096
2021-03-24,Puerto Rico,AMRO,227,104743,2,2098
2021-03-25,Puerto Rico,AMRO,145,104888,2,2100
2021-03-26,Puerto Rico,AMRO,78,104966,3,2103
2021-03-27,Puerto Rico,AMRO,260,105226,3,2106
2021-03-28,Puerto Rico,AMRO,399,105625,3,2109
2021-03-29,Puerto Rico,AMRO,268,105893,3,2112
2021-03-30,Puerto Rico,AMRO,595,106488,0,2112
2021-03-31,Puerto Rico,AMRO,447,106935,0,2112
2021-04-01,Puerto Rico,AMRO,170,107105,1,2113
2021-04-02,Puerto Rico,AMRO,365,107470,5,2118
2021-04-03,Puerto Rico,AMRO,510,107980,3,2121
2021-04-04,Puerto Rico,AMRO,881,108861,5,2126
2021-04-05,Puerto Rico,AMRO,546,109407,0,2126
2021-04-06,Puerto Rico,AMRO,426,109833,5,2131
2021-04-07,Puerto Rico,AMRO,189,110022,5,2136
2021-04-08,Puerto Rico,AMRO,211,110233,3,2139
2021-04-09,Puerto Rico,AMRO,446,110679,2,2141
2021-04-10,Puerto Rico,AMRO,1081,111760,5,2146
2021-04-11,Puerto Rico,AMRO,1440,113200,6,2152
2021-04-12,Puerto Rico,AMRO,997,114197,2,2154
2021-04-13,Puerto Rico,AMRO,1102,115299,1,2155
2021-04-14,Puerto Rico,AMRO,1079,116378,7,2162
2021-04-15,Puerto Rico,AMRO,988,117366,12,2174
2021-04-16,Puerto Rico,AMRO,470,117836,8,2182
2021-04-17,Puerto Rico,AMRO,1100,118936,3,2185
2021-04-18,Puerto Rico,AMRO,1635,120571,9,2194
2021-04-19,Puerto Rico,AMRO,1130,121701,6,2200
2021-04-20,Puerto Rico,AMRO,1348,123049,7,2207
2021-04-21,Puerto Rico,AMRO,1091,124140,6,2213
2021-04-22,Puerto Rico,AMRO,555,124695,11,2224
2021-04-23,Puerto Rico,AMRO,517,125212,14,2238
2021-04-24,Puerto Rico,AMRO,1172,126384,8,2246
2021-04-25,Puerto Rico,AMRO,1066,127450,17,2263
2021-04-26,Puerto Rico,AMRO,1009,128459,1,2264
2021-04-27,Puerto Rico,AMRO,744,129203,1,2265
2021-04-28,Puerto Rico,AMRO,834,130037,14,2279
2021-04-29,Puerto Rico,AMRO,324,130361,6,2285
2021-04-30,Puerto Rico,AMRO,310,130671,11,2296
2021-05-01,Puerto Rico,AMRO,766,131437,7,2303
2021-05-02,Puerto Rico,AMRO,519,131956,7,2310
2021-05-03,Puerto Rico,AMRO,622,132578,3,2313
2021-05-04,Puerto Rico,AMRO,469,133047,2,2315
2021-05-05,Puerto Rico,AMRO,460,133507,8,2323
2021-05-06,Puerto Rico,AMRO,198,133705,14,2337
2021-05-07,Puerto Rico,AMRO,141,133846,11,2348
2021-05-08,Puerto Rico,AMRO,522,134368,7,2355
2021-05-09,Puerto Rico,AMRO,520,134888,12,2367
2021-05-10,Puerto Rico,AMRO,383,135271,5,2372
2021-05-11,Puerto Rico,AMRO,272,135543,2,2374
2021-05-12,Puerto Rico,AMRO,183,135726,10,2384
2021-05-13,Puerto Rico,AMRO,43,135769,11,2395
2021-05-14,Puerto Rico,AMRO,102,135871,17,2412
2021-05-15,Puerto Rico,AMRO,328,136199,9,2421
2021-05-16,Puerto Rico,AMRO,227,136426,10,2431
2021-05-17,Puerto Rico,AMRO,229,136655,4,2435
2021-05-18,Puerto Rico,AMRO,308,136963,3,2438
2021-05-19,Puerto Rico,AMRO,97,137060,7,2445
2021-05-20,Puerto Rico,AMRO,26,137086,7,2452
2021-05-21,Puerto Rico,AMRO,61,137147,9,2461
2021-05-22,Puerto Rico,AMRO,195,137342,5,2466
2021-05-23,Puerto Rico,AMRO,268,137610,5,2471
2021-05-24,Puerto Rico,AMRO,153,137763,1,2472
2021-05-25,Puerto Rico,AMRO,237,138000,2,2474
2021-05-26,Puerto Rico,AMRO,83,138083,6,2480
2021-05-27,Puerto Rico,AMRO,11,138094,3,2483
2021-05-28,Puerto Rico,AMRO,123,138217,6,2489
2021-05-29,Puerto Rico,AMRO,138,138355,6,2495
2021-05-30,Puerto Rico,AMRO,130,138485,4,2499
2021-01-01,Qatar,EMRO,213,143834,0,245
2021-01-02,Qatar,EMRO,208,144042,0,245
2021-01-03,Qatar,EMRO,198,144240,0,245
2021-01-04,Qatar,EMRO,197,144437,0,245
2021-01-05,Qatar,EMRO,207,144644,0,245
2021-01-06,Qatar,EMRO,208,144852,0,245
2021-01-07,Qatar,EMRO,209,145061,0,245
2021-01-08,Qatar,EMRO,210,145271,0,245
2021-01-09,Qatar,EMRO,195,145466,1,246
2021-01-10,Qatar,EMRO,206,145672,0,246
2021-01-11,Qatar,EMRO,193,145865,0,246
2021-01-12,Qatar,EMRO,203,146068,0,246
2021-01-13,Qatar,EMRO,211,146279,0,246
2021-01-14,Qatar,EMRO,201,146480,0,246
2021-01-15,Qatar,EMRO,209,146689,0,246
2021-01-16,Qatar,EMRO,196,146885,0,246
2021-01-17,Qatar,EMRO,204,147089,0,246
2021-01-18,Qatar,EMRO,188,147277,0,246
2021-01-19,Qatar,EMRO,227,147504,2,248
2021-01-20,Qatar,EMRO,225,147729,0,248
2021-01-21,Qatar,EMRO,271,148000,0,248
2021-01-22,Qatar,EMRO,258,148258,0,248
2021-01-23,Qatar,EMRO,263,148521,0,248
2021-01-24,Qatar,EMRO,251,148772,0,248
2021-01-25,Qatar,EMRO,247,149019,0,248
2021-01-26,Qatar,EMRO,277,149296,0,248
2021-01-27,Qatar,EMRO,299,149595,0,248
2021-01-28,Qatar,EMRO,338,149933,0,248
2021-01-29,Qatar,EMRO,347,150280,0,248
2021-01-30,Qatar,EMRO,341,150621,0,248
2021-01-31,Qatar,EMRO,363,150984,0,248
2021-02-01,Qatar,EMRO,351,151335,0,248
2021-02-02,Qatar,EMRO,385,151720,1,249
2021-02-03,Qatar,EMRO,375,152095,0,249
2021-02-04,Qatar,EMRO,396,152491,0,249
2021-02-05,Qatar,EMRO,407,152898,0,249
2021-02-06,Qatar,EMRO,398,153296,1,250
2021-02-07,Qatar,EMRO,394,153690,0,250
2021-02-08,Qatar,EMRO,408,154098,0,250
2021-02-09,Qatar,EMRO,427,154525,1,251
2021-02-10,Qatar,EMRO,477,155002,2,253
2021-02-11,Qatar,EMRO,451,155453,0,253
2021-02-12,Qatar,EMRO,448,155901,1,254
2021-02-13,Qatar,EMRO,450,156351,0,254
2021-02-14,Qatar,EMRO,453,156804,1,255
2021-02-15,Qatar,EMRO,440,157244,0,255
2021-02-16,Qatar,EMRO,448,157692,0,255
2021-02-17,Qatar,EMRO,446,158138,1,256
2021-02-18,Qatar,EMRO,453,158591,0,256
2021-02-19,Qatar,EMRO,462,159053,0,256
2021-02-20,Qatar,EMRO,465,159518,0,256
2021-02-21,Qatar,EMRO,449,159967,0,256
2021-02-22,Qatar,EMRO,459,160426,0,256
2021-02-23,Qatar,EMRO,463,160889,1,257
2021-02-24,Qatar,EMRO,455,161344,0,257
2021-02-25,Qatar,EMRO,459,161803,0,257
2021-02-26,Qatar,EMRO,465,162268,0,257
2021-02-27,Qatar,EMRO,469,162737,0,257
2021-02-28,Qatar,EMRO,460,163197,0,257
2021-03-01,Qatar,EMRO,467,163664,1,258
2021-03-02,Qatar,EMRO,473,164137,1,259
2021-03-03,Qatar,EMRO,463,164600,0,259
2021-03-04,Qatar,EMRO,471,165071,1,260
2021-03-05,Qatar,EMRO,475,165546,0,260
2021-03-06,Qatar,EMRO,469,166015,1,261
2021-03-07,Qatar,EMRO,460,166475,1,262
2021-03-08,Qatar,EMRO,474,166949,0,262
2021-03-09,Qatar,EMRO,468,167417,1,263
2021-03-10,Qatar,EMRO,471,167888,1,264
2021-03-11,Qatar,EMRO,473,168361,0,264
2021-03-12,Qatar,EMRO,468,168829,0,264
2021-03-13,Qatar,EMRO,455,169284,1,265
2021-03-14,Qatar,EMRO,483,169767,0,265
2021-03-15,Qatar,EMRO,485,170252,1,266
2021-03-16,Qatar,EMRO,481,170733,1,267
2021-03-17,Qatar,EMRO,479,171212,1,268
2021-03-18,Qatar,EMRO,489,171701,2,270
2021-03-19,Qatar,EMRO,499,172200,0,270
2021-03-20,Qatar,EMRO,497,172697,1,271
2021-03-21,Qatar,EMRO,509,173206,1,272
2021-03-22,Qatar,EMRO,503,173709,1,273
2021-03-23,Qatar,EMRO,519,174228,1,274
2021-03-24,Qatar,EMRO,534,174762,1,275
2021-03-25,Qatar,EMRO,570,175332,3,278
2021-03-26,Qatar,EMRO,587,175919,3,281
2021-03-27,Qatar,EMRO,602,176521,1,282
2021-03-28,Qatar,EMRO,614,177135,2,284
2021-03-29,Qatar,EMRO,639,177774,0,284
2021-03-30,Qatar,EMRO,690,178464,2,286
2021-03-31,Qatar,EMRO,720,179184,3,289
2021-04-01,Qatar,EMRO,780,179964,2,291
2021-04-02,Qatar,EMRO,840,180804,4,295
2021-04-03,Qatar,EMRO,874,181678,3,298
2021-04-04,Qatar,EMRO,870,182548,3,301
2021-04-05,Qatar,EMRO,876,183424,2,303
2021-04-06,Qatar,EMRO,910,184334,3,306
2021-04-07,Qatar,EMRO,927,185261,6,312
2021-04-08,Qatar,EMRO,940,186201,8,320
2021-04-09,Qatar,EMRO,949,187150,2,322
2021-04-10,Qatar,EMRO,950,188100,2,324
2021-04-11,Qatar,EMRO,964,189064,7,331
2021-04-12,Qatar,EMRO,961,190025,2,333
2021-04-13,Qatar,EMRO,973,190998,2,335
2021-04-14,Qatar,EMRO,981,191979,5,340
2021-04-15,Qatar,EMRO,984,192963,8,348
2021-04-16,Qatar,EMRO,989,193952,9,357
2021-04-17,Qatar,EMRO,978,194930,10,367
2021-04-18,Qatar,EMRO,827,195757,9,376
2021-04-19,Qatar,EMRO,823,196580,6,382
2021-04-20,Qatar,EMRO,896,197476,4,386
2021-04-21,Qatar,EMRO,885,198361,5,391
2021-04-22,Qatar,EMRO,819,199180,9,400
2021-04-23,Qatar,EMRO,800,199980,7,407
2021-04-24,Qatar,EMRO,798,200778,6,413
2021-04-25,Qatar,EMRO,718,201496,5,418
2021-04-26,Qatar,EMRO,705,202201,10,428
2021-04-27,Qatar,EMRO,703,202904,9,437
2021-04-28,Qatar,EMRO,695,203599,4,441
2021-04-29,Qatar,EMRO,690,204289,4,445
2021-04-30,Qatar,EMRO,687,204976,5,450
2021-05-01,Qatar,EMRO,676,205652,8,458
2021-05-02,Qatar,EMRO,650,206302,7,465
2021-05-03,Qatar,EMRO,646,206948,7,472
2021-05-04,Qatar,EMRO,644,207592,8,480
2021-05-05,Qatar,EMRO,640,208232,3,483
2021-05-06,Qatar,EMRO,645,208877,6,489
2021-05-07,Qatar,EMRO,593,209470,4,493
2021-05-08,Qatar,EMRO,600,210070,3,496
2021-05-09,Qatar,EMRO,533,210603,6,502
2021-05-10,Qatar,EMRO,389,210992,6,508
2021-05-11,Qatar,EMRO,397,211389,4,512
2021-05-12,Qatar,EMRO,343,211732,4,516
2021-05-13,Qatar,EMRO,392,212124,3,519
2021-05-14,Qatar,EMRO,299,212423,3,522
2021-05-15,Qatar,EMRO,244,212667,2,524
2021-05-16,Qatar,EMRO,260,212927,2,526
2021-05-17,Qatar,EMRO,256,213183,4,530
2021-05-18,Qatar,EMRO,302,213485,2,532
2021-05-19,Qatar,EMRO,370,213855,4,536
2021-05-20,Qatar,EMRO,295,214150,2,538
2021-05-21,Qatar,EMRO,313,214463,1,539
2021-05-22,Qatar,EMRO,367,214830,2,541
2021-05-23,Qatar,EMRO,330,215160,2,543
2021-05-24,Qatar,EMRO,283,215443,1,544
2021-05-25,Qatar,EMRO,299,215742,3,547
2021-05-26,Qatar,EMRO,349,216091,2,549
2021-05-27,Qatar,EMRO,306,216397,3,552
2021-05-28,Qatar,EMRO,286,216683,0,552
2021-05-29,Qatar,EMRO,202,216885,0,552
2021-05-30,Qatar,EMRO,156,217041,2,554
2021-01-01,Republic of Korea,WPRO,1028,61750,17,917
2021-01-02,Republic of Korea,WPRO,824,62574,25,942
2021-01-03,Republic of Korea,WPRO,657,63231,20,962
2021-01-04,Republic of Korea,WPRO,1020,64251,19,981
2021-01-05,Republic of Korea,WPRO,714,64965,26,1007
2021-01-06,Republic of Korea,WPRO,838,65803,20,1027
2021-01-07,Republic of Korea,WPRO,869,66672,19,1046
2021-01-08,Republic of Korea,WPRO,674,67346,35,1081
2021-01-09,Republic of Korea,WPRO,641,67987,19,1100
2021-01-10,Republic of Korea,WPRO,657,68644,25,1125
2021-01-11,Republic of Korea,WPRO,451,69095,15,1140
2021-01-12,Republic of Korea,WPRO,537,69632,25,1165
2021-01-13,Republic of Korea,WPRO,561,70193,20,1185
2021-01-14,Republic of Korea,WPRO,524,70717,10,1195
2021-01-15,Republic of Korea,WPRO,512,71229,22,1217
2021-01-16,Republic of Korea,WPRO,580,71809,19,1236
2021-01-17,Republic of Korea,WPRO,520,72329,13,1249
2021-01-18,Republic of Korea,WPRO,389,72718,15,1264
2021-01-19,Republic of Korea,WPRO,386,73104,19,1283
2021-01-20,Republic of Korea,WPRO,404,73508,17,1300
2021-01-21,Republic of Korea,WPRO,401,73909,16,1316
2021-01-22,Republic of Korea,WPRO,345,74254,12,1328
2021-01-23,Republic of Korea,WPRO,431,74685,9,1337
2021-01-24,Republic of Korea,WPRO,392,75077,12,1349
2021-01-25,Republic of Korea,WPRO,437,75514,11,1360
2021-01-26,Republic of Korea,WPRO,349,75863,11,1371
2021-01-27,Republic of Korea,WPRO,559,76422,7,1378
2021-01-28,Republic of Korea,WPRO,497,76919,8,1386
2021-01-29,Republic of Korea,WPRO,469,77388,13,1399
2021-01-30,Republic of Korea,WPRO,456,77844,15,1414
2021-01-31,Republic of Korea,WPRO,354,78198,6,1420
2021-02-01,Republic of Korea,WPRO,305,78503,5,1425
2021-02-02,Republic of Korea,WPRO,336,78839,10,1435
2021-02-03,Republic of Korea,WPRO,467,79306,6,1441
2021-02-04,Republic of Korea,WPRO,451,79757,7,1448
2021-02-05,Republic of Korea,WPRO,370,80127,11,1459
2021-02-06,Republic of Korea,WPRO,390,80517,5,1464
2021-02-07,Republic of Korea,WPRO,371,80888,7,1471
2021-02-08,Republic of Korea,WPRO,288,81176,3,1474
2021-02-09,Republic of Korea,WPRO,303,81479,8,1482
2021-02-10,Republic of Korea,WPRO,444,81923,4,1486
2021-02-11,Republic of Korea,WPRO,504,82427,10,1496
2021-02-12,Republic of Korea,WPRO,403,82830,11,1507
2021-02-13,Republic of Korea,WPRO,362,83192,7,1514
2021-02-14,Republic of Korea,WPRO,326,83518,8,1522
2021-02-15,Republic of Korea,WPRO,343,83861,5,1527
2021-02-16,Republic of Korea,WPRO,457,84318,7,1534
2021-02-17,Republic of Korea,WPRO,621,84939,4,1538
2021-02-18,Republic of Korea,WPRO,621,85560,6,1544
2021-02-19,Republic of Korea,WPRO,561,86121,6,1550
2021-02-20,Republic of Korea,WPRO,448,86569,3,1553
2021-02-21,Republic of Korea,WPRO,416,86985,4,1557
2021-02-22,Republic of Korea,WPRO,332,87317,5,1562
2021-02-23,Republic of Korea,WPRO,357,87674,11,1573
2021-02-24,Republic of Korea,WPRO,439,88113,3,1576
2021-02-25,Republic of Korea,WPRO,395,88508,5,1581
2021-02-26,Republic of Korea,WPRO,387,88895,4,1585
2021-02-27,Republic of Korea,WPRO,415,89310,10,1595
2021-02-28,Republic of Korea,WPRO,355,89665,8,1603
2021-03-01,Republic of Korea,WPRO,355,90020,2,1605
2021-03-02,Republic of Korea,WPRO,344,90364,1,1606
2021-03-03,Republic of Korea,WPRO,444,90808,6,1612
2021-03-04,Republic of Korea,WPRO,424,91232,7,1619
2021-03-05,Republic of Korea,WPRO,398,91630,8,1627
2021-03-06,Republic of Korea,WPRO,418,92048,5,1632
2021-03-07,Republic of Korea,WPRO,416,92464,2,1634
2021-03-08,Republic of Korea,WPRO,346,92810,8,1642
2021-03-09,Republic of Korea,WPRO,446,93256,3,1645
2021-03-10,Republic of Korea,WPRO,470,93726,3,1648
2021-03-11,Republic of Korea,WPRO,465,94191,4,1652
2021-03-12,Republic of Korea,WPRO,488,94679,10,1662
2021-03-13,Republic of Korea,WPRO,490,95169,5,1667
2021-03-14,Republic of Korea,WPRO,459,95628,2,1669
2021-03-15,Republic of Korea,WPRO,379,96007,6,1675
2021-03-16,Republic of Korea,WPRO,363,96370,3,1678
2021-03-17,Republic of Korea,WPRO,469,96839,8,1686
2021-03-18,Republic of Korea,WPRO,445,97284,2,1688
2021-03-19,Republic of Korea,WPRO,463,97747,2,1690
2021-03-20,Republic of Korea,WPRO,447,98194,3,1693
2021-03-21,Republic of Korea,WPRO,456,98650,3,1696
2021-03-22,Republic of Korea,WPRO,415,99065,1,1697
2021-03-23,Republic of Korea,WPRO,346,99411,7,1704
2021-03-24,Republic of Korea,WPRO,428,99839,3,1707
2021-03-25,Republic of Korea,WPRO,430,100269,2,1709
2021-03-26,Republic of Korea,WPRO,489,100758,7,1716
2021-03-27,Republic of Korea,WPRO,505,101263,5,1721
2021-03-28,Republic of Korea,WPRO,482,101745,1,1722
2021-03-29,Republic of Korea,WPRO,382,102127,4,1726
2021-03-30,Republic of Korea,WPRO,447,102574,3,1729
2021-03-31,Republic of Korea,WPRO,506,103080,2,1731
2021-04-01,Republic of Korea,WPRO,551,103631,4,1735
2021-04-02,Republic of Korea,WPRO,557,104188,2,1737
2021-04-03,Republic of Korea,WPRO,543,104731,3,1740
2021-04-04,Republic of Korea,WPRO,543,105274,4,1744
2021-04-05,Republic of Korea,WPRO,473,105747,4,1748
2021-04-06,Republic of Korea,WPRO,478,106225,4,1752
2021-04-07,Republic of Korea,WPRO,668,106893,4,1756
2021-04-08,Republic of Korea,WPRO,700,107593,2,1758
2021-04-09,Republic of Korea,WPRO,670,108263,6,1764
2021-04-10,Republic of Korea,WPRO,677,108940,1,1765
2021-04-11,Republic of Korea,WPRO,614,109554,3,1768
2021-04-12,Republic of Korea,WPRO,587,110141,2,1770
2021-04-13,Republic of Korea,WPRO,542,110683,5,1775
2021-04-14,Republic of Korea,WPRO,731,111414,7,1782
2021-04-15,Republic of Korea,WPRO,698,112112,6,1788
2021-04-16,Republic of Korea,WPRO,673,112785,2,1790
2021-04-17,Republic of Korea,WPRO,658,113443,4,1794
2021-04-18,Republic of Korea,WPRO,671,114114,3,1797
2021-04-19,Republic of Korea,WPRO,532,114646,4,1801
2021-04-20,Republic of Korea,WPRO,549,115195,1,1802
2021-04-21,Republic of Korea,WPRO,731,115926,4,1806
2021-04-22,Republic of Korea,WPRO,735,116661,2,1808
2021-04-23,Republic of Korea,WPRO,797,117458,3,1811
2021-04-24,Republic of Korea,WPRO,777,118235,1,1812
2021-04-25,Republic of Korea,WPRO,644,118879,1,1813
2021-04-26,Republic of Korea,WPRO,499,119378,4,1817
2021-04-27,Republic of Korea,WPRO,512,119890,3,1820
2021-04-28,Republic of Korea,WPRO,769,120659,1,1821
2021-04-29,Republic of Korea,WPRO,679,121338,4,1825
2021-04-30,Republic of Korea,WPRO,661,121999,3,1828
2021-05-01,Republic of Korea,WPRO,627,122626,3,1831
2021-05-02,Republic of Korea,WPRO,606,123232,2,1833
2021-05-03,Republic of Korea,WPRO,488,123720,1,1834
2021-05-04,Republic of Korea,WPRO,541,124261,6,1840
2021-05-05,Republic of Korea,WPRO,676,124937,7,1847
2021-05-06,Republic of Korea,WPRO,574,125511,4,1851
2021-05-07,Republic of Korea,WPRO,525,126036,9,1860
2021-05-08,Republic of Korea,WPRO,701,126737,5,1865
2021-05-09,Republic of Korea,WPRO,564,127301,9,1874
2021-05-10,Republic of Korea,WPRO,463,127764,1,1875
2021-05-11,Republic of Korea,WPRO,510,128274,4,1879
2021-05-12,Republic of Korea,WPRO,634,128908,5,1884
2021-05-13,Republic of Korea,WPRO,715,129623,7,1891
2021-05-14,Republic of Korea,WPRO,747,130370,2,1893
2021-05-15,Republic of Korea,WPRO,681,131051,3,1896
2021-05-16,Republic of Korea,WPRO,610,131661,4,1900
2021-05-17,Republic of Korea,WPRO,619,132280,3,1903
2021-05-18,Republic of Korea,WPRO,528,132808,1,1904
2021-05-19,Republic of Korea,WPRO,654,133462,8,1912
2021-05-20,Republic of Korea,WPRO,646,134108,4,1916
2021-05-21,Republic of Korea,WPRO,561,134669,6,1922
2021-05-22,Republic of Korea,WPRO,666,135335,4,1926
2021-05-23,Republic of Korea,WPRO,585,135920,5,1931
2021-05-24,Republic of Korea,WPRO,538,136458,3,1934
2021-05-25,Republic of Korea,WPRO,516,136974,4,1938
2021-05-26,Republic of Korea,WPRO,705,137679,2,1940
2021-05-27,Republic of Korea,WPRO,629,138308,3,1943
2021-05-28,Republic of Korea,WPRO,587,138895,3,1946
2021-05-29,Republic of Korea,WPRO,533,139428,5,1951
2021-05-30,Republic of Korea,WPRO,480,139908,6,1957
2021-01-01,Republic of Moldova,EURO,977,144818,26,2985
2021-01-02,Republic of Moldova,EURO,440,145258,19,3004
2021-01-03,Republic of Moldova,EURO,436,145694,16,3020
2021-01-04,Republic of Moldova,EURO,179,145873,17,3037
2021-01-05,Republic of Moldova,EURO,436,146309,17,3054
2021-01-06,Republic of Moldova,EURO,612,146921,16,3070
2021-01-07,Republic of Moldova,EURO,950,147871,18,3088
2021-01-08,Republic of Moldova,EURO,423,148294,18,3106
2021-01-09,Republic of Moldova,EURO,375,148669,16,3122
2021-01-10,Republic of Moldova,EURO,424,149093,8,3130
2021-01-11,Republic of Moldova,EURO,298,149391,9,3139
2021-01-12,Republic of Moldova,EURO,271,149662,17,3156
2021-01-13,Republic of Moldova,EURO,476,150138,20,3176
2021-01-14,Republic of Moldova,EURO,808,150946,17,3193
2021-01-15,Republic of Moldova,EURO,741,151687,18,3211
2021-01-16,Republic of Moldova,EURO,576,152263,17,3228
2021-01-17,Republic of Moldova,EURO,377,152640,17,3245
2021-01-18,Republic of Moldova,EURO,214,152854,5,3250
2021-01-19,Republic of Moldova,EURO,258,153112,17,3267
2021-01-20,Republic of Moldova,EURO,394,153506,15,3282
2021-01-21,Republic of Moldova,EURO,612,154118,17,3299
2021-01-22,Republic of Moldova,EURO,670,154788,16,3315
2021-01-23,Republic of Moldova,EURO,514,155302,17,3332
2021-01-24,Republic of Moldova,EURO,635,155937,15,3347
2021-01-25,Republic of Moldova,EURO,265,156202,14,3361
2021-01-26,Republic of Moldova,EURO,224,156426,7,3368
2021-01-27,Republic of Moldova,EURO,546,156972,13,3381
2021-01-28,Republic of Moldova,EURO,654,157626,15,3396
2021-01-29,Republic of Moldova,EURO,683,158309,17,3413
2021-01-30,Republic of Moldova,EURO,551,158860,11,3424
2021-01-31,Republic of Moldova,EURO,653,159513,10,3434
2021-02-01,Republic of Moldova,EURO,291,159804,4,3438
2021-02-02,Republic of Moldova,EURO,282,160086,8,3446
2021-02-03,Republic of Moldova,EURO,639,160725,16,3462
2021-02-04,Republic of Moldova,EURO,917,161642,18,3480
2021-02-05,Republic of Moldova,EURO,982,162624,17,3497
2021-02-06,Republic of Moldova,EURO,776,163400,18,3515
2021-02-07,Republic of Moldova,EURO,843,164243,15,3530
2021-02-08,Republic of Moldova,EURO,326,164569,13,3543
2021-02-09,Republic of Moldova,EURO,289,164858,14,3557
2021-02-10,Republic of Moldova,EURO,805,165663,16,3573
2021-02-11,Republic of Moldova,EURO,890,166553,16,3589
2021-02-12,Republic of Moldova,EURO,993,167546,18,3607
2021-02-13,Republic of Moldova,EURO,1280,168826,19,3626
2021-02-14,Republic of Moldova,EURO,979,169805,14,3640
2021-02-15,Republic of Moldova,EURO,381,170186,11,3651
2021-02-16,Republic of Moldova,EURO,363,170549,10,3661
2021-02-17,Republic of Moldova,EURO,965,171514,17,3678
2021-02-18,Republic of Moldova,EURO,1301,172815,19,3697
2021-02-19,Republic of Moldova,EURO,1340,174155,20,3717
2021-02-20,Republic of Moldova,EURO,1028,175183,22,3739
2021-02-21,Republic of Moldova,EURO,1062,176245,21,3760
2021-02-22,Republic of Moldova,EURO,507,176752,20,3780
2021-02-23,Republic of Moldova,EURO,655,177407,19,3799
2021-02-24,Republic of Moldova,EURO,1133,178540,24,3823
2021-02-25,Republic of Moldova,EURO,1610,180150,23,3846
2021-02-26,Republic of Moldova,EURO,1736,181886,25,3871
2021-02-27,Republic of Moldova,EURO,1452,183338,28,3899
2021-02-28,Republic of Moldova,EURO,1518,184856,25,3924
2021-03-01,Republic of Moldova,EURO,597,185453,25,3949
2021-03-02,Republic of Moldova,EURO,994,186447,26,3975
2021-03-03,Republic of Moldova,EURO,1400,187847,27,4002
2021-03-04,Republic of Moldova,EURO,1550,189397,24,4026
2021-03-05,Republic of Moldova,EURO,1800,191197,23,4049
2021-03-06,Republic of Moldova,EURO,1788,192985,22,4071
2021-03-07,Republic of Moldova,EURO,1620,194605,20,4091
2021-03-08,Republic of Moldova,EURO,647,195252,20,4111
2021-03-09,Republic of Moldova,EURO,350,195602,18,4129
2021-03-10,Republic of Moldova,EURO,873,196475,21,4150
2021-03-11,Republic of Moldova,EURO,1753,198228,33,4183
2021-03-12,Republic of Moldova,EURO,1896,200124,37,4220
2021-03-13,Republic of Moldova,EURO,1785,201909,36,4256
2021-03-14,Republic of Moldova,EURO,1801,203710,38,4294
2021-03-15,Republic of Moldova,EURO,753,204463,36,4330
2021-03-16,Republic of Moldova,EURO,861,205324,35,4365
2021-03-17,Republic of Moldova,EURO,1688,207012,37,4402
2021-03-18,Republic of Moldova,EURO,1916,208928,34,4436
2021-03-19,Republic of Moldova,EURO,1797,210725,36,4472
2021-03-20,Republic of Moldova,EURO,1843,212568,29,4501
2021-03-21,Republic of Moldova,EURO,1635,214203,30,4531
2021-03-22,Republic of Moldova,EURO,831,215034,28,4559
2021-03-23,Republic of Moldova,EURO,1060,216094,29,4588
2021-03-24,Republic of Moldova,EURO,1621,217715,34,4622
2021-03-25,Republic of Moldova,EURO,2273,219988,39,4661
2021-03-26,Republic of Moldova,EURO,2132,222120,41,4702
2021-03-27,Republic of Moldova,EURO,1866,223986,29,4731
2021-03-28,Republic of Moldova,EURO,1674,225660,54,4785
2021-03-29,Republic of Moldova,EURO,861,226521,29,4814
2021-03-30,Republic of Moldova,EURO,932,227453,42,4856
2021-03-31,Republic of Moldova,EURO,917,228370,59,4915
2021-04-01,Republic of Moldova,EURO,1871,230241,45,4960
2021-04-02,Republic of Moldova,EURO,1515,231756,43,5003
2021-04-03,Republic of Moldova,EURO,1380,233136,45,5048
2021-04-04,Republic of Moldova,EURO,1258,234394,44,5092
2021-04-05,Republic of Moldova,EURO,693,235087,44,5136
2021-04-06,Republic of Moldova,EURO,703,235790,42,5178
2021-04-07,Republic of Moldova,EURO,773,236563,46,5224
2021-04-08,Republic of Moldova,EURO,1155,237718,44,5268
2021-04-09,Republic of Moldova,EURO,1428,239146,39,5307
2021-04-10,Republic of Moldova,EURO,910,240056,32,5339
2021-04-11,Republic of Moldova,EURO,830,240886,30,5369
2021-04-12,Republic of Moldova,EURO,331,241217,19,5388
2021-04-13,Republic of Moldova,EURO,603,241820,21,5409
2021-04-14,Republic of Moldova,EURO,544,242364,29,5438
2021-04-15,Republic of Moldova,EURO,1001,243365,28,5466
2021-04-16,Republic of Moldova,EURO,812,244177,27,5493
2021-04-17,Republic of Moldova,EURO,689,244866,28,5521
2021-04-18,Republic of Moldova,EURO,628,245494,27,5548
2021-04-19,Republic of Moldova,EURO,403,245897,23,5571
2021-04-20,Republic of Moldova,EURO,341,246238,20,5591
2021-04-21,Republic of Moldova,EURO,453,246691,25,5616
2021-04-22,Republic of Moldova,EURO,700,247391,27,5643
2021-04-23,Republic of Moldova,EURO,618,248009,25,5668
2021-04-24,Republic of Moldova,EURO,509,248518,23,5691
2021-04-25,Republic of Moldova,EURO,380,248898,18,5709
2021-04-26,Republic of Moldova,EURO,241,249139,21,5730
2021-04-27,Republic of Moldova,EURO,246,249385,15,5745
2021-04-28,Republic of Moldova,EURO,329,249714,17,5762
2021-04-29,Republic of Moldova,EURO,424,250138,18,5780
2021-04-30,Republic of Moldova,EURO,370,250508,15,5795
2021-05-01,Republic of Moldova,EURO,329,250837,17,5812
2021-05-02,Republic of Moldova,EURO,323,251160,14,5826
2021-05-03,Republic of Moldova,EURO,175,251335,12,5838
2021-05-04,Republic of Moldova,EURO,43,251378,12,5850
2021-05-05,Republic of Moldova,EURO,126,251504,19,5869
2021-05-06,Republic of Moldova,EURO,316,251820,23,5892
2021-05-07,Republic of Moldova,EURO,333,252153,20,5912
2021-05-08,Republic of Moldova,EURO,260,252413,17,5929
2021-05-09,Republic of Moldova,EURO,191,252604,14,5943
2021-05-10,Republic of Moldova,EURO,145,252749,9,5952
2021-05-11,Republic of Moldova,EURO,49,252798,6,5958
2021-05-12,Republic of Moldova,EURO,151,252949,12,5970
2021-05-13,Republic of Moldova,EURO,224,253173,11,5981
2021-05-14,Republic of Moldova,EURO,213,253386,14,5995
2021-05-15,Republic of Moldova,EURO,181,253567,11,6006
2021-05-16,Republic of Moldova,EURO,169,253736,10,6016
2021-05-17,Republic of Moldova,EURO,109,253845,11,6027
2021-05-18,Republic of Moldova,EURO,109,253954,7,6034
2021-05-19,Republic of Moldova,EURO,121,254075,9,6043
2021-05-20,Republic of Moldova,EURO,138,254213,10,6053
2021-05-21,Republic of Moldova,EURO,166,254379,8,6061
2021-05-22,Republic of Moldova,EURO,120,254499,6,6067
2021-05-23,Republic of Moldova,EURO,102,254601,5,6072
2021-05-24,Republic of Moldova,EURO,75,254676,3,6075
2021-05-25,Republic of Moldova,EURO,65,254741,5,6080
2021-05-26,Republic of Moldova,EURO,73,254814,4,6084
2021-05-27,Republic of Moldova,EURO,94,254908,4,6088
2021-05-28,Republic of Moldova,EURO,77,254985,5,6093
2021-05-29,Republic of Moldova,EURO,75,255060,4,6097
2021-05-30,Republic of Moldova,EURO,45,255105,3,6100
2021-01-01,Réunion,AFRO,65,9037,0,42
2021-01-02,Réunion,AFRO,0,9037,0,42
2021-01-03,Réunion,AFRO,0,9037,0,42
2021-01-04,Réunion,AFRO,0,9037,0,42
2021-01-05,Réunion,AFRO,81,9118,0,42
2021-01-06,Réunion,AFRO,0,9118,0,42
2021-01-07,Réunion,AFRO,55,9173,0,42
2021-01-08,Réunion,AFRO,0,9173,0,42
2021-01-09,Réunion,AFRO,74,9247,0,42
2021-01-10,Réunion,AFRO,0,9247,0,42
2021-01-11,Réunion,AFRO,112,9359,0,42
2021-01-12,Réunion,AFRO,0,9359,0,42
2021-01-13,Réunion,AFRO,0,9359,0,42
2021-01-14,Réunion,AFRO,47,9406,0,42
2021-01-15,Réunion,AFRO,0,9406,0,42
2021-01-16,Réunion,AFRO,37,9443,3,45
2021-01-17,Réunion,AFRO,0,9443,0,45
2021-01-18,Réunion,AFRO,0,9443,0,45
2021-01-19,Réunion,AFRO,109,9552,0,45
2021-01-20,Réunion,AFRO,0,9552,0,45
2021-01-21,Réunion,AFRO,32,9584,0,45
2021-01-22,Réunion,AFRO,0,9584,0,45
2021-01-23,Réunion,AFRO,117,9701,0,45
2021-01-24,Réunion,AFRO,0,9701,0,45
2021-01-25,Réunion,AFRO,0,9701,0,45
2021-01-26,Réunion,AFRO,142,9843,0,45
2021-01-27,Réunion,AFRO,0,9843,0,45
2021-01-28,Réunion,AFRO,61,9904,0,45
2021-01-29,Réunion,AFRO,0,9904,0,45
2021-01-30,Réunion,AFRO,92,9996,1,46
2021-01-31,Réunion,AFRO,0,9996,0,46
2021-02-01,Réunion,AFRO,0,9996,0,46
2021-02-02,Réunion,AFRO,198,10194,0,46
2021-02-03,Réunion,AFRO,0,10194,0,46
2021-02-04,Réunion,AFRO,136,10330,1,47
2021-02-05,Réunion,AFRO,0,10330,0,47
2021-02-06,Réunion,AFRO,157,10487,0,47
2021-02-07,Réunion,AFRO,0,10487,0,47
2021-02-08,Réunion,AFRO,0,10487,0,47
2021-02-09,Réunion,AFRO,0,10487,0,47
2021-02-10,Réunion,AFRO,0,10487,0,47
2021-02-11,Réunion,AFRO,420,10907,0,47
2021-02-12,Réunion,AFRO,0,10907,0,47
2021-02-13,Réunion,AFRO,0,10907,0,47
2021-02-14,Réunion,AFRO,0,10907,0,47
2021-02-15,Réunion,AFRO,0,10907,0,47
2021-02-16,Réunion,AFRO,0,10907,0,47
2021-02-17,Réunion,AFRO,0,10907,0,47
2021-02-18,Réunion,AFRO,655,11562,1,48
2021-02-19,Réunion,AFRO,0,11562,0,48
2021-02-20,Réunion,AFRO,0,11562,0,48
2021-02-21,Réunion,AFRO,0,11562,0,48
2021-02-22,Réunion,AFRO,0,11562,0,48
2021-02-23,Réunion,AFRO,0,11562,0,48
2021-02-24,Réunion,AFRO,0,11562,0,48
2021-02-25,Réunion,AFRO,854,12416,4,52
2021-02-26,Réunion,AFRO,0,12416,0,52
2021-02-27,Réunion,AFRO,0,12416,0,52
2021-02-28,Réunion,AFRO,0,12416,0,52
2021-03-01,Réunion,AFRO,0,12416,0,52
2021-03-02,Réunion,AFRO,0,12416,0,52
2021-03-03,Réunion,AFRO,709,13125,7,59
2021-03-04,Réunion,AFRO,0,13125,0,59
2021-03-05,Réunion,AFRO,0,13125,0,59
2021-03-06,Réunion,AFRO,0,13125,0,59
2021-03-07,Réunion,AFRO,0,13125,0,59
2021-03-08,Réunion,AFRO,0,13125,0,59
2021-03-09,Réunion,AFRO,0,13125,0,59
2021-03-10,Réunion,AFRO,676,13801,12,71
2021-03-11,Réunion,AFRO,0,13801,0,71
2021-03-12,Réunion,AFRO,0,13801,0,71
2021-03-13,Réunion,AFRO,0,13801,0,71
2021-03-14,Réunion,AFRO,0,13801,0,71
2021-03-15,Réunion,AFRO,0,13801,0,71
2021-03-16,Réunion,AFRO,0,13801,0,71
2021-03-17,Réunion,AFRO,830,14631,16,87
2021-03-18,Réunion,AFRO,0,14631,0,87
2021-03-19,Réunion,AFRO,0,14631,0,87
2021-03-20,Réunion,AFRO,0,14631,0,87
2021-03-21,Réunion,AFRO,0,14631,0,87
2021-03-22,Réunion,AFRO,0,14631,0,87
2021-03-23,Réunion,AFRO,0,14631,0,87
2021-03-24,Réunion,AFRO,930,15561,15,102
2021-03-25,Réunion,AFRO,0,15561,0,102
2021-03-26,Réunion,AFRO,0,15561,0,102
2021-03-27,Réunion,AFRO,0,15561,0,102
2021-03-28,Réunion,AFRO,0,15561,0,102
2021-03-29,Réunion,AFRO,0,15561,0,102
2021-03-30,Réunion,AFRO,0,15561,0,102
2021-03-31,Réunion,AFRO,1025,16586,13,115
2021-04-01,Réunion,AFRO,0,16586,0,115
2021-04-02,Réunion,AFRO,0,16586,0,115
2021-04-03,Réunion,AFRO,0,16586,0,115
2021-04-04,Réunion,AFRO,0,16586,0,115
2021-04-05,Réunion,AFRO,0,16586,0,115
2021-04-06,Réunion,AFRO,0,16586,0,115
2021-04-07,Réunion,AFRO,922,17508,8,123
2021-04-08,Réunion,AFRO,0,17508,0,123
2021-04-09,Réunion,AFRO,0,17508,0,123
2021-04-10,Réunion,AFRO,0,17508,0,123
2021-04-11,Réunion,AFRO,0,17508,0,123
2021-04-12,Réunion,AFRO,0,17508,0,123
2021-04-13,Réunion,AFRO,917,18425,12,135
2021-04-14,Réunion,AFRO,0,18425,0,135
2021-04-15,Réunion,AFRO,0,18425,0,135
2021-04-16,Réunion,AFRO,0,18425,0,135
2021-04-17,Réunion,AFRO,0,18425,0,135
2021-04-18,Réunion,AFRO,0,18425,0,135
2021-04-19,Réunion,AFRO,0,18425,0,135
2021-04-20,Réunion,AFRO,0,18425,0,135
2021-04-21,Réunion,AFRO,918,19343,6,141
2021-04-22,Réunion,AFRO,0,19343,0,141
2021-04-23,Réunion,AFRO,0,19343,0,141
2021-04-24,Réunion,AFRO,0,19343,0,141
2021-04-25,Réunion,AFRO,0,19343,0,141
2021-04-26,Réunion,AFRO,0,19343,0,141
2021-04-27,Réunion,AFRO,1038,20381,7,148
2021-04-28,Réunion,AFRO,0,20381,0,148
2021-04-29,Réunion,AFRO,0,20381,0,148
2021-04-30,Réunion,AFRO,0,20381,0,148
2021-05-01,Réunion,AFRO,0,20381,0,148
2021-05-02,Réunion,AFRO,0,20381,0,148
2021-05-03,Réunion,AFRO,0,20381,0,148
2021-05-04,Réunion,AFRO,0,20381,0,148
2021-05-05,Réunion,AFRO,1070,21451,2,150
2021-05-06,Réunion,AFRO,0,21451,0,150
2021-05-07,Réunion,AFRO,0,21451,0,150
2021-05-08,Réunion,AFRO,0,21451,0,150
2021-05-09,Réunion,AFRO,0,21451,0,150
2021-05-10,Réunion,AFRO,0,21451,0,150
2021-05-11,Réunion,AFRO,0,21451,0,150
2021-05-12,Réunion,AFRO,1193,22644,19,169
2021-05-13,Réunion,AFRO,0,22644,0,169
2021-05-14,Réunion,AFRO,0,22644,0,169
2021-05-15,Réunion,AFRO,0,22644,0,169
2021-05-16,Réunion,AFRO,0,22644,0,169
2021-05-17,Réunion,AFRO,0,22644,0,169
2021-05-18,Réunion,AFRO,0,22644,0,169
2021-05-19,Réunion,AFRO,922,23566,7,176
2021-05-20,Réunion,AFRO,0,23566,0,176
2021-05-21,Réunion,AFRO,0,23566,0,176
2021-05-22,Réunion,AFRO,0,23566,0,176
2021-05-23,Réunion,AFRO,0,23566,0,176
2021-05-24,Réunion,AFRO,0,23566,0,176
2021-05-25,Réunion,AFRO,0,23566,0,176
2021-05-26,Réunion,AFRO,1335,24901,13,189
2021-05-27,Réunion,AFRO,0,24901,0,189
2021-05-28,Réunion,AFRO,0,24901,0,189
2021-05-29,Réunion,AFRO,0,24901,0,189
2021-05-30,Réunion,AFRO,0,24901,0,189
2021-01-01,Romania,EURO,4322,632263,124,18093
2021-01-02,Romania,EURO,3938,636201,106,18199
2021-01-03,Romania,EURO,1194,637395,108,18307
2021-01-04,Romania,EURO,3034,640429,115,18422
2021-01-05,Romania,EURO,3130,643559,114,18536
2021-01-06,Romania,EURO,4729,648288,103,18639
2021-01-07,Romania,EURO,5719,654007,96,18735
2021-01-08,Romania,EURO,4951,658958,77,18812
2021-01-09,Romania,EURO,4821,663779,90,18902
2021-01-10,Romania,EURO,4423,668202,104,19006
2021-01-11,Romania,EURO,3082,671284,102,19108
2021-01-12,Romania,EURO,1987,673271,107,19215
2021-01-13,Romania,EURO,3697,676968,98,19313
2021-01-14,Romania,EURO,4424,681392,90,19403
2021-01-15,Romania,EURO,3525,684917,72,19475
2021-01-16,Romania,EURO,3353,688270,93,19568
2021-01-17,Romania,EURO,3218,691488,76,19644
2021-01-18,Romania,EURO,2156,693644,84,19728
2021-01-19,Romania,EURO,1509,695153,110,19838
2021-01-20,Romania,EURO,2745,697898,86,19924
2021-01-21,Romania,EURO,3000,700898,96,20020
2021-01-22,Romania,EURO,2878,703776,85,20105
2021-01-23,Romania,EURO,2699,706475,102,20207
2021-01-24,Romania,EURO,2719,709194,83,20290
2021-01-25,Romania,EURO,1816,711010,84,20374
2021-01-26,Romania,EURO,1551,712561,100,20474
2021-01-27,Romania,EURO,2877,715438,86,20560
2021-01-28,Romania,EURO,3174,718612,81,20641
2021-01-29,Romania,EURO,2901,721513,88,20729
2021-01-30,Romania,EURO,2737,724250,92,20821
2021-01-31,Romania,EURO,2668,726918,92,20913
2021-02-01,Romania,EURO,1825,728743,90,21003
2021-02-02,Romania,EURO,1313,730056,77,21080
2021-02-03,Romania,EURO,2676,732732,82,21162
2021-02-04,Romania,EURO,2752,735484,94,21256
2021-02-05,Romania,EURO,2668,738152,86,21342
2021-02-06,Romania,EURO,2580,740732,72,21414
2021-02-07,Romania,EURO,2611,743343,89,21503
2021-02-08,Romania,EURO,1975,745318,83,21586
2021-02-09,Romania,EURO,1319,746637,95,21681
2021-02-10,Romania,EURO,2797,749434,84,21765
2021-02-11,Romania,EURO,3048,752482,80,21845
2021-02-12,Romania,EURO,2644,755126,59,21904
2021-02-13,Romania,EURO,2550,757676,71,21975
2021-02-14,Romania,EURO,2415,760091,85,22060
2021-02-15,Romania,EURO,1872,761963,74,22134
2021-02-16,Romania,EURO,1331,763294,78,22212
2021-02-17,Romania,EURO,2676,765970,63,22275
2021-02-18,Romania,EURO,2815,768785,83,22358
2021-02-19,Romania,EURO,3058,771843,70,22428
2021-02-20,Romania,EURO,2712,774555,69,22497
2021-02-21,Romania,EURO,2721,777276,78,22575
2021-02-22,Romania,EURO,2419,779695,81,22656
2021-02-23,Romania,EURO,1634,781329,87,22743
2021-02-24,Romania,EURO,3382,784711,74,22817
2021-02-25,Romania,EURO,3337,788048,63,22880
2021-02-26,Romania,EURO,3923,791971,88,22968
2021-02-27,Romania,EURO,3761,795732,85,23053
2021-02-28,Romania,EURO,3432,799164,73,23126
2021-03-01,Romania,EURO,2830,801994,89,23215
2021-03-02,Romania,EURO,2096,804090,97,23312
2021-03-03,Romania,EURO,3950,808040,85,23397
2021-03-04,Romania,EURO,4278,812318,114,23511
2021-03-05,Romania,EURO,4271,816589,98,23609
2021-03-06,Romania,EURO,4342,820931,83,23692
2021-03-07,Romania,EURO,4064,824995,98,23790
2021-03-08,Romania,EURO,3288,828283,87,23877
2021-03-09,Romania,EURO,2280,830563,114,23991
2021-03-10,Romania,EURO,4989,835552,96,24087
2021-03-11,Romania,EURO,4564,840116,111,24198
2021-03-12,Romania,EURO,5236,845352,110,24308
2021-03-13,Romania,EURO,5010,850362,118,24426
2021-03-14,Romania,EURO,4964,855326,100,24526
2021-03-15,Romania,EURO,4383,859709,109,24635
2021-03-16,Romania,EURO,2972,862681,125,24760
2021-03-17,Romania,EURO,6118,868799,121,24881
2021-03-18,Romania,EURO,6186,874985,129,25010
2021-03-19,Romania,EURO,6174,881159,133,25143
2021-03-20,Romania,EURO,5593,886752,120,25263
2021-03-21,Romania,EURO,6096,892848,125,25388
2021-03-22,Romania,EURO,4267,897115,127,25515
2021-03-23,Romania,EURO,3743,900858,155,25670
2021-03-24,Romania,EURO,6149,907007,160,25830
2021-03-25,Romania,EURO,6136,913143,149,25979
2021-03-26,Romania,EURO,6651,919794,158,26137
2021-03-27,Romania,EURO,6516,926310,169,26306
2021-03-28,Romania,EURO,5869,932179,182,26488
2021-03-29,Romania,EURO,4439,936618,163,26651
2021-03-30,Romania,EURO,3825,940443,151,26802
2021-03-31,Romania,EURO,6204,946647,178,26980
2021-04-01,Romania,EURO,6156,952803,183,27163
2021-04-02,Romania,EURO,6115,958918,171,27334
2021-04-03,Romania,EURO,5808,964726,177,27511
2021-04-04,Romania,EURO,5498,970224,166,27677
2021-04-05,Romania,EURO,4151,974375,173,27850
2021-04-06,Romania,EURO,3611,977986,189,28039
2021-04-07,Romania,EURO,5231,983217,198,28237
2021-04-08,Romania,EURO,5407,988624,170,28407
2021-04-09,Romania,EURO,4989,993613,158,28565
2021-04-10,Romania,EURO,4942,998555,165,28730
2021-04-11,Romania,EURO,4310,1002865,163,28893
2021-04-12,Romania,EURO,3302,1006167,184,29077
2021-04-13,Romania,EURO,2323,1008490,189,29266
2021-04-14,Romania,EURO,3883,1012373,194,29460
2021-04-15,Romania,EURO,4076,1016449,168,29628
2021-04-16,Romania,EURO,3852,1020301,164,29792
2021-04-17,Romania,EURO,3264,1023565,165,29957
2021-04-18,Romania,EURO,3474,1027039,149,30106
2021-04-19,Romania,EURO,2265,1029304,154,30260
2021-04-20,Romania,EURO,1768,1031072,158,30418
2021-04-21,Romania,EURO,2931,1034003,145,30563
2021-04-22,Romania,EURO,3006,1037009,156,30719
2021-04-23,Romania,EURO,2989,1039998,151,30870
2021-04-24,Romania,EURO,2523,1042521,141,31011
2021-04-25,Romania,EURO,2201,1044722,141,31152
2021-04-26,Romania,EURO,1542,1046264,113,31265
2021-04-27,Romania,EURO,1256,1047520,157,31422
2021-04-28,Romania,EURO,2019,1049539,128,31550
2021-04-29,Romania,EURO,2240,1051779,122,31672
2021-04-30,Romania,EURO,1850,1053629,112,31784
2021-05-01,Romania,EURO,1636,1055265,101,31885
2021-05-02,Romania,EURO,1307,1056572,136,32021
2021-05-03,Romania,EURO,1083,1057655,117,32138
2021-05-04,Romania,EURO,682,1058337,108,32246
2021-05-05,Romania,EURO,994,1059331,108,32354
2021-05-06,Romania,EURO,1564,1060895,79,32433
2021-05-07,Romania,EURO,1632,1062527,90,32523
2021-05-08,Romania,EURO,1422,1063949,77,32600
2021-05-09,Romania,EURO,1305,1065254,84,32684
2021-05-10,Romania,EURO,857,1066111,89,32773
2021-05-11,Romania,EURO,620,1066731,78,32851
2021-05-12,Romania,EURO,1156,1067887,71,32922
2021-05-13,Romania,EURO,930,1068817,82,33004
2021-05-14,Romania,EURO,953,1069770,94,33098
2021-05-15,Romania,EURO,835,1070605,57,33155
2021-05-16,Romania,EURO,729,1071334,61,33216
2021-05-17,Romania,EURO,565,1071899,50,33266
2021-05-18,Romania,EURO,392,1072291,71,33337
2021-05-19,Romania,EURO,681,1072972,43,33380
2021-05-20,Romania,EURO,707,1073679,56,33436
2021-05-21,Romania,EURO,618,1074297,54,33490
2021-05-22,Romania,EURO,484,1074781,46,33536
2021-05-23,Romania,EURO,455,1075236,43,33579
2021-05-24,Romania,EURO,307,1075543,33,33612
2021-05-25,Romania,EURO,230,1075773,48,33660
2021-05-26,Romania,EURO,381,1076154,48,33708
2021-05-27,Romania,EURO,379,1076533,29,33737
2021-05-28,Romania,EURO,307,1076840,38,33775
2021-05-29,Romania,EURO,321,1077161,29,33804
2021-05-30,Romania,EURO,265,1077426,32,33836
2021-01-01,Russian Federation,EURO,27039,3186336,536,57555
2021-01-02,Russian Federation,EURO,26301,3212637,447,58002
2021-01-03,Russian Federation,EURO,24150,3236787,504,58506
2021-01-04,Russian Federation,EURO,23351,3260138,482,58988
2021-01-05,Russian Federation,EURO,24246,3284384,518,59506
2021-01-06,Russian Federation,EURO,24217,3308601,445,59951
2021-01-07,Russian Federation,EURO,23541,3332142,506,60457
2021-01-08,Russian Federation,EURO,23652,3355794,454,60911
2021-01-09,Russian Federation,EURO,23309,3379103,470,61381
2021-01-10,Russian Federation,EURO,22851,3401954,456,61837
2021-01-11,Russian Federation,EURO,23315,3425269,436,62273
2021-01-12,Russian Federation,EURO,22934,3448203,531,62804
2021-01-13,Russian Federation,EURO,22850,3471053,566,63370
2021-01-14,Russian Federation,EURO,24763,3495816,570,63940
2021-01-15,Russian Federation,EURO,24715,3520531,555,64495
2021-01-16,Russian Federation,EURO,24092,3544623,590,65085
2021-01-17,Russian Federation,EURO,23586,3568209,481,65566
2021-01-18,Russian Federation,EURO,22857,3591066,471,66037
2021-01-19,Russian Federation,EURO,21734,3612800,586,66623
2021-01-20,Russian Federation,EURO,21152,3633952,597,67220
2021-01-21,Russian Federation,EURO,21887,3655839,612,67832
2021-01-22,Russian Federation,EURO,21513,3677352,580,68412
2021-01-23,Russian Federation,EURO,20921,3698273,559,68971
2021-01-24,Russian Federation,EURO,21127,3719400,491,69462
2021-01-25,Russian Federation,EURO,19290,3738690,456,69918
2021-01-26,Russian Federation,EURO,18241,3756931,564,70482
2021-01-27,Russian Federation,EURO,17741,3774672,594,71076
2021-01-28,Russian Federation,EURO,19138,3793810,575,71651
2021-01-29,Russian Federation,EURO,19238,3813048,534,72185
2021-01-30,Russian Federation,EURO,19032,3832080,512,72697
2021-01-31,Russian Federation,EURO,18359,3850439,485,73182
2021-02-01,Russian Federation,EURO,17648,3868087,437,73619
2021-02-02,Russian Federation,EURO,16643,3884730,539,74158
2021-02-03,Russian Federation,EURO,16474,3901204,526,74684
2021-02-04,Russian Federation,EURO,16714,3917918,521,75205
2021-02-05,Russian Federation,EURO,16688,3934606,527,75732
2021-02-06,Russian Federation,EURO,16627,3951233,497,76229
2021-02-07,Russian Federation,EURO,16048,3967281,432,76661
2021-02-08,Russian Federation,EURO,15916,3983197,407,77068
2021-02-09,Russian Federation,EURO,15019,3998216,530,77598
2021-02-10,Russian Federation,EURO,14494,4012710,536,78134
2021-02-11,Russian Federation,EURO,15038,4027748,553,78687
2021-02-12,Russian Federation,EURO,15089,4042837,507,79194
2021-02-13,Russian Federation,EURO,14861,4057698,502,79696
2021-02-14,Russian Federation,EURO,14185,4071883,430,80126
2021-02-15,Russian Federation,EURO,14207,4086090,394,80520
2021-02-16,Russian Federation,EURO,13233,4099323,459,80979
2021-02-17,Russian Federation,EURO,12828,4112151,467,81446
2021-02-18,Russian Federation,EURO,13447,4125598,480,81926
2021-02-19,Russian Federation,EURO,13433,4139031,470,82396
2021-02-20,Russian Federation,EURO,12953,4151984,480,82876
2021-02-21,Russian Federation,EURO,12742,4164726,417,83293
2021-02-22,Russian Federation,EURO,12604,4177330,337,83630
2021-02-23,Russian Federation,EURO,11823,4189153,417,84047
2021-02-24,Russian Federation,EURO,11749,4200902,383,84430
2021-02-25,Russian Federation,EURO,11198,4212100,446,84876
2021-02-26,Russian Federation,EURO,11086,4223186,428,85304
2021-02-27,Russian Federation,EURO,11534,4234720,439,85743
2021-02-28,Russian Federation,EURO,11359,4246079,379,86122
2021-03-01,Russian Federation,EURO,11571,4257650,333,86455
2021-03-02,Russian Federation,EURO,10565,4268215,441,86896
2021-03-03,Russian Federation,EURO,10535,4278750,452,87348
2021-03-04,Russian Federation,EURO,11385,4290135,475,87823
2021-03-05,Russian Federation,EURO,11024,4301159,462,88285
2021-03-06,Russian Federation,EURO,11022,4312181,441,88726
2021-03-07,Russian Federation,EURO,10595,4322776,374,89100
2021-03-08,Russian Federation,EURO,10253,4333029,373,89473
2021-03-09,Russian Federation,EURO,9445,4342474,336,89809
2021-03-10,Russian Federation,EURO,9079,4351553,466,90275
2021-03-11,Russian Federation,EURO,9270,4360823,459,90734
2021-03-12,Russian Federation,EURO,9794,4370617,486,91220
2021-03-13,Russian Federation,EURO,9908,4380525,475,91695
2021-03-14,Russian Federation,EURO,10083,4390608,395,92090
2021-03-15,Russian Federation,EURO,9437,4400045,404,92494
2021-03-16,Russian Federation,EURO,9393,4409438,443,92937
2021-03-17,Russian Federation,EURO,8998,4418436,427,93364
2021-03-18,Russian Federation,EURO,9803,4428239,460,93824
2021-03-19,Russian Federation,EURO,9699,4437938,443,94267
2021-03-20,Russian Federation,EURO,9632,4447570,392,94659
2021-03-21,Russian Federation,EURO,9299,4456869,371,95030
2021-03-22,Russian Federation,EURO,9284,4466153,361,95391
2021-03-23,Russian Federation,EURO,8457,4474610,427,95818
2021-03-24,Russian Federation,EURO,8861,4483471,401,96219
2021-03-25,Russian Federation,EURO,9221,4492692,393,96612
2021-03-26,Russian Federation,EURO,9167,4501859,405,97017
2021-03-27,Russian Federation,EURO,8885,4510744,387,97404
2021-03-28,Russian Federation,EURO,9088,4519832,336,97740
2021-03-29,Russian Federation,EURO,8711,4528543,293,98033
2021-03-30,Russian Federation,EURO,8277,4536820,409,98442
2021-03-31,Russian Federation,EURO,8275,4545095,408,98850
2021-04-01,Russian Federation,EURO,9169,4554264,383,99233
2021-04-02,Russian Federation,EURO,8792,4563056,400,99633
2021-04-03,Russian Federation,EURO,9021,4572077,384,100017
2021-04-04,Russian Federation,EURO,8817,4580894,357,100374
2021-04-05,Russian Federation,EURO,8646,4589540,343,100717
2021-04-06,Russian Federation,EURO,8328,4597868,389,101106
2021-04-07,Russian Federation,EURO,8294,4606162,374,101480
2021-04-08,Russian Federation,EURO,8672,4614834,365,101845
2021-04-09,Russian Federation,EURO,9150,4623984,402,102247
2021-04-10,Russian Federation,EURO,8704,4632688,402,102649
2021-04-11,Russian Federation,EURO,8702,4641390,337,102986
2021-04-12,Russian Federation,EURO,8320,4649710,277,103263
2021-04-13,Russian Federation,EURO,8173,4657883,338,103601
2021-04-14,Russian Federation,EURO,8326,4666209,399,104000
2021-04-15,Russian Federation,EURO,8944,4675153,398,104398
2021-04-16,Russian Federation,EURO,8995,4684148,397,104795
2021-04-17,Russian Federation,EURO,9321,4693469,398,105193
2021-04-18,Russian Federation,EURO,8632,4702101,389,105582
2021-04-19,Russian Federation,EURO,8589,4710690,346,105928
2021-04-20,Russian Federation,EURO,8164,4718854,379,106307
2021-04-21,Russian Federation,EURO,8271,4727125,399,106706
2021-04-22,Russian Federation,EURO,8996,4736121,397,107103
2021-04-23,Russian Federation,EURO,8840,4744961,398,107501
2021-04-24,Russian Federation,EURO,8828,4753789,399,107900
2021-04-25,Russian Federation,EURO,8780,4762569,332,108232
2021-04-26,Russian Federation,EURO,8803,4771372,356,108588
2021-04-27,Russian Federation,EURO,8053,4779425,392,108980
2021-04-28,Russian Federation,EURO,7848,4787273,387,109367
2021-04-29,Russian Federation,EURO,9284,4796557,364,109731
2021-04-30,Russian Federation,EURO,8731,4805288,397,110128
2021-05-01,Russian Federation,EURO,9270,4814558,392,110520
2021-05-02,Russian Federation,EURO,8697,4823255,342,110862
2021-05-03,Russian Federation,EURO,8489,4831744,336,111198
2021-05-04,Russian Federation,EURO,7770,4839514,337,111535
2021-05-05,Russian Federation,EURO,7975,4847489,360,111895
2021-05-06,Russian Federation,EURO,7639,4855128,351,112246
2021-05-07,Russian Federation,EURO,8386,4863514,376,112622
2021-05-08,Russian Federation,EURO,8329,4871843,370,112992
2021-05-09,Russian Federation,EURO,8419,4880262,334,113326
2021-05-10,Russian Federation,EURO,8465,4888727,321,113647
2021-05-11,Russian Federation,EURO,8115,4896842,329,113976
2021-05-12,Russian Federation,EURO,8217,4905059,355,114331
2021-05-13,Russian Federation,EURO,8380,4913439,392,114723
2021-05-14,Russian Federation,EURO,9462,4922901,393,115116
2021-05-15,Russian Federation,EURO,8790,4931691,364,115480
2021-05-16,Russian Federation,EURO,8554,4940245,391,115871
2021-05-17,Russian Federation,EURO,9328,4949573,340,116211
2021-05-18,Russian Federation,EURO,8183,4957756,364,116575
2021-05-19,Russian Federation,EURO,7920,4965676,390,116965
2021-05-20,Russian Federation,EURO,9232,4974908,396,117361
2021-05-21,Russian Federation,EURO,8937,4983845,378,117739
2021-05-22,Russian Federation,EURO,8709,4992554,386,118125
2021-05-23,Russian Federation,EURO,8951,5001505,357,118482
2021-05-24,Russian Federation,EURO,8406,5009911,319,118801
2021-05-25,Russian Federation,EURO,7884,5017795,393,119194
2021-05-26,Russian Federation,EURO,8373,5026168,406,119600
2021-05-27,Russian Federation,EURO,9039,5035207,402,120002
2021-05-28,Russian Federation,EURO,9252,5044459,404,120406
2021-05-29,Russian Federation,EURO,9289,5053748,401,120807
2021-05-30,Russian Federation,EURO,9694,5063442,355,121162
2021-01-01,Rwanda,AFRO,133,8383,6,92
2021-01-02,Rwanda,AFRO,0,8383,0,92
2021-01-03,Rwanda,AFRO,184,8567,6,98
2021-01-04,Rwanda,AFRO,109,8676,3,101
2021-01-05,Rwanda,AFRO,172,8848,4,105
2021-01-06,Rwanda,AFRO,0,8848,0,105
2021-01-07,Rwanda,AFRO,210,9058,7,112
2021-01-08,Rwanda,AFRO,0,9058,0,112
2021-01-09,Rwanda,AFRO,0,9058,0,112
2021-01-10,Rwanda,AFRO,403,9461,6,118
2021-01-11,Rwanda,AFRO,169,9630,2,120
2021-01-12,Rwanda,AFRO,154,9784,4,124
2021-01-13,Rwanda,AFRO,166,9950,1,125
2021-01-14,Rwanda,AFRO,172,10122,3,128
2021-01-15,Rwanda,AFRO,194,10316,5,133
2021-01-16,Rwanda,AFRO,257,10573,5,138
2021-01-17,Rwanda,AFRO,277,10850,2,140
2021-01-18,Rwanda,AFRO,182,11032,2,142
2021-01-19,Rwanda,AFRO,227,11259,4,146
2021-01-20,Rwanda,AFRO,289,11548,2,148
2021-01-21,Rwanda,AFRO,312,11860,5,153
2021-01-22,Rwanda,AFRO,310,12170,9,162
2021-01-23,Rwanda,AFRO,273,12443,3,165
2021-01-24,Rwanda,AFRO,204,12647,7,172
2021-01-25,Rwanda,AFRO,328,12975,2,174
2021-01-26,Rwanda,AFRO,336,13311,3,177
2021-01-27,Rwanda,AFRO,574,13885,4,181
2021-01-28,Rwanda,AFRO,281,14166,2,183
2021-01-29,Rwanda,AFRO,363,14529,0,183
2021-01-30,Rwanda,AFRO,255,14784,5,188
2021-01-31,Rwanda,AFRO,334,15118,5,193
2021-02-01,Rwanda,AFRO,186,15304,3,196
2021-02-02,Rwanda,AFRO,155,15459,2,198
2021-02-03,Rwanda,AFRO,229,15688,7,205
2021-02-04,Rwanda,AFRO,146,15834,3,208
2021-02-05,Rwanda,AFRO,154,15988,2,210
2021-02-06,Rwanda,AFRO,198,16186,3,213
2021-02-07,Rwanda,AFRO,151,16337,4,217
2021-02-08,Rwanda,AFRO,114,16451,3,220
2021-02-09,Rwanda,AFRO,170,16621,3,223
2021-02-10,Rwanda,AFRO,190,16811,3,226
2021-02-11,Rwanda,AFRO,130,16941,3,229
2021-02-12,Rwanda,AFRO,127,17068,2,231
2021-02-13,Rwanda,AFRO,132,17200,5,236
2021-02-14,Rwanda,AFRO,67,17267,0,236
2021-02-15,Rwanda,AFRO,76,17343,3,239
2021-02-16,Rwanda,AFRO,141,17484,0,239
2021-02-17,Rwanda,AFRO,110,17594,1,240
2021-02-18,Rwanda,AFRO,122,17716,3,243
2021-02-19,Rwanda,AFRO,119,17835,0,243
2021-02-20,Rwanda,AFRO,94,17929,2,245
2021-02-21,Rwanda,AFRO,59,17988,2,247
2021-02-22,Rwanda,AFRO,65,18053,2,249
2021-02-23,Rwanda,AFRO,146,18199,3,252
2021-02-24,Rwanda,AFRO,126,18325,1,253
2021-02-25,Rwanda,AFRO,118,18443,1,254
2021-02-26,Rwanda,AFRO,110,18553,4,258
2021-02-27,Rwanda,AFRO,136,18689,0,258
2021-02-28,Rwanda,AFRO,101,18790,3,261
2021-03-01,Rwanda,AFRO,60,18850,0,261
2021-03-02,Rwanda,AFRO,136,18986,3,264
2021-03-03,Rwanda,AFRO,125,19111,1,265
2021-03-04,Rwanda,AFRO,87,19198,0,265
2021-03-05,Rwanda,AFRO,136,19334,1,266
2021-03-06,Rwanda,AFRO,92,19426,1,267
2021-03-07,Rwanda,AFRO,0,19426,0,267
2021-03-08,Rwanda,AFRO,83,19509,0,267
2021-03-09,Rwanda,AFRO,150,19659,1,268
2021-03-10,Rwanda,AFRO,120,19779,2,270
2021-03-11,Rwanda,AFRO,67,19846,1,271
2021-03-12,Rwanda,AFRO,99,19945,2,273
2021-03-13,Rwanda,AFRO,0,19945,0,273
2021-03-14,Rwanda,AFRO,198,20143,3,276
2021-03-15,Rwanda,AFRO,0,20143,0,276
2021-03-16,Rwanda,AFRO,0,20143,0,276
2021-03-17,Rwanda,AFRO,0,20143,0,276
2021-03-18,Rwanda,AFRO,337,20480,7,283
2021-03-19,Rwanda,AFRO,71,20551,1,284
2021-03-20,Rwanda,AFRO,130,20681,3,287
2021-03-21,Rwanda,AFRO,80,20761,0,287
2021-03-22,Rwanda,AFRO,67,20828,3,290
2021-03-23,Rwanda,AFRO,68,20896,2,292
2021-03-24,Rwanda,AFRO,79,20975,3,295
2021-03-25,Rwanda,AFRO,131,21106,2,297
2021-03-26,Rwanda,AFRO,104,21210,1,298
2021-03-27,Rwanda,AFRO,99,21309,2,300
2021-03-28,Rwanda,AFRO,0,21309,0,300
2021-03-29,Rwanda,AFRO,110,21419,1,301
2021-03-30,Rwanda,AFRO,71,21490,4,305
2021-03-31,Rwanda,AFRO,155,21645,1,306
2021-04-01,Rwanda,AFRO,138,21783,1,307
2021-04-02,Rwanda,AFRO,135,21918,1,308
2021-04-03,Rwanda,AFRO,249,22167,2,310
2021-04-04,Rwanda,AFRO,76,22243,1,311
2021-04-05,Rwanda,AFRO,239,22482,0,311
2021-04-06,Rwanda,AFRO,202,22684,0,311
2021-04-07,Rwanda,AFRO,178,22862,3,314
2021-04-08,Rwanda,AFRO,179,23041,0,314
2021-04-09,Rwanda,AFRO,111,23152,0,314
2021-04-10,Rwanda,AFRO,108,23260,0,314
2021-04-11,Rwanda,AFRO,83,23343,0,314
2021-04-12,Rwanda,AFRO,83,23426,1,315
2021-04-13,Rwanda,AFRO,109,23535,1,316
2021-04-14,Rwanda,AFRO,68,23603,0,316
2021-04-15,Rwanda,AFRO,69,23672,1,317
2021-04-16,Rwanda,AFRO,72,23744,4,321
2021-04-17,Rwanda,AFRO,68,23812,1,322
2021-04-18,Rwanda,AFRO,54,23866,0,322
2021-04-19,Rwanda,AFRO,22,23888,3,325
2021-04-20,Rwanda,AFRO,46,23934,1,326
2021-04-21,Rwanda,AFRO,71,24005,1,327
2021-04-22,Rwanda,AFRO,107,24112,0,327
2021-04-23,Rwanda,AFRO,150,24262,1,328
2021-04-24,Rwanda,AFRO,197,24459,0,328
2021-04-25,Rwanda,AFRO,76,24535,0,328
2021-04-26,Rwanda,AFRO,58,24593,2,330
2021-04-27,Rwanda,AFRO,84,24677,0,330
2021-04-28,Rwanda,AFRO,137,24814,1,331
2021-04-29,Rwanda,AFRO,74,24888,1,332
2021-04-30,Rwanda,AFRO,107,24995,1,333
2021-05-01,Rwanda,AFRO,121,25116,2,335
2021-05-02,Rwanda,AFRO,109,25225,0,335
2021-05-03,Rwanda,AFRO,28,25253,2,337
2021-05-04,Rwanda,AFRO,58,25311,0,337
2021-05-05,Rwanda,AFRO,40,25351,0,337
2021-05-06,Rwanda,AFRO,70,25421,1,338
2021-05-07,Rwanda,AFRO,65,25486,0,338
2021-05-08,Rwanda,AFRO,53,25539,0,338
2021-05-09,Rwanda,AFRO,47,25586,0,338
2021-05-10,Rwanda,AFRO,66,25652,0,338
2021-05-11,Rwanda,AFRO,62,25714,0,338
2021-05-12,Rwanda,AFRO,59,25773,2,340
2021-05-13,Rwanda,AFRO,73,25846,0,340
2021-05-14,Rwanda,AFRO,88,25934,2,342
2021-05-15,Rwanda,AFRO,0,25934,0,342
2021-05-16,Rwanda,AFRO,0,25934,0,342
2021-05-17,Rwanda,AFRO,42,25976,2,344
2021-05-18,Rwanda,AFRO,239,26215,1,345
2021-05-19,Rwanda,AFRO,129,26344,1,346
2021-05-20,Rwanda,AFRO,80,26424,2,348
2021-05-21,Rwanda,AFRO,0,26424,0,348
2021-05-22,Rwanda,AFRO,0,26424,0,348
2021-05-23,Rwanda,AFRO,0,26424,0,348
2021-05-24,Rwanda,AFRO,264,26688,1,349
2021-05-25,Rwanda,AFRO,0,26688,0,349
2021-05-26,Rwanda,AFRO,92,26780,0,349
2021-05-27,Rwanda,AFRO,0,26780,0,349
2021-05-28,Rwanda,AFRO,0,26780,0,349
2021-05-29,Rwanda,AFRO,0,26780,0,349
2021-05-30,Rwanda,AFRO,0,26780,0,349
2021-01-01,Saba,AMRO,0,5,0,0
2021-01-02,Saba,AMRO,0,5,0,0
2021-01-03,Saba,AMRO,0,5,0,0
2021-01-04,Saba,AMRO,0,5,0,0
2021-01-05,Saba,AMRO,0,5,0,0
2021-01-06,Saba,AMRO,0,5,0,0
2021-01-07,Saba,AMRO,0,5,0,0
2021-01-08,Saba,AMRO,0,5,0,0
2021-01-09,Saba,AMRO,0,5,0,0
2021-01-10,Saba,AMRO,0,5,0,0
2021-01-11,Saba,AMRO,0,5,0,0
2021-01-12,Saba,AMRO,0,5,0,0
2021-01-13,Saba,AMRO,0,5,0,0
2021-01-14,Saba,AMRO,0,5,0,0
2021-01-15,Saba,AMRO,0,5,0,0
2021-01-16,Saba,AMRO,0,5,0,0
2021-01-17,Saba,AMRO,0,5,0,0
2021-01-18,Saba,AMRO,0,5,0,0
2021-01-19,Saba,AMRO,0,5,0,0
2021-01-20,Saba,AMRO,0,5,0,0
2021-01-21,Saba,AMRO,1,6,0,0
2021-01-22,Saba,AMRO,0,6,0,0
2021-01-23,Saba,AMRO,0,6,0,0
2021-01-24,Saba,AMRO,0,6,0,0
2021-01-25,Saba,AMRO,0,6,0,0
2021-01-26,Saba,AMRO,0,6,0,0
2021-01-27,Saba,AMRO,0,6,0,0
2021-01-28,Saba,AMRO,0,6,0,0
2021-01-29,Saba,AMRO,0,6,0,0
2021-01-30,Saba,AMRO,0,6,0,0
2021-01-31,Saba,AMRO,0,6,0,0
2021-02-01,Saba,AMRO,0,6,0,0
2021-02-02,Saba,AMRO,0,6,0,0
2021-02-03,Saba,AMRO,0,6,0,0
2021-02-04,Saba,AMRO,0,6,0,0
2021-02-05,Saba,AMRO,0,6,0,0
2021-02-06,Saba,AMRO,0,6,0,0
2021-02-07,Saba,AMRO,0,6,0,0
2021-02-08,Saba,AMRO,0,6,0,0
2021-02-09,Saba,AMRO,0,6,0,0
2021-02-10,Saba,AMRO,0,6,0,0
2021-02-11,Saba,AMRO,0,6,0,0
2021-02-12,Saba,AMRO,0,6,0,0
2021-02-13,Saba,AMRO,0,6,0,0
2021-02-14,Saba,AMRO,0,6,0,0
2021-02-15,Saba,AMRO,0,6,0,0
2021-02-16,Saba,AMRO,0,6,0,0
2021-02-17,Saba,AMRO,0,6,0,0
2021-02-18,Saba,AMRO,0,6,0,0
2021-02-19,Saba,AMRO,0,6,0,0
2021-02-20,Saba,AMRO,0,6,0,0
2021-02-21,Saba,AMRO,0,6,0,0
2021-02-22,Saba,AMRO,0,6,0,0
2021-02-23,Saba,AMRO,0,6,0,0
2021-02-24,Saba,AMRO,0,6,0,0
2021-02-25,Saba,AMRO,0,6,0,0
2021-02-26,Saba,AMRO,0,6,0,0
2021-02-27,Saba,AMRO,0,6,0,0
2021-02-28,Saba,AMRO,0,6,0,0
2021-03-01,Saba,AMRO,0,6,0,0
2021-03-02,Saba,AMRO,0,6,0,0
2021-03-03,Saba,AMRO,0,6,0,0
2021-03-04,Saba,AMRO,0,6,0,0
2021-03-05,Saba,AMRO,0,6,0,0
2021-03-06,Saba,AMRO,0,6,0,0
2021-03-07,Saba,AMRO,0,6,0,0
2021-03-08,Saba,AMRO,0,6,0,0
2021-03-09,Saba,AMRO,0,6,0,0
2021-03-10,Saba,AMRO,0,6,0,0
2021-03-11,Saba,AMRO,0,6,0,0
2021-03-12,Saba,AMRO,0,6,0,0
2021-03-13,Saba,AMRO,0,6,0,0
2021-03-14,Saba,AMRO,0,6,0,0
2021-03-15,Saba,AMRO,0,6,0,0
2021-03-16,Saba,AMRO,0,6,0,0
2021-03-17,Saba,AMRO,0,6,0,0
2021-03-18,Saba,AMRO,0,6,0,0
2021-03-19,Saba,AMRO,0,6,0,0
2021-03-20,Saba,AMRO,0,6,0,0
2021-03-21,Saba,AMRO,0,6,0,0
2021-03-22,Saba,AMRO,0,6,0,0
2021-03-23,Saba,AMRO,0,6,0,0
2021-03-24,Saba,AMRO,0,6,0,0
2021-03-25,Saba,AMRO,0,6,0,0
2021-03-26,Saba,AMRO,0,6,0,0
2021-03-27,Saba,AMRO,0,6,0,0
2021-03-28,Saba,AMRO,0,6,0,0
2021-03-29,Saba,AMRO,0,6,0,0
2021-03-30,Saba,AMRO,0,6,0,0
2021-03-31,Saba,AMRO,0,6,0,0
2021-04-01,Saba,AMRO,0,6,0,0
2021-04-02,Saba,AMRO,0,6,0,0
2021-04-03,Saba,AMRO,0,6,0,0
2021-04-04,Saba,AMRO,0,6,0,0
2021-04-05,Saba,AMRO,0,6,0,0
2021-04-06,Saba,AMRO,0,6,0,0
2021-04-07,Saba,AMRO,0,6,0,0
2021-04-08,Saba,AMRO,0,6,0,0
2021-04-09,Saba,AMRO,0,6,0,0
2021-04-10,Saba,AMRO,0,6,0,0
2021-04-11,Saba,AMRO,0,6,0,0
2021-04-12,Saba,AMRO,0,6,0,0
2021-04-13,Saba,AMRO,0,6,0,0
2021-04-14,Saba,AMRO,0,6,0,0
2021-04-15,Saba,AMRO,0,6,0,0
2021-04-16,Saba,AMRO,0,6,0,0
2021-04-17,Saba,AMRO,0,6,0,0
2021-04-18,Saba,AMRO,0,6,0,0
2021-04-19,Saba,AMRO,0,6,0,0
2021-04-20,Saba,AMRO,0,6,0,0
2021-04-21,Saba,AMRO,0,6,0,0
2021-04-22,Saba,AMRO,0,6,0,0
2021-04-23,Saba,AMRO,0,6,0,0
2021-04-24,Saba,AMRO,0,6,0,0
2021-04-25,Saba,AMRO,0,6,0,0
2021-04-26,Saba,AMRO,0,6,0,0
2021-04-27,Saba,AMRO,0,6,0,0
2021-04-28,Saba,AMRO,0,6,0,0
2021-04-29,Saba,AMRO,0,6,0,0
2021-04-30,Saba,AMRO,0,6,0,0
2021-05-01,Saba,AMRO,0,6,0,0
2021-05-02,Saba,AMRO,0,6,0,0
2021-05-03,Saba,AMRO,0,6,0,0
2021-05-04,Saba,AMRO,1,7,0,0
2021-05-05,Saba,AMRO,0,7,0,0
2021-05-06,Saba,AMRO,0,7,0,0
2021-05-07,Saba,AMRO,0,7,0,0
2021-05-08,Saba,AMRO,0,7,0,0
2021-05-09,Saba,AMRO,0,7,0,0
2021-05-10,Saba,AMRO,0,7,0,0
2021-05-11,Saba,AMRO,0,7,0,0
2021-05-12,Saba,AMRO,0,7,0,0
2021-05-13,Saba,AMRO,0,7,0,0
2021-05-14,Saba,AMRO,0,7,0,0
2021-05-15,Saba,AMRO,0,7,0,0
2021-05-16,Saba,AMRO,0,7,0,0
2021-05-17,Saba,AMRO,0,7,0,0
2021-05-18,Saba,AMRO,0,7,0,0
2021-05-19,Saba,AMRO,0,7,0,0
2021-05-20,Saba,AMRO,0,7,0,0
2021-05-21,Saba,AMRO,0,7,0,0
2021-05-22,Saba,AMRO,0,7,0,0
2021-05-23,Saba,AMRO,0,7,0,0
2021-05-24,Saba,AMRO,0,7,0,0
2021-05-25,Saba,AMRO,0,7,0,0
2021-05-26,Saba,AMRO,0,7,0,0
2021-05-27,Saba,AMRO,0,7,0,0
2021-05-28,Saba,AMRO,0,7,0,0
2021-05-29,Saba,AMRO,0,7,0,0
2021-05-30,Saba,AMRO,0,7,0,0
2021-01-01,Saint Barthélemy,AMRO,1,190,0,0
2021-01-02,Saint Barthélemy,AMRO,0,190,0,0
2021-01-03,Saint Barthélemy,AMRO,0,190,0,0
2021-01-04,Saint Barthélemy,AMRO,0,190,0,0
2021-01-05,Saint Barthélemy,AMRO,1,191,0,0
2021-01-06,Saint Barthélemy,AMRO,0,191,0,0
2021-01-07,Saint Barthélemy,AMRO,0,191,0,0
2021-01-08,Saint Barthélemy,AMRO,0,191,0,0
2021-01-09,Saint Barthélemy,AMRO,0,191,0,0
2021-01-10,Saint Barthélemy,AMRO,0,191,0,0
2021-01-11,Saint Barthélemy,AMRO,0,191,0,0
2021-01-12,Saint Barthélemy,AMRO,33,224,0,0
2021-01-13,Saint Barthélemy,AMRO,0,224,0,0
2021-01-14,Saint Barthélemy,AMRO,0,224,0,0
2021-01-15,Saint Barthélemy,AMRO,0,224,0,0
2021-01-16,Saint Barthélemy,AMRO,0,224,0,0
2021-01-17,Saint Barthélemy,AMRO,0,224,0,0
2021-01-18,Saint Barthélemy,AMRO,0,224,0,0
2021-01-19,Saint Barthélemy,AMRO,57,281,0,0
2021-01-20,Saint Barthélemy,AMRO,0,281,0,0
2021-01-21,Saint Barthélemy,AMRO,0,281,0,0
2021-01-22,Saint Barthélemy,AMRO,0,281,0,0
2021-01-23,Saint Barthélemy,AMRO,95,376,0,0
2021-01-24,Saint Barthélemy,AMRO,0,376,0,0
2021-01-25,Saint Barthélemy,AMRO,0,376,0,0
2021-01-26,Saint Barthélemy,AMRO,0,376,0,0
2021-01-27,Saint Barthélemy,AMRO,0,376,0,0
2021-01-28,Saint Barthélemy,AMRO,0,376,0,0
2021-01-29,Saint Barthélemy,AMRO,0,376,0,0
2021-01-30,Saint Barthélemy,AMRO,0,376,0,0
2021-01-31,Saint Barthélemy,AMRO,3,379,0,0
2021-02-01,Saint Barthélemy,AMRO,0,379,0,0
2021-02-02,Saint Barthélemy,AMRO,0,379,0,0
2021-02-03,Saint Barthélemy,AMRO,0,379,0,0
2021-02-04,Saint Barthélemy,AMRO,0,379,0,0
2021-02-05,Saint Barthélemy,AMRO,0,379,0,0
2021-02-06,Saint Barthélemy,AMRO,0,379,0,0
2021-02-07,Saint Barthélemy,AMRO,0,379,0,0
2021-02-08,Saint Barthélemy,AMRO,0,379,0,0
2021-02-09,Saint Barthélemy,AMRO,46,425,0,0
2021-02-10,Saint Barthélemy,AMRO,0,425,0,0
2021-02-11,Saint Barthélemy,AMRO,0,425,0,0
2021-02-12,Saint Barthélemy,AMRO,0,425,0,0
2021-02-13,Saint Barthélemy,AMRO,0,425,0,0
2021-02-14,Saint Barthélemy,AMRO,50,475,0,0
2021-02-15,Saint Barthélemy,AMRO,0,475,0,0
2021-02-16,Saint Barthélemy,AMRO,0,475,0,0
2021-02-17,Saint Barthélemy,AMRO,0,475,0,0
2021-02-18,Saint Barthélemy,AMRO,0,475,0,0
2021-02-19,Saint Barthélemy,AMRO,0,475,0,0
2021-02-20,Saint Barthélemy,AMRO,0,475,0,0
2021-02-21,Saint Barthélemy,AMRO,0,475,0,0
2021-02-22,Saint Barthélemy,AMRO,0,475,0,0
2021-02-23,Saint Barthélemy,AMRO,58,533,0,0
2021-02-24,Saint Barthélemy,AMRO,0,533,0,0
2021-02-25,Saint Barthélemy,AMRO,0,533,0,0
2021-02-26,Saint Barthélemy,AMRO,0,533,0,0
2021-02-27,Saint Barthélemy,AMRO,79,612,0,0
2021-02-28,Saint Barthélemy,AMRO,0,612,0,0
2021-03-01,Saint Barthélemy,AMRO,0,612,0,0
2021-03-02,Saint Barthélemy,AMRO,0,612,0,0
2021-03-03,Saint Barthélemy,AMRO,0,612,0,0
2021-03-04,Saint Barthélemy,AMRO,0,612,0,0
2021-03-05,Saint Barthélemy,AMRO,0,612,0,0
2021-03-06,Saint Barthélemy,AMRO,59,671,0,0
2021-03-07,Saint Barthélemy,AMRO,0,671,0,0
2021-03-08,Saint Barthélemy,AMRO,0,671,0,0
2021-03-09,Saint Barthélemy,AMRO,0,671,0,0
2021-03-10,Saint Barthélemy,AMRO,0,671,0,0
2021-03-11,Saint Barthélemy,AMRO,0,671,0,0
2021-03-12,Saint Barthélemy,AMRO,0,671,0,0
2021-03-13,Saint Barthélemy,AMRO,0,671,0,0
2021-03-14,Saint Barthélemy,AMRO,54,725,1,1
2021-03-15,Saint Barthélemy,AMRO,0,725,0,1
2021-03-16,Saint Barthélemy,AMRO,0,725,0,1
2021-03-17,Saint Barthélemy,AMRO,0,725,0,1
2021-03-18,Saint Barthélemy,AMRO,0,725,0,1
2021-03-19,Saint Barthélemy,AMRO,0,725,0,1
2021-03-20,Saint Barthélemy,AMRO,0,725,0,1
2021-03-21,Saint Barthélemy,AMRO,51,776,0,1
2021-03-22,Saint Barthélemy,AMRO,0,776,0,1
2021-03-23,Saint Barthélemy,AMRO,0,776,0,1
2021-03-24,Saint Barthélemy,AMRO,0,776,0,1
2021-03-25,Saint Barthélemy,AMRO,0,776,0,1
2021-03-26,Saint Barthélemy,AMRO,0,776,0,1
2021-03-27,Saint Barthélemy,AMRO,0,776,0,1
2021-03-28,Saint Barthélemy,AMRO,81,857,0,1
2021-03-29,Saint Barthélemy,AMRO,0,857,0,1
2021-03-30,Saint Barthélemy,AMRO,0,857,0,1
2021-03-31,Saint Barthélemy,AMRO,0,857,0,1
2021-04-01,Saint Barthélemy,AMRO,0,857,0,1
2021-04-02,Saint Barthélemy,AMRO,0,857,0,1
2021-04-03,Saint Barthélemy,AMRO,53,910,0,1
2021-04-04,Saint Barthélemy,AMRO,0,910,0,1
2021-04-05,Saint Barthélemy,AMRO,0,910,0,1
2021-04-06,Saint Barthélemy,AMRO,0,910,0,1
2021-04-07,Saint Barthélemy,AMRO,0,910,0,1
2021-04-08,Saint Barthélemy,AMRO,0,910,0,1
2021-04-09,Saint Barthélemy,AMRO,0,910,0,1
2021-04-10,Saint Barthélemy,AMRO,18,928,0,1
2021-04-11,Saint Barthélemy,AMRO,0,928,0,1
2021-04-12,Saint Barthélemy,AMRO,0,928,0,1
2021-04-13,Saint Barthélemy,AMRO,0,928,0,1
2021-04-14,Saint Barthélemy,AMRO,0,928,0,1
2021-04-15,Saint Barthélemy,AMRO,0,928,0,1
2021-04-16,Saint Barthélemy,AMRO,0,928,0,1
2021-04-17,Saint Barthélemy,AMRO,0,928,0,1
2021-04-18,Saint Barthélemy,AMRO,26,954,0,1
2021-04-19,Saint Barthélemy,AMRO,0,954,0,1
2021-04-20,Saint Barthélemy,AMRO,0,954,0,1
2021-04-21,Saint Barthélemy,AMRO,0,954,0,1
2021-04-22,Saint Barthélemy,AMRO,0,954,0,1
2021-04-23,Saint Barthélemy,AMRO,0,954,0,1
2021-04-24,Saint Barthélemy,AMRO,0,954,0,1
2021-04-25,Saint Barthélemy,AMRO,22,976,0,1
2021-04-26,Saint Barthélemy,AMRO,0,976,0,1
2021-04-27,Saint Barthélemy,AMRO,0,976,0,1
2021-04-28,Saint Barthélemy,AMRO,0,976,0,1
2021-04-29,Saint Barthélemy,AMRO,0,976,0,1
2021-04-30,Saint Barthélemy,AMRO,0,976,0,1
2021-05-01,Saint Barthélemy,AMRO,0,976,0,1
2021-05-02,Saint Barthélemy,AMRO,12,988,0,1
2021-05-03,Saint Barthélemy,AMRO,0,988,0,1
2021-05-04,Saint Barthélemy,AMRO,0,988,0,1
2021-05-05,Saint Barthélemy,AMRO,0,988,0,1
2021-05-06,Saint Barthélemy,AMRO,0,988,0,1
2021-05-07,Saint Barthélemy,AMRO,0,988,0,1
2021-05-08,Saint Barthélemy,AMRO,6,994,0,1
2021-05-09,Saint Barthélemy,AMRO,0,994,0,1
2021-05-10,Saint Barthélemy,AMRO,0,994,0,1
2021-05-11,Saint Barthélemy,AMRO,0,994,0,1
2021-05-12,Saint Barthélemy,AMRO,0,994,0,1
2021-05-13,Saint Barthélemy,AMRO,0,994,0,1
2021-05-14,Saint Barthélemy,AMRO,0,994,0,1
2021-05-15,Saint Barthélemy,AMRO,0,994,0,1
2021-05-16,Saint Barthélemy,AMRO,16,1010,0,1
2021-05-17,Saint Barthélemy,AMRO,0,1010,0,1
2021-05-18,Saint Barthélemy,AMRO,0,1010,0,1
2021-05-19,Saint Barthélemy,AMRO,0,1010,0,1
2021-05-20,Saint Barthélemy,AMRO,0,1010,0,1
2021-05-21,Saint Barthélemy,AMRO,0,1010,0,1
2021-05-22,Saint Barthélemy,AMRO,0,1010,0,1
2021-05-23,Saint Barthélemy,AMRO,6,1016,0,1
2021-05-24,Saint Barthélemy,AMRO,0,1016,0,1
2021-05-25,Saint Barthélemy,AMRO,0,1016,0,1
2021-05-26,Saint Barthélemy,AMRO,0,1016,0,1
2021-05-27,Saint Barthélemy,AMRO,0,1016,0,1
2021-05-28,Saint Barthélemy,AMRO,0,1016,0,1
2021-05-29,Saint Barthélemy,AMRO,0,1016,0,1
2021-05-30,Saint Barthélemy,AMRO,7,1023,0,1
2021-01-01,Saint Helena,AFRO,0,0,0,0
2021-01-02,Saint Helena,AFRO,0,0,0,0
2021-01-03,Saint Helena,AFRO,0,0,0,0
2021-01-04,Saint Helena,AFRO,0,0,0,0
2021-01-05,Saint Helena,AFRO,0,0,0,0
2021-01-06,Saint Helena,AFRO,0,0,0,0
2021-01-07,Saint Helena,AFRO,0,0,0,0
2021-01-08,Saint Helena,AFRO,0,0,0,0
2021-01-09,Saint Helena,AFRO,0,0,0,0
2021-01-10,Saint Helena,AFRO,0,0,0,0
2021-01-11,Saint Helena,AFRO,0,0,0,0
2021-01-12,Saint Helena,AFRO,0,0,0,0
2021-01-13,Saint Helena,AFRO,0,0,0,0
2021-01-14,Saint Helena,AFRO,0,0,0,0
2021-01-15,Saint Helena,AFRO,0,0,0,0
2021-01-16,Saint Helena,AFRO,0,0,0,0
2021-01-17,Saint Helena,AFRO,0,0,0,0
2021-01-18,Saint Helena,AFRO,0,0,0,0
2021-01-19,Saint Helena,AFRO,0,0,0,0
2021-01-20,Saint Helena,AFRO,0,0,0,0
2021-01-21,Saint Helena,AFRO,0,0,0,0
2021-01-22,Saint Helena,AFRO,0,0,0,0
2021-01-23,Saint Helena,AFRO,0,0,0,0
2021-01-24,Saint Helena,AFRO,0,0,0,0
2021-01-25,Saint Helena,AFRO,0,0,0,0
2021-01-26,Saint Helena,AFRO,0,0,0,0
2021-01-27,Saint Helena,AFRO,0,0,0,0
2021-01-28,Saint Helena,AFRO,0,0,0,0
2021-01-29,Saint Helena,AFRO,0,0,0,0
2021-01-30,Saint Helena,AFRO,0,0,0,0
2021-01-31,Saint Helena,AFRO,0,0,0,0
2021-02-01,Saint Helena,AFRO,0,0,0,0
2021-02-02,Saint Helena,AFRO,0,0,0,0
2021-02-03,Saint Helena,AFRO,0,0,0,0
2021-02-04,Saint Helena,AFRO,0,0,0,0
2021-02-05,Saint Helena,AFRO,0,0,0,0
2021-02-06,Saint Helena,AFRO,0,0,0,0
2021-02-07,Saint Helena,AFRO,0,0,0,0
2021-02-08,Saint Helena,AFRO,0,0,0,0
2021-02-09,Saint Helena,AFRO,0,0,0,0
2021-02-10,Saint Helena,AFRO,0,0,0,0
2021-02-11,Saint Helena,AFRO,0,0,0,0
2021-02-12,Saint Helena,AFRO,0,0,0,0
2021-02-13,Saint Helena,AFRO,0,0,0,0
2021-02-14,Saint Helena,AFRO,0,0,0,0
2021-02-15,Saint Helena,AFRO,0,0,0,0
2021-02-16,Saint Helena,AFRO,0,0,0,0
2021-02-17,Saint Helena,AFRO,0,0,0,0
2021-02-18,Saint Helena,AFRO,0,0,0,0
2021-02-19,Saint Helena,AFRO,0,0,0,0
2021-02-20,Saint Helena,AFRO,0,0,0,0
2021-02-21,Saint Helena,AFRO,0,0,0,0
2021-02-22,Saint Helena,AFRO,0,0,0,0
2021-02-23,Saint Helena,AFRO,0,0,0,0
2021-02-24,Saint Helena,AFRO,0,0,0,0
2021-02-25,Saint Helena,AFRO,0,0,0,0
2021-02-26,Saint Helena,AFRO,0,0,0,0
2021-02-27,Saint Helena,AFRO,0,0,0,0
2021-02-28,Saint Helena,AFRO,0,0,0,0
2021-03-01,Saint Helena,AFRO,0,0,0,0
2021-03-02,Saint Helena,AFRO,0,0,0,0
2021-03-03,Saint Helena,AFRO,0,0,0,0
2021-03-04,Saint Helena,AFRO,0,0,0,0
2021-03-05,Saint Helena,AFRO,0,0,0,0
2021-03-06,Saint Helena,AFRO,0,0,0,0
2021-03-07,Saint Helena,AFRO,0,0,0,0
2021-03-08,Saint Helena,AFRO,0,0,0,0
2021-03-09,Saint Helena,AFRO,0,0,0,0
2021-03-10,Saint Helena,AFRO,0,0,0,0
2021-03-11,Saint Helena,AFRO,0,0,0,0
2021-03-12,Saint Helena,AFRO,0,0,0,0
2021-03-13,Saint Helena,AFRO,0,0,0,0
2021-03-14,Saint Helena,AFRO,0,0,0,0
2021-03-15,Saint Helena,AFRO,0,0,0,0
2021-03-16,Saint Helena,AFRO,0,0,0,0
2021-03-17,Saint Helena,AFRO,0,0,0,0
2021-03-18,Saint Helena,AFRO,0,0,0,0
2021-03-19,Saint Helena,AFRO,0,0,0,0
2021-03-20,Saint Helena,AFRO,0,0,0,0
2021-03-21,Saint Helena,AFRO,0,0,0,0
2021-03-22,Saint Helena,AFRO,0,0,0,0
2021-03-23,Saint Helena,AFRO,0,0,0,0
2021-03-24,Saint Helena,AFRO,0,0,0,0
2021-03-25,Saint Helena,AFRO,0,0,0,0
2021-03-26,Saint Helena,AFRO,0,0,0,0
2021-03-27,Saint Helena,AFRO,0,0,0,0
2021-03-28,Saint Helena,AFRO,0,0,0,0
2021-03-29,Saint Helena,AFRO,0,0,0,0
2021-03-30,Saint Helena,AFRO,0,0,0,0
2021-03-31,Saint Helena,AFRO,0,0,0,0
2021-04-01,Saint Helena,AFRO,0,0,0,0
2021-04-02,Saint Helena,AFRO,0,0,0,0
2021-04-03,Saint Helena,AFRO,0,0,0,0
2021-04-04,Saint Helena,AFRO,0,0,0,0
2021-04-05,Saint Helena,AFRO,0,0,0,0
2021-04-06,Saint Helena,AFRO,0,0,0,0
2021-04-07,Saint Helena,AFRO,0,0,0,0
2021-04-08,Saint Helena,AFRO,0,0,0,0
2021-04-09,Saint Helena,AFRO,0,0,0,0
2021-04-10,Saint Helena,AFRO,0,0,0,0
2021-04-11,Saint Helena,AFRO,0,0,0,0
2021-04-12,Saint Helena,AFRO,0,0,0,0
2021-04-13,Saint Helena,AFRO,0,0,0,0
2021-04-14,Saint Helena,AFRO,0,0,0,0
2021-04-15,Saint Helena,AFRO,0,0,0,0
2021-04-16,Saint Helena,AFRO,0,0,0,0
2021-04-17,Saint Helena,AFRO,0,0,0,0
2021-04-18,Saint Helena,AFRO,0,0,0,0
2021-04-19,Saint Helena,AFRO,0,0,0,0
2021-04-20,Saint Helena,AFRO,0,0,0,0
2021-04-21,Saint Helena,AFRO,0,0,0,0
2021-04-22,Saint Helena,AFRO,0,0,0,0
2021-04-23,Saint Helena,AFRO,0,0,0,0
2021-04-24,Saint Helena,AFRO,0,0,0,0
2021-04-25,Saint Helena,AFRO,0,0,0,0
2021-04-26,Saint Helena,AFRO,0,0,0,0
2021-04-27,Saint Helena,AFRO,0,0,0,0
2021-04-28,Saint Helena,AFRO,0,0,0,0
2021-04-29,Saint Helena,AFRO,0,0,0,0
2021-04-30,Saint Helena,AFRO,0,0,0,0
2021-05-01,Saint Helena,AFRO,0,0,0,0
2021-05-02,Saint Helena,AFRO,0,0,0,0
2021-05-03,Saint Helena,AFRO,0,0,0,0
2021-05-04,Saint Helena,AFRO,0,0,0,0
2021-05-05,Saint Helena,AFRO,0,0,0,0
2021-05-06,Saint Helena,AFRO,0,0,0,0
2021-05-07,Saint Helena,AFRO,0,0,0,0
2021-05-08,Saint Helena,AFRO,0,0,0,0
2021-05-09,Saint Helena,AFRO,0,0,0,0
2021-05-10,Saint Helena,AFRO,0,0,0,0
2021-05-11,Saint Helena,AFRO,0,0,0,0
2021-05-12,Saint Helena,AFRO,0,0,0,0
2021-05-13,Saint Helena,AFRO,0,0,0,0
2021-05-14,Saint Helena,AFRO,0,0,0,0
2021-05-15,Saint Helena,AFRO,0,0,0,0
2021-05-16,Saint Helena,AFRO,0,0,0,0
2021-05-17,Saint Helena,AFRO,0,0,0,0
2021-05-18,Saint Helena,AFRO,0,0,0,0
2021-05-19,Saint Helena,AFRO,0,0,0,0
2021-05-20,Saint Helena,AFRO,0,0,0,0
2021-05-21,Saint Helena,AFRO,0,0,0,0
2021-05-22,Saint Helena,AFRO,0,0,0,0
2021-05-23,Saint Helena,AFRO,0,0,0,0
2021-05-24,Saint Helena,AFRO,0,0,0,0
2021-05-25,Saint Helena,AFRO,0,0,0,0
2021-05-26,Saint Helena,AFRO,0,0,0,0
2021-05-27,Saint Helena,AFRO,0,0,0,0
2021-05-28,Saint Helena,AFRO,0,0,0,0
2021-05-29,Saint Helena,AFRO,0,0,0,0
2021-05-30,Saint Helena,AFRO,0,0,0,0
2021-01-01,Saint Kitts and Nevis,AMRO,0,32,0,0
2021-01-02,Saint Kitts and Nevis,AMRO,0,32,0,0
2021-01-03,Saint Kitts and Nevis,AMRO,1,33,0,0
2021-01-04,Saint Kitts and Nevis,AMRO,0,33,0,0
2021-01-05,Saint Kitts and Nevis,AMRO,0,33,0,0
2021-01-06,Saint Kitts and Nevis,AMRO,0,33,0,0
2021-01-07,Saint Kitts and Nevis,AMRO,0,33,0,0
2021-01-08,Saint Kitts and Nevis,AMRO,0,33,0,0
2021-01-09,Saint Kitts and Nevis,AMRO,1,34,0,0
2021-01-10,Saint Kitts and Nevis,AMRO,0,34,0,0
2021-01-11,Saint Kitts and Nevis,AMRO,0,34,0,0
2021-01-12,Saint Kitts and Nevis,AMRO,0,34,0,0
2021-01-13,Saint Kitts and Nevis,AMRO,0,34,0,0
2021-01-14,Saint Kitts and Nevis,AMRO,0,34,0,0
2021-01-15,Saint Kitts and Nevis,AMRO,0,34,0,0
2021-01-16,Saint Kitts and Nevis,AMRO,0,34,0,0
2021-01-17,Saint Kitts and Nevis,AMRO,0,34,0,0
2021-01-18,Saint Kitts and Nevis,AMRO,0,34,0,0
2021-01-19,Saint Kitts and Nevis,AMRO,1,35,0,0
2021-01-20,Saint Kitts and Nevis,AMRO,0,35,0,0
2021-01-21,Saint Kitts and Nevis,AMRO,0,35,0,0
2021-01-22,Saint Kitts and Nevis,AMRO,0,35,0,0
2021-01-23,Saint Kitts and Nevis,AMRO,0,35,0,0
2021-01-24,Saint Kitts and Nevis,AMRO,0,35,0,0
2021-01-25,Saint Kitts and Nevis,AMRO,0,35,0,0
2021-01-26,Saint Kitts and Nevis,AMRO,0,35,0,0
2021-01-27,Saint Kitts and Nevis,AMRO,0,35,0,0
2021-01-28,Saint Kitts and Nevis,AMRO,2,37,0,0
2021-01-29,Saint Kitts and Nevis,AMRO,0,37,0,0
2021-01-30,Saint Kitts and Nevis,AMRO,0,37,0,0
2021-01-31,Saint Kitts and Nevis,AMRO,0,37,0,0
2021-02-01,Saint Kitts and Nevis,AMRO,0,37,0,0
2021-02-02,Saint Kitts and Nevis,AMRO,1,38,0,0
2021-02-03,Saint Kitts and Nevis,AMRO,1,39,0,0
2021-02-04,Saint Kitts and Nevis,AMRO,0,39,0,0
2021-02-05,Saint Kitts and Nevis,AMRO,0,39,0,0
2021-02-06,Saint Kitts and Nevis,AMRO,1,40,0,0
2021-02-07,Saint Kitts and Nevis,AMRO,0,40,0,0
2021-02-08,Saint Kitts and Nevis,AMRO,0,40,0,0
2021-02-09,Saint Kitts and Nevis,AMRO,0,40,0,0
2021-02-10,Saint Kitts and Nevis,AMRO,0,40,0,0
2021-02-11,Saint Kitts and Nevis,AMRO,0,40,0,0
2021-02-12,Saint Kitts and Nevis,AMRO,0,40,0,0
2021-02-13,Saint Kitts and Nevis,AMRO,0,40,0,0
2021-02-14,Saint Kitts and Nevis,AMRO,0,40,0,0
2021-02-15,Saint Kitts and Nevis,AMRO,1,41,0,0
2021-02-16,Saint Kitts and Nevis,AMRO,0,41,0,0
2021-02-17,Saint Kitts and Nevis,AMRO,0,41,0,0
2021-02-18,Saint Kitts and Nevis,AMRO,0,41,0,0
2021-02-19,Saint Kitts and Nevis,AMRO,0,41,0,0
2021-02-20,Saint Kitts and Nevis,AMRO,0,41,0,0
2021-02-21,Saint Kitts and Nevis,AMRO,0,41,0,0
2021-02-22,Saint Kitts and Nevis,AMRO,0,41,0,0
2021-02-23,Saint Kitts and Nevis,AMRO,0,41,0,0
2021-02-24,Saint Kitts and Nevis,AMRO,0,41,0,0
2021-02-25,Saint Kitts and Nevis,AMRO,0,41,0,0
2021-02-26,Saint Kitts and Nevis,AMRO,0,41,0,0
2021-02-27,Saint Kitts and Nevis,AMRO,0,41,0,0
2021-02-28,Saint Kitts and Nevis,AMRO,0,41,0,0
2021-03-01,Saint Kitts and Nevis,AMRO,0,41,0,0
2021-03-02,Saint Kitts and Nevis,AMRO,0,41,0,0
2021-03-03,Saint Kitts and Nevis,AMRO,0,41,0,0
2021-03-04,Saint Kitts and Nevis,AMRO,0,41,0,0
2021-03-05,Saint Kitts and Nevis,AMRO,0,41,0,0
2021-03-06,Saint Kitts and Nevis,AMRO,0,41,0,0
2021-03-07,Saint Kitts and Nevis,AMRO,0,41,0,0
2021-03-08,Saint Kitts and Nevis,AMRO,0,41,0,0
2021-03-09,Saint Kitts and Nevis,AMRO,0,41,0,0
2021-03-10,Saint Kitts and Nevis,AMRO,0,41,0,0
2021-03-11,Saint Kitts and Nevis,AMRO,0,41,0,0
2021-03-12,Saint Kitts and Nevis,AMRO,1,42,0,0
2021-03-13,Saint Kitts and Nevis,AMRO,1,43,0,0
2021-03-14,Saint Kitts and Nevis,AMRO,0,43,0,0
2021-03-15,Saint Kitts and Nevis,AMRO,0,43,0,0
2021-03-16,Saint Kitts and Nevis,AMRO,0,43,0,0
2021-03-17,Saint Kitts and Nevis,AMRO,0,43,0,0
2021-03-18,Saint Kitts and Nevis,AMRO,0,43,0,0
2021-03-19,Saint Kitts and Nevis,AMRO,1,44,0,0
2021-03-20,Saint Kitts and Nevis,AMRO,0,44,0,0
2021-03-21,Saint Kitts and Nevis,AMRO,0,44,0,0
2021-03-22,Saint Kitts and Nevis,AMRO,0,44,0,0
2021-03-23,Saint Kitts and Nevis,AMRO,0,44,0,0
2021-03-24,Saint Kitts and Nevis,AMRO,0,44,0,0
2021-03-25,Saint Kitts and Nevis,AMRO,0,44,0,0
2021-03-26,Saint Kitts and Nevis,AMRO,0,44,0,0
2021-03-27,Saint Kitts and Nevis,AMRO,0,44,0,0
2021-03-28,Saint Kitts and Nevis,AMRO,0,44,0,0
2021-03-29,Saint Kitts and Nevis,AMRO,0,44,0,0
2021-03-30,Saint Kitts and Nevis,AMRO,0,44,0,0
2021-03-31,Saint Kitts and Nevis,AMRO,0,44,0,0
2021-04-01,Saint Kitts and Nevis,AMRO,0,44,0,0
2021-04-02,Saint Kitts and Nevis,AMRO,0,44,0,0
2021-04-03,Saint Kitts and Nevis,AMRO,0,44,0,0
2021-04-04,Saint Kitts and Nevis,AMRO,0,44,0,0
2021-04-05,Saint Kitts and Nevis,AMRO,0,44,0,0
2021-04-06,Saint Kitts and Nevis,AMRO,0,44,0,0
2021-04-07,Saint Kitts and Nevis,AMRO,0,44,0,0
2021-04-08,Saint Kitts and Nevis,AMRO,0,44,0,0
2021-04-09,Saint Kitts and Nevis,AMRO,0,44,0,0
2021-04-10,Saint Kitts and Nevis,AMRO,0,44,0,0
2021-04-11,Saint Kitts and Nevis,AMRO,0,44,0,0
2021-04-12,Saint Kitts and Nevis,AMRO,0,44,0,0
2021-04-13,Saint Kitts and Nevis,AMRO,0,44,0,0
2021-04-14,Saint Kitts and Nevis,AMRO,0,44,0,0
2021-04-15,Saint Kitts and Nevis,AMRO,0,44,0,0
2021-04-16,Saint Kitts and Nevis,AMRO,0,44,0,0
2021-04-17,Saint Kitts and Nevis,AMRO,0,44,0,0
2021-04-18,Saint Kitts and Nevis,AMRO,0,44,0,0
2021-04-19,Saint Kitts and Nevis,AMRO,0,44,0,0
2021-04-20,Saint Kitts and Nevis,AMRO,0,44,0,0
2021-04-21,Saint Kitts and Nevis,AMRO,0,44,0,0
2021-04-22,Saint Kitts and Nevis,AMRO,0,44,0,0
2021-04-23,Saint Kitts and Nevis,AMRO,0,44,0,0
2021-04-24,Saint Kitts and Nevis,AMRO,0,44,0,0
2021-04-25,Saint Kitts and Nevis,AMRO,0,44,0,0
2021-04-26,Saint Kitts and Nevis,AMRO,0,44,0,0
2021-04-27,Saint Kitts and Nevis,AMRO,0,44,0,0
2021-04-28,Saint Kitts and Nevis,AMRO,0,44,0,0
2021-04-29,Saint Kitts and Nevis,AMRO,0,44,0,0
2021-04-30,Saint Kitts and Nevis,AMRO,0,44,0,0
2021-05-01,Saint Kitts and Nevis,AMRO,0,44,0,0
2021-05-02,Saint Kitts and Nevis,AMRO,1,45,0,0
2021-05-03,Saint Kitts and Nevis,AMRO,0,45,0,0
2021-05-04,Saint Kitts and Nevis,AMRO,0,45,0,0
2021-05-05,Saint Kitts and Nevis,AMRO,0,45,0,0
2021-05-06,Saint Kitts and Nevis,AMRO,0,45,0,0
2021-05-07,Saint Kitts and Nevis,AMRO,0,45,0,0
2021-05-08,Saint Kitts and Nevis,AMRO,0,45,0,0
2021-05-09,Saint Kitts and Nevis,AMRO,0,45,0,0
2021-05-10,Saint Kitts and Nevis,AMRO,0,45,0,0
2021-05-11,Saint Kitts and Nevis,AMRO,0,45,0,0
2021-05-12,Saint Kitts and Nevis,AMRO,0,45,0,0
2021-05-13,Saint Kitts and Nevis,AMRO,0,45,0,0
2021-05-14,Saint Kitts and Nevis,AMRO,0,45,0,0
2021-05-15,Saint Kitts and Nevis,AMRO,0,45,0,0
2021-05-16,Saint Kitts and Nevis,AMRO,0,45,0,0
2021-05-17,Saint Kitts and Nevis,AMRO,0,45,0,0
2021-05-18,Saint Kitts and Nevis,AMRO,0,45,0,0
2021-05-19,Saint Kitts and Nevis,AMRO,0,45,0,0
2021-05-20,Saint Kitts and Nevis,AMRO,0,45,0,0
2021-05-21,Saint Kitts and Nevis,AMRO,1,46,0,0
2021-05-22,Saint Kitts and Nevis,AMRO,0,46,0,0
2021-05-23,Saint Kitts and Nevis,AMRO,0,46,0,0
2021-05-24,Saint Kitts and Nevis,AMRO,6,52,0,0
2021-05-25,Saint Kitts and Nevis,AMRO,2,54,0,0
2021-05-26,Saint Kitts and Nevis,AMRO,6,60,0,0
2021-05-27,Saint Kitts and Nevis,AMRO,1,61,0,0
2021-05-28,Saint Kitts and Nevis,AMRO,3,64,0,0
2021-05-29,Saint Kitts and Nevis,AMRO,0,64,0,0
2021-05-30,Saint Kitts and Nevis,AMRO,4,68,0,0
2021-01-01,Saint Lucia,AMRO,13,353,0,5
2021-01-02,Saint Lucia,AMRO,0,353,0,5
2021-01-03,Saint Lucia,AMRO,0,353,0,5
2021-01-04,Saint Lucia,AMRO,0,353,0,5
2021-01-05,Saint Lucia,AMRO,0,353,0,5
2021-01-06,Saint Lucia,AMRO,7,360,0,5
2021-01-07,Saint Lucia,AMRO,20,380,0,5
2021-01-08,Saint Lucia,AMRO,2,382,0,5
2021-01-09,Saint Lucia,AMRO,1,383,0,5
2021-01-10,Saint Lucia,AMRO,12,395,0,5
2021-01-11,Saint Lucia,AMRO,43,438,0,5
2021-01-12,Saint Lucia,AMRO,0,438,0,5
2021-01-13,Saint Lucia,AMRO,40,478,0,5
2021-01-14,Saint Lucia,AMRO,12,490,0,5
2021-01-15,Saint Lucia,AMRO,12,502,1,6
2021-01-16,Saint Lucia,AMRO,41,543,0,6
2021-01-17,Saint Lucia,AMRO,33,576,0,6
2021-01-18,Saint Lucia,AMRO,35,611,2,8
2021-01-19,Saint Lucia,AMRO,10,621,0,8
2021-01-20,Saint Lucia,AMRO,35,656,0,8
2021-01-21,Saint Lucia,AMRO,57,713,0,8
2021-01-22,Saint Lucia,AMRO,5,718,0,8
2021-01-23,Saint Lucia,AMRO,37,755,0,8
2021-01-24,Saint Lucia,AMRO,15,770,2,10
2021-01-25,Saint Lucia,AMRO,40,810,1,11
2021-01-26,Saint Lucia,AMRO,76,886,0,11
2021-01-27,Saint Lucia,AMRO,35,921,2,13
2021-01-28,Saint Lucia,AMRO,48,969,0,13
2021-01-29,Saint Lucia,AMRO,60,1029,0,13
2021-01-30,Saint Lucia,AMRO,77,1106,0,13
2021-01-31,Saint Lucia,AMRO,89,1195,0,13
2021-02-01,Saint Lucia,AMRO,0,1195,0,13
2021-02-02,Saint Lucia,AMRO,216,1411,2,15
2021-02-03,Saint Lucia,AMRO,0,1411,0,15
2021-02-04,Saint Lucia,AMRO,68,1479,1,16
2021-02-05,Saint Lucia,AMRO,77,1556,2,18
2021-02-06,Saint Lucia,AMRO,0,1556,0,18
2021-02-07,Saint Lucia,AMRO,257,1813,0,18
2021-02-08,Saint Lucia,AMRO,0,1813,0,18
2021-02-09,Saint Lucia,AMRO,214,2027,1,19
2021-02-10,Saint Lucia,AMRO,0,2027,0,19
2021-02-11,Saint Lucia,AMRO,110,2137,3,22
2021-02-12,Saint Lucia,AMRO,0,2137,0,22
2021-02-13,Saint Lucia,AMRO,278,2415,0,22
2021-02-14,Saint Lucia,AMRO,72,2487,1,23
2021-02-15,Saint Lucia,AMRO,0,2487,0,23
2021-02-16,Saint Lucia,AMRO,32,2519,0,23
2021-02-17,Saint Lucia,AMRO,30,2549,0,23
2021-02-18,Saint Lucia,AMRO,27,2576,1,24
2021-02-19,Saint Lucia,AMRO,44,2620,1,25
2021-02-20,Saint Lucia,AMRO,0,2620,0,25
2021-02-21,Saint Lucia,AMRO,240,2860,3,28
2021-02-22,Saint Lucia,AMRO,218,3078,3,31
2021-02-23,Saint Lucia,AMRO,57,3135,1,32
2021-02-24,Saint Lucia,AMRO,7,3142,0,32
2021-02-25,Saint Lucia,AMRO,0,3142,0,32
2021-02-26,Saint Lucia,AMRO,7,3149,2,34
2021-02-27,Saint Lucia,AMRO,0,3149,0,34
2021-02-28,Saint Lucia,AMRO,207,3356,1,35
2021-03-01,Saint Lucia,AMRO,0,3356,0,35
2021-03-02,Saint Lucia,AMRO,34,3390,1,36
2021-03-03,Saint Lucia,AMRO,155,3545,0,36
2021-03-04,Saint Lucia,AMRO,234,3779,1,37
2021-03-05,Saint Lucia,AMRO,24,3803,2,39
2021-03-06,Saint Lucia,AMRO,11,3814,4,43
2021-03-07,Saint Lucia,AMRO,29,3843,0,43
2021-03-08,Saint Lucia,AMRO,23,3866,0,43
2021-03-09,Saint Lucia,AMRO,5,3871,3,46
2021-03-10,Saint Lucia,AMRO,31,3902,0,46
2021-03-11,Saint Lucia,AMRO,0,3902,0,46
2021-03-12,Saint Lucia,AMRO,39,3941,1,47
2021-03-13,Saint Lucia,AMRO,25,3966,0,47
2021-03-14,Saint Lucia,AMRO,23,3989,1,48
2021-03-15,Saint Lucia,AMRO,42,4031,3,51
2021-03-16,Saint Lucia,AMRO,22,4053,4,55
2021-03-17,Saint Lucia,AMRO,0,4053,0,55
2021-03-18,Saint Lucia,AMRO,16,4069,0,55
2021-03-19,Saint Lucia,AMRO,14,4083,0,55
2021-03-20,Saint Lucia,AMRO,14,4097,0,55
2021-03-21,Saint Lucia,AMRO,16,4113,0,55
2021-03-22,Saint Lucia,AMRO,0,4113,0,55
2021-03-23,Saint Lucia,AMRO,19,4132,0,55
2021-03-24,Saint Lucia,AMRO,0,4132,0,55
2021-03-25,Saint Lucia,AMRO,17,4149,2,57
2021-03-26,Saint Lucia,AMRO,12,4161,1,58
2021-03-27,Saint Lucia,AMRO,11,4172,0,58
2021-03-28,Saint Lucia,AMRO,19,4191,0,58
2021-03-29,Saint Lucia,AMRO,0,4191,0,58
2021-03-30,Saint Lucia,AMRO,11,4202,0,58
2021-03-31,Saint Lucia,AMRO,26,4228,1,59
2021-04-01,Saint Lucia,AMRO,10,4238,1,60
2021-04-02,Saint Lucia,AMRO,27,4265,1,61
2021-04-03,Saint Lucia,AMRO,0,4265,0,61
2021-04-04,Saint Lucia,AMRO,24,4289,0,61
2021-04-05,Saint Lucia,AMRO,4,4293,0,61
2021-04-06,Saint Lucia,AMRO,4,4297,0,61
2021-04-07,Saint Lucia,AMRO,0,4297,2,63
2021-04-08,Saint Lucia,AMRO,7,4304,0,63
2021-04-09,Saint Lucia,AMRO,8,4312,0,63
2021-04-10,Saint Lucia,AMRO,17,4329,1,64
2021-04-11,Saint Lucia,AMRO,0,4329,0,64
2021-04-12,Saint Lucia,AMRO,18,4347,0,64
2021-04-13,Saint Lucia,AMRO,1,4348,0,64
2021-04-14,Saint Lucia,AMRO,7,4355,0,64
2021-04-15,Saint Lucia,AMRO,12,4367,0,64
2021-04-16,Saint Lucia,AMRO,4,4371,0,64
2021-04-17,Saint Lucia,AMRO,18,4389,0,64
2021-04-18,Saint Lucia,AMRO,9,4398,1,65
2021-04-19,Saint Lucia,AMRO,3,4401,2,67
2021-04-20,Saint Lucia,AMRO,16,4417,0,67
2021-04-21,Saint Lucia,AMRO,2,4419,2,69
2021-04-22,Saint Lucia,AMRO,0,4419,0,69
2021-04-23,Saint Lucia,AMRO,25,4444,1,70
2021-04-24,Saint Lucia,AMRO,11,4455,0,70
2021-04-25,Saint Lucia,AMRO,8,4463,0,70
2021-04-26,Saint Lucia,AMRO,23,4486,0,70
2021-04-27,Saint Lucia,AMRO,6,4492,3,73
2021-04-28,Saint Lucia,AMRO,10,4502,0,73
2021-04-29,Saint Lucia,AMRO,6,4508,1,74
2021-04-30,Saint Lucia,AMRO,10,4518,0,74
2021-05-01,Saint Lucia,AMRO,16,4534,0,74
2021-05-02,Saint Lucia,AMRO,18,4552,0,74
2021-05-03,Saint Lucia,AMRO,8,4560,0,74
2021-05-04,Saint Lucia,AMRO,0,4560,0,74
2021-05-05,Saint Lucia,AMRO,13,4573,0,74
2021-05-06,Saint Lucia,AMRO,12,4585,0,74
2021-05-07,Saint Lucia,AMRO,17,4602,1,75
2021-05-08,Saint Lucia,AMRO,5,4607,0,75
2021-05-09,Saint Lucia,AMRO,47,4654,0,75
2021-05-10,Saint Lucia,AMRO,0,4654,0,75
2021-05-11,Saint Lucia,AMRO,0,4654,0,75
2021-05-12,Saint Lucia,AMRO,36,4690,0,75
2021-05-13,Saint Lucia,AMRO,10,4700,0,75
2021-05-14,Saint Lucia,AMRO,25,4725,0,75
2021-05-15,Saint Lucia,AMRO,0,4725,0,75
2021-05-16,Saint Lucia,AMRO,63,4788,0,75
2021-05-17,Saint Lucia,AMRO,30,4818,0,75
2021-05-18,Saint Lucia,AMRO,0,4818,1,76
2021-05-19,Saint Lucia,AMRO,0,4818,0,76
2021-05-20,Saint Lucia,AMRO,53,4871,1,77
2021-05-21,Saint Lucia,AMRO,35,4906,0,77
2021-05-22,Saint Lucia,AMRO,17,4923,0,77
2021-05-23,Saint Lucia,AMRO,12,4935,0,77
2021-05-24,Saint Lucia,AMRO,10,4945,0,77
2021-05-25,Saint Lucia,AMRO,0,4945,0,77
2021-05-26,Saint Lucia,AMRO,15,4960,0,77
2021-05-27,Saint Lucia,AMRO,8,4968,0,77
2021-05-28,Saint Lucia,AMRO,12,4980,0,77
2021-05-29,Saint Lucia,AMRO,22,5002,0,77
2021-05-30,Saint Lucia,AMRO,33,5035,0,77
2021-01-01,Saint Martin,AMRO,9,995,0,12
2021-01-02,Saint Martin,AMRO,0,995,0,12
2021-01-03,Saint Martin,AMRO,0,995,0,12
2021-01-04,Saint Martin,AMRO,0,995,0,12
2021-01-05,Saint Martin,AMRO,7,1002,0,12
2021-01-06,Saint Martin,AMRO,0,1002,0,12
2021-01-07,Saint Martin,AMRO,0,1002,0,12
2021-01-08,Saint Martin,AMRO,0,1002,0,12
2021-01-09,Saint Martin,AMRO,0,1002,0,12
2021-01-10,Saint Martin,AMRO,0,1002,0,12
2021-01-11,Saint Martin,AMRO,0,1002,0,12
2021-01-12,Saint Martin,AMRO,44,1046,0,12
2021-01-13,Saint Martin,AMRO,0,1046,0,12
2021-01-14,Saint Martin,AMRO,0,1046,0,12
2021-01-15,Saint Martin,AMRO,0,1046,0,12
2021-01-16,Saint Martin,AMRO,0,1046,0,12
2021-01-17,Saint Martin,AMRO,0,1046,0,12
2021-01-18,Saint Martin,AMRO,0,1046,0,12
2021-01-19,Saint Martin,AMRO,71,1117,0,12
2021-01-20,Saint Martin,AMRO,0,1117,0,12
2021-01-21,Saint Martin,AMRO,0,1117,0,12
2021-01-22,Saint Martin,AMRO,0,1117,0,12
2021-01-23,Saint Martin,AMRO,74,1191,0,12
2021-01-24,Saint Martin,AMRO,0,1191,0,12
2021-01-25,Saint Martin,AMRO,0,1191,0,12
2021-01-26,Saint Martin,AMRO,0,1191,0,12
2021-01-27,Saint Martin,AMRO,0,1191,0,12
2021-01-28,Saint Martin,AMRO,0,1191,0,12
2021-01-29,Saint Martin,AMRO,0,1191,0,12
2021-01-30,Saint Martin,AMRO,0,1191,0,12
2021-01-31,Saint Martin,AMRO,98,1289,0,12
2021-02-01,Saint Martin,AMRO,0,1289,0,12
2021-02-02,Saint Martin,AMRO,0,1289,0,12
2021-02-03,Saint Martin,AMRO,0,1289,0,12
2021-02-04,Saint Martin,AMRO,0,1289,0,12
2021-02-05,Saint Martin,AMRO,0,1289,0,12
2021-02-06,Saint Martin,AMRO,0,1289,0,12
2021-02-07,Saint Martin,AMRO,0,1289,0,12
2021-02-08,Saint Martin,AMRO,0,1289,0,12
2021-02-09,Saint Martin,AMRO,88,1377,0,12
2021-02-10,Saint Martin,AMRO,0,1377,0,12
2021-02-11,Saint Martin,AMRO,0,1377,0,12
2021-02-12,Saint Martin,AMRO,0,1377,0,12
2021-02-13,Saint Martin,AMRO,0,1377,0,12
2021-02-14,Saint Martin,AMRO,79,1456,0,12
2021-02-15,Saint Martin,AMRO,0,1456,0,12
2021-02-16,Saint Martin,AMRO,0,1456,0,12
2021-02-17,Saint Martin,AMRO,0,1456,0,12
2021-02-18,Saint Martin,AMRO,0,1456,0,12
2021-02-19,Saint Martin,AMRO,0,1456,0,12
2021-02-20,Saint Martin,AMRO,0,1456,0,12
2021-02-21,Saint Martin,AMRO,0,1456,0,12
2021-02-22,Saint Martin,AMRO,0,1456,0,12
2021-02-23,Saint Martin,AMRO,63,1519,0,12
2021-02-24,Saint Martin,AMRO,0,1519,0,12
2021-02-25,Saint Martin,AMRO,0,1519,0,12
2021-02-26,Saint Martin,AMRO,0,1519,0,12
2021-02-27,Saint Martin,AMRO,35,1554,0,12
2021-02-28,Saint Martin,AMRO,0,1554,0,12
2021-03-01,Saint Martin,AMRO,0,1554,0,12
2021-03-02,Saint Martin,AMRO,0,1554,0,12
2021-03-03,Saint Martin,AMRO,0,1554,0,12
2021-03-04,Saint Martin,AMRO,0,1554,0,12
2021-03-05,Saint Martin,AMRO,0,1554,0,12
2021-03-06,Saint Martin,AMRO,27,1581,0,12
2021-03-07,Saint Martin,AMRO,0,1581,0,12
2021-03-08,Saint Martin,AMRO,0,1581,0,12
2021-03-09,Saint Martin,AMRO,0,1581,0,12
2021-03-10,Saint Martin,AMRO,0,1581,0,12
2021-03-11,Saint Martin,AMRO,0,1581,0,12
2021-03-12,Saint Martin,AMRO,0,1581,0,12
2021-03-13,Saint Martin,AMRO,0,1581,0,12
2021-03-14,Saint Martin,AMRO,31,1612,0,12
2021-03-15,Saint Martin,AMRO,0,1612,0,12
2021-03-16,Saint Martin,AMRO,0,1612,0,12
2021-03-17,Saint Martin,AMRO,0,1612,0,12
2021-03-18,Saint Martin,AMRO,0,1612,0,12
2021-03-19,Saint Martin,AMRO,0,1612,0,12
2021-03-20,Saint Martin,AMRO,0,1612,0,12
2021-03-21,Saint Martin,AMRO,21,1633,0,12
2021-03-22,Saint Martin,AMRO,0,1633,0,12
2021-03-23,Saint Martin,AMRO,0,1633,0,12
2021-03-24,Saint Martin,AMRO,0,1633,0,12
2021-03-25,Saint Martin,AMRO,0,1633,0,12
2021-03-26,Saint Martin,AMRO,0,1633,0,12
2021-03-27,Saint Martin,AMRO,0,1633,0,12
2021-03-28,Saint Martin,AMRO,24,1657,0,12
2021-03-29,Saint Martin,AMRO,0,1657,0,12
2021-03-30,Saint Martin,AMRO,0,1657,0,12
2021-03-31,Saint Martin,AMRO,0,1657,0,12
2021-04-01,Saint Martin,AMRO,0,1657,0,12
2021-04-02,Saint Martin,AMRO,0,1657,0,12
2021-04-03,Saint Martin,AMRO,30,1687,1,13
2021-04-04,Saint Martin,AMRO,0,1687,0,13
2021-04-05,Saint Martin,AMRO,0,1687,0,13
2021-04-06,Saint Martin,AMRO,0,1687,0,13
2021-04-07,Saint Martin,AMRO,0,1687,0,13
2021-04-08,Saint Martin,AMRO,0,1687,0,13
2021-04-09,Saint Martin,AMRO,0,1687,0,13
2021-04-10,Saint Martin,AMRO,16,1703,0,13
2021-04-11,Saint Martin,AMRO,0,1703,0,13
2021-04-12,Saint Martin,AMRO,0,1703,0,13
2021-04-13,Saint Martin,AMRO,0,1703,0,13
2021-04-14,Saint Martin,AMRO,0,1703,0,13
2021-04-15,Saint Martin,AMRO,0,1703,0,13
2021-04-16,Saint Martin,AMRO,0,1703,0,13
2021-04-17,Saint Martin,AMRO,0,1703,0,13
2021-04-18,Saint Martin,AMRO,7,1710,0,13
2021-04-19,Saint Martin,AMRO,0,1710,0,13
2021-04-20,Saint Martin,AMRO,0,1710,0,13
2021-04-21,Saint Martin,AMRO,0,1710,0,13
2021-04-22,Saint Martin,AMRO,0,1710,0,13
2021-04-23,Saint Martin,AMRO,0,1710,0,13
2021-04-24,Saint Martin,AMRO,0,1710,0,13
2021-04-25,Saint Martin,AMRO,18,1728,0,13
2021-04-26,Saint Martin,AMRO,0,1728,0,13
2021-04-27,Saint Martin,AMRO,0,1728,0,13
2021-04-28,Saint Martin,AMRO,0,1728,0,13
2021-04-29,Saint Martin,AMRO,0,1728,0,13
2021-04-30,Saint Martin,AMRO,0,1728,0,13
2021-05-01,Saint Martin,AMRO,0,1728,0,13
2021-05-02,Saint Martin,AMRO,21,1749,1,14
2021-05-03,Saint Martin,AMRO,0,1749,0,14
2021-05-04,Saint Martin,AMRO,0,1749,0,14
2021-05-05,Saint Martin,AMRO,0,1749,0,14
2021-05-06,Saint Martin,AMRO,0,1749,0,14
2021-05-07,Saint Martin,AMRO,0,1749,0,14
2021-05-08,Saint Martin,AMRO,28,1777,0,14
2021-05-09,Saint Martin,AMRO,0,1777,0,14
2021-05-10,Saint Martin,AMRO,0,1777,0,14
2021-05-11,Saint Martin,AMRO,0,1777,0,14
2021-05-12,Saint Martin,AMRO,0,1777,0,14
2021-05-13,Saint Martin,AMRO,0,1777,0,14
2021-05-14,Saint Martin,AMRO,0,1777,0,14
2021-05-15,Saint Martin,AMRO,0,1777,0,14
2021-05-16,Saint Martin,AMRO,62,1839,0,14
2021-05-17,Saint Martin,AMRO,0,1839,0,14
2021-05-18,Saint Martin,AMRO,0,1839,0,14
2021-05-19,Saint Martin,AMRO,0,1839,0,14
2021-05-20,Saint Martin,AMRO,0,1839,0,14
2021-05-21,Saint Martin,AMRO,0,1839,0,14
2021-05-22,Saint Martin,AMRO,0,1839,0,14
2021-05-23,Saint Martin,AMRO,56,1895,1,15
2021-05-24,Saint Martin,AMRO,0,1895,0,15
2021-05-25,Saint Martin,AMRO,0,1895,0,15
2021-05-26,Saint Martin,AMRO,0,1895,0,15
2021-05-27,Saint Martin,AMRO,0,1895,0,15
2021-05-28,Saint Martin,AMRO,0,1895,0,15
2021-05-29,Saint Martin,AMRO,0,1895,0,15
2021-05-30,Saint Martin,AMRO,114,2009,0,15
2021-01-01,Saint Pierre and Miquelon,AMRO,0,16,0,0
2021-01-02,Saint Pierre and Miquelon,AMRO,0,16,0,0
2021-01-03,Saint Pierre and Miquelon,AMRO,0,16,0,0
2021-01-04,Saint Pierre and Miquelon,AMRO,0,16,0,0
2021-01-05,Saint Pierre and Miquelon,AMRO,0,16,0,0
2021-01-06,Saint Pierre and Miquelon,AMRO,0,16,0,0
2021-01-07,Saint Pierre and Miquelon,AMRO,0,16,0,0
2021-01-08,Saint Pierre and Miquelon,AMRO,0,16,0,0
2021-01-09,Saint Pierre and Miquelon,AMRO,0,16,0,0
2021-01-10,Saint Pierre and Miquelon,AMRO,0,16,0,0
2021-01-11,Saint Pierre and Miquelon,AMRO,0,16,0,0
2021-01-12,Saint Pierre and Miquelon,AMRO,0,16,0,0
2021-01-13,Saint Pierre and Miquelon,AMRO,0,16,0,0
2021-01-14,Saint Pierre and Miquelon,AMRO,0,16,0,0
2021-01-15,Saint Pierre and Miquelon,AMRO,0,16,0,0
2021-01-16,Saint Pierre and Miquelon,AMRO,0,16,0,0
2021-01-17,Saint Pierre and Miquelon,AMRO,0,16,0,0
2021-01-18,Saint Pierre and Miquelon,AMRO,0,16,0,0
2021-01-19,Saint Pierre and Miquelon,AMRO,0,16,0,0
2021-01-20,Saint Pierre and Miquelon,AMRO,0,16,0,0
2021-01-21,Saint Pierre and Miquelon,AMRO,0,16,0,0
2021-01-22,Saint Pierre and Miquelon,AMRO,0,16,0,0
2021-01-23,Saint Pierre and Miquelon,AMRO,0,16,0,0
2021-01-24,Saint Pierre and Miquelon,AMRO,4,20,0,0
2021-01-25,Saint Pierre and Miquelon,AMRO,1,21,0,0
2021-01-26,Saint Pierre and Miquelon,AMRO,2,23,0,0
2021-01-27,Saint Pierre and Miquelon,AMRO,0,23,0,0
2021-01-28,Saint Pierre and Miquelon,AMRO,0,23,0,0
2021-01-29,Saint Pierre and Miquelon,AMRO,1,24,0,0
2021-01-30,Saint Pierre and Miquelon,AMRO,0,24,0,0
2021-01-31,Saint Pierre and Miquelon,AMRO,0,24,0,0
2021-02-01,Saint Pierre and Miquelon,AMRO,0,24,0,0
2021-02-02,Saint Pierre and Miquelon,AMRO,0,24,0,0
2021-02-03,Saint Pierre and Miquelon,AMRO,0,24,0,0
2021-02-04,Saint Pierre and Miquelon,AMRO,0,24,0,0
2021-02-05,Saint Pierre and Miquelon,AMRO,0,24,0,0
2021-02-06,Saint Pierre and Miquelon,AMRO,0,24,0,0
2021-02-07,Saint Pierre and Miquelon,AMRO,0,24,0,0
2021-02-08,Saint Pierre and Miquelon,AMRO,0,24,0,0
2021-02-09,Saint Pierre and Miquelon,AMRO,0,24,0,0
2021-02-10,Saint Pierre and Miquelon,AMRO,0,24,0,0
2021-02-11,Saint Pierre and Miquelon,AMRO,0,24,0,0
2021-02-12,Saint Pierre and Miquelon,AMRO,0,24,0,0
2021-02-13,Saint Pierre and Miquelon,AMRO,0,24,0,0
2021-02-14,Saint Pierre and Miquelon,AMRO,0,24,0,0
2021-02-15,Saint Pierre and Miquelon,AMRO,0,24,0,0
2021-02-16,Saint Pierre and Miquelon,AMRO,0,24,0,0
2021-02-17,Saint Pierre and Miquelon,AMRO,0,24,0,0
2021-02-18,Saint Pierre and Miquelon,AMRO,0,24,0,0
2021-02-19,Saint Pierre and Miquelon,AMRO,0,24,0,0
2021-02-20,Saint Pierre and Miquelon,AMRO,0,24,0,0
2021-02-21,Saint Pierre and Miquelon,AMRO,0,24,0,0
2021-02-22,Saint Pierre and Miquelon,AMRO,0,24,0,0
2021-02-23,Saint Pierre and Miquelon,AMRO,0,24,0,0
2021-02-24,Saint Pierre and Miquelon,AMRO,0,24,0,0
2021-02-25,Saint Pierre and Miquelon,AMRO,0,24,0,0
2021-02-26,Saint Pierre and Miquelon,AMRO,0,24,0,0
2021-02-27,Saint Pierre and Miquelon,AMRO,0,24,0,0
2021-02-28,Saint Pierre and Miquelon,AMRO,0,24,0,0
2021-03-01,Saint Pierre and Miquelon,AMRO,0,24,0,0
2021-03-02,Saint Pierre and Miquelon,AMRO,0,24,0,0
2021-03-03,Saint Pierre and Miquelon,AMRO,0,24,0,0
2021-03-04,Saint Pierre and Miquelon,AMRO,0,24,0,0
2021-03-05,Saint Pierre and Miquelon,AMRO,0,24,0,0
2021-03-06,Saint Pierre and Miquelon,AMRO,0,24,0,0
2021-03-07,Saint Pierre and Miquelon,AMRO,0,24,0,0
2021-03-08,Saint Pierre and Miquelon,AMRO,0,24,0,0
2021-03-09,Saint Pierre and Miquelon,AMRO,0,24,0,0
2021-03-10,Saint Pierre and Miquelon,AMRO,0,24,0,0
2021-03-11,Saint Pierre and Miquelon,AMRO,0,24,0,0
2021-03-12,Saint Pierre and Miquelon,AMRO,0,24,0,0
2021-03-13,Saint Pierre and Miquelon,AMRO,0,24,0,0
2021-03-14,Saint Pierre and Miquelon,AMRO,0,24,0,0
2021-03-15,Saint Pierre and Miquelon,AMRO,0,24,0,0
2021-03-16,Saint Pierre and Miquelon,AMRO,0,24,0,0
2021-03-17,Saint Pierre and Miquelon,AMRO,0,24,0,0
2021-03-18,Saint Pierre and Miquelon,AMRO,0,24,0,0
2021-03-19,Saint Pierre and Miquelon,AMRO,0,24,0,0
2021-03-20,Saint Pierre and Miquelon,AMRO,0,24,0,0
2021-03-21,Saint Pierre and Miquelon,AMRO,0,24,0,0
2021-03-22,Saint Pierre and Miquelon,AMRO,0,24,0,0
2021-03-23,Saint Pierre and Miquelon,AMRO,0,24,0,0
2021-03-24,Saint Pierre and Miquelon,AMRO,0,24,0,0
2021-03-25,Saint Pierre and Miquelon,AMRO,0,24,0,0
2021-03-26,Saint Pierre and Miquelon,AMRO,0,24,0,0
2021-03-27,Saint Pierre and Miquelon,AMRO,0,24,0,0
2021-03-28,Saint Pierre and Miquelon,AMRO,0,24,0,0
2021-03-29,Saint Pierre and Miquelon,AMRO,0,24,0,0
2021-03-30,Saint Pierre and Miquelon,AMRO,0,24,0,0
2021-03-31,Saint Pierre and Miquelon,AMRO,0,24,0,0
2021-04-01,Saint Pierre and Miquelon,AMRO,0,24,0,0
2021-04-02,Saint Pierre and Miquelon,AMRO,0,24,0,0
2021-04-03,Saint Pierre and Miquelon,AMRO,0,24,0,0
2021-04-04,Saint Pierre and Miquelon,AMRO,0,24,0,0
2021-04-05,Saint Pierre and Miquelon,AMRO,0,24,0,0
2021-04-06,Saint Pierre and Miquelon,AMRO,0,24,0,0
2021-04-07,Saint Pierre and Miquelon,AMRO,0,24,0,0
2021-04-08,Saint Pierre and Miquelon,AMRO,0,24,0,0
2021-04-09,Saint Pierre and Miquelon,AMRO,0,24,0,0
2021-04-10,Saint Pierre and Miquelon,AMRO,0,24,0,0
2021-04-11,Saint Pierre and Miquelon,AMRO,1,25,0,0
2021-04-12,Saint Pierre and Miquelon,AMRO,0,25,0,0
2021-04-13,Saint Pierre and Miquelon,AMRO,0,25,0,0
2021-04-14,Saint Pierre and Miquelon,AMRO,0,25,0,0
2021-04-15,Saint Pierre and Miquelon,AMRO,0,25,0,0
2021-04-16,Saint Pierre and Miquelon,AMRO,0,25,0,0
2021-04-17,Saint Pierre and Miquelon,AMRO,0,25,0,0
2021-04-18,Saint Pierre and Miquelon,AMRO,0,25,0,0
2021-04-19,Saint Pierre and Miquelon,AMRO,0,25,0,0
2021-04-20,Saint Pierre and Miquelon,AMRO,0,25,0,0
2021-04-21,Saint Pierre and Miquelon,AMRO,0,25,0,0
2021-04-22,Saint Pierre and Miquelon,AMRO,0,25,0,0
2021-04-23,Saint Pierre and Miquelon,AMRO,0,25,0,0
2021-04-24,Saint Pierre and Miquelon,AMRO,0,25,0,0
2021-04-25,Saint Pierre and Miquelon,AMRO,0,25,0,0
2021-04-26,Saint Pierre and Miquelon,AMRO,0,25,0,0
2021-04-27,Saint Pierre and Miquelon,AMRO,0,25,0,0
2021-04-28,Saint Pierre and Miquelon,AMRO,0,25,0,0
2021-04-29,Saint Pierre and Miquelon,AMRO,0,25,0,0
2021-04-30,Saint Pierre and Miquelon,AMRO,0,25,0,0
2021-05-01,Saint Pierre and Miquelon,AMRO,0,25,0,0
2021-05-02,Saint Pierre and Miquelon,AMRO,0,25,0,0
2021-05-03,Saint Pierre and Miquelon,AMRO,0,25,0,0
2021-05-04,Saint Pierre and Miquelon,AMRO,0,25,0,0
2021-05-05,Saint Pierre and Miquelon,AMRO,0,25,0,0
2021-05-06,Saint Pierre and Miquelon,AMRO,0,25,0,0
2021-05-07,Saint Pierre and Miquelon,AMRO,0,25,0,0
2021-05-08,Saint Pierre and Miquelon,AMRO,0,25,0,0
2021-05-09,Saint Pierre and Miquelon,AMRO,0,25,0,0
2021-05-10,Saint Pierre and Miquelon,AMRO,0,25,0,0
2021-05-11,Saint Pierre and Miquelon,AMRO,0,25,0,0
2021-05-12,Saint Pierre and Miquelon,AMRO,0,25,0,0
2021-05-13,Saint Pierre and Miquelon,AMRO,0,25,0,0
2021-05-14,Saint Pierre and Miquelon,AMRO,0,25,0,0
2021-05-15,Saint Pierre and Miquelon,AMRO,0,25,0,0
2021-05-16,Saint Pierre and Miquelon,AMRO,0,25,0,0
2021-05-17,Saint Pierre and Miquelon,AMRO,0,25,0,0
2021-05-18,Saint Pierre and Miquelon,AMRO,0,25,0,0
2021-05-19,Saint Pierre and Miquelon,AMRO,0,25,0,0
2021-05-20,Saint Pierre and Miquelon,AMRO,0,25,0,0
2021-05-21,Saint Pierre and Miquelon,AMRO,0,25,0,0
2021-05-22,Saint Pierre and Miquelon,AMRO,0,25,0,0
2021-05-23,Saint Pierre and Miquelon,AMRO,0,25,0,0
2021-05-24,Saint Pierre and Miquelon,AMRO,0,25,0,0
2021-05-25,Saint Pierre and Miquelon,AMRO,0,25,0,0
2021-05-26,Saint Pierre and Miquelon,AMRO,0,25,0,0
2021-05-27,Saint Pierre and Miquelon,AMRO,0,25,0,0
2021-05-28,Saint Pierre and Miquelon,AMRO,0,25,0,0
2021-05-29,Saint Pierre and Miquelon,AMRO,0,25,0,0
2021-05-30,Saint Pierre and Miquelon,AMRO,0,25,0,0
2021-01-01,Saint Vincent and the Grenadines,AMRO,4,119,0,0
2021-01-02,Saint Vincent and the Grenadines,AMRO,2,121,0,0
2021-01-03,Saint Vincent and the Grenadines,AMRO,1,122,0,0
2021-01-04,Saint Vincent and the Grenadines,AMRO,2,124,0,0
2021-01-05,Saint Vincent and the Grenadines,AMRO,0,124,0,0
2021-01-06,Saint Vincent and the Grenadines,AMRO,9,133,0,0
2021-01-07,Saint Vincent and the Grenadines,AMRO,16,149,0,0
2021-01-08,Saint Vincent and the Grenadines,AMRO,0,149,0,0
2021-01-09,Saint Vincent and the Grenadines,AMRO,55,204,0,0
2021-01-10,Saint Vincent and the Grenadines,AMRO,0,204,0,0
2021-01-11,Saint Vincent and the Grenadines,AMRO,21,225,0,0
2021-01-12,Saint Vincent and the Grenadines,AMRO,24,249,0,0
2021-01-13,Saint Vincent and the Grenadines,AMRO,4,253,0,0
2021-01-14,Saint Vincent and the Grenadines,AMRO,31,284,0,0
2021-01-15,Saint Vincent and the Grenadines,AMRO,56,340,0,0
2021-01-16,Saint Vincent and the Grenadines,AMRO,48,388,0,0
2021-01-17,Saint Vincent and the Grenadines,AMRO,62,450,1,1
2021-01-18,Saint Vincent and the Grenadines,AMRO,28,478,0,1
2021-01-19,Saint Vincent and the Grenadines,AMRO,16,494,1,2
2021-01-20,Saint Vincent and the Grenadines,AMRO,46,540,0,2
2021-01-21,Saint Vincent and the Grenadines,AMRO,62,602,0,2
2021-01-22,Saint Vincent and the Grenadines,AMRO,53,655,0,2
2021-01-23,Saint Vincent and the Grenadines,AMRO,35,690,0,2
2021-01-24,Saint Vincent and the Grenadines,AMRO,30,720,0,2
2021-01-25,Saint Vincent and the Grenadines,AMRO,18,738,0,2
2021-01-26,Saint Vincent and the Grenadines,AMRO,8,746,0,2
2021-01-27,Saint Vincent and the Grenadines,AMRO,17,763,0,2
2021-01-28,Saint Vincent and the Grenadines,AMRO,35,798,0,2
2021-01-29,Saint Vincent and the Grenadines,AMRO,29,827,0,2
2021-01-30,Saint Vincent and the Grenadines,AMRO,38,865,0,2
2021-01-31,Saint Vincent and the Grenadines,AMRO,31,896,0,2
2021-02-01,Saint Vincent and the Grenadines,AMRO,5,901,0,2
2021-02-02,Saint Vincent and the Grenadines,AMRO,50,951,0,2
2021-02-03,Saint Vincent and the Grenadines,AMRO,57,1008,0,2
2021-02-04,Saint Vincent and the Grenadines,AMRO,51,1059,0,2
2021-02-05,Saint Vincent and the Grenadines,AMRO,8,1067,1,3
2021-02-06,Saint Vincent and the Grenadines,AMRO,103,1170,0,3
2021-02-07,Saint Vincent and the Grenadines,AMRO,0,1170,0,3
2021-02-08,Saint Vincent and the Grenadines,AMRO,99,1269,1,4
2021-02-09,Saint Vincent and the Grenadines,AMRO,14,1283,0,4
2021-02-10,Saint Vincent and the Grenadines,AMRO,41,1324,0,4
2021-02-11,Saint Vincent and the Grenadines,AMRO,16,1340,2,6
2021-02-12,Saint Vincent and the Grenadines,AMRO,30,1370,0,6
2021-02-13,Saint Vincent and the Grenadines,AMRO,25,1395,0,6
2021-02-14,Saint Vincent and the Grenadines,AMRO,23,1418,0,6
2021-02-15,Saint Vincent and the Grenadines,AMRO,0,1418,0,6
2021-02-16,Saint Vincent and the Grenadines,AMRO,35,1453,0,6
2021-02-17,Saint Vincent and the Grenadines,AMRO,4,1457,0,6
2021-02-18,Saint Vincent and the Grenadines,AMRO,5,1462,0,6
2021-02-19,Saint Vincent and the Grenadines,AMRO,12,1474,0,6
2021-02-20,Saint Vincent and the Grenadines,AMRO,20,1494,0,6
2021-02-21,Saint Vincent and the Grenadines,AMRO,4,1498,0,6
2021-02-22,Saint Vincent and the Grenadines,AMRO,5,1503,0,6
2021-02-23,Saint Vincent and the Grenadines,AMRO,2,1505,0,6
2021-02-24,Saint Vincent and the Grenadines,AMRO,6,1511,0,6
2021-02-25,Saint Vincent and the Grenadines,AMRO,8,1519,0,6
2021-02-26,Saint Vincent and the Grenadines,AMRO,7,1526,0,6
2021-02-27,Saint Vincent and the Grenadines,AMRO,4,1530,2,8
2021-02-28,Saint Vincent and the Grenadines,AMRO,26,1556,0,8
2021-03-01,Saint Vincent and the Grenadines,AMRO,0,1556,0,8
2021-03-02,Saint Vincent and the Grenadines,AMRO,72,1628,0,8
2021-03-03,Saint Vincent and the Grenadines,AMRO,0,1628,0,8
2021-03-04,Saint Vincent and the Grenadines,AMRO,17,1645,0,8
2021-03-05,Saint Vincent and the Grenadines,AMRO,0,1645,0,8
2021-03-06,Saint Vincent and the Grenadines,AMRO,13,1658,0,8
2021-03-07,Saint Vincent and the Grenadines,AMRO,0,1658,0,8
2021-03-08,Saint Vincent and the Grenadines,AMRO,5,1663,0,8
2021-03-09,Saint Vincent and the Grenadines,AMRO,0,1663,0,8
2021-03-10,Saint Vincent and the Grenadines,AMRO,0,1663,0,8
2021-03-11,Saint Vincent and the Grenadines,AMRO,7,1670,0,8
2021-03-12,Saint Vincent and the Grenadines,AMRO,4,1674,0,8
2021-03-13,Saint Vincent and the Grenadines,AMRO,0,1674,0,8
2021-03-14,Saint Vincent and the Grenadines,AMRO,6,1680,0,8
2021-03-15,Saint Vincent and the Grenadines,AMRO,0,1680,1,9
2021-03-16,Saint Vincent and the Grenadines,AMRO,1,1681,0,9
2021-03-17,Saint Vincent and the Grenadines,AMRO,0,1681,0,9
2021-03-18,Saint Vincent and the Grenadines,AMRO,0,1681,0,9
2021-03-19,Saint Vincent and the Grenadines,AMRO,3,1684,0,9
2021-03-20,Saint Vincent and the Grenadines,AMRO,8,1692,0,9
2021-03-21,Saint Vincent and the Grenadines,AMRO,2,1694,0,9
2021-03-22,Saint Vincent and the Grenadines,AMRO,2,1696,0,9
2021-03-23,Saint Vincent and the Grenadines,AMRO,4,1700,1,10
2021-03-24,Saint Vincent and the Grenadines,AMRO,0,1700,0,10
2021-03-25,Saint Vincent and the Grenadines,AMRO,3,1703,0,10
2021-03-26,Saint Vincent and the Grenadines,AMRO,12,1715,0,10
2021-03-27,Saint Vincent and the Grenadines,AMRO,6,1721,0,10
2021-03-28,Saint Vincent and the Grenadines,AMRO,0,1721,0,10
2021-03-29,Saint Vincent and the Grenadines,AMRO,17,1738,0,10
2021-03-30,Saint Vincent and the Grenadines,AMRO,1,1739,0,10
2021-03-31,Saint Vincent and the Grenadines,AMRO,0,1739,0,10
2021-04-01,Saint Vincent and the Grenadines,AMRO,9,1748,0,10
2021-04-02,Saint Vincent and the Grenadines,AMRO,2,1750,0,10
2021-04-03,Saint Vincent and the Grenadines,AMRO,4,1754,0,10
2021-04-04,Saint Vincent and the Grenadines,AMRO,1,1755,0,10
2021-04-05,Saint Vincent and the Grenadines,AMRO,0,1755,0,10
2021-04-06,Saint Vincent and the Grenadines,AMRO,9,1764,0,10
2021-04-07,Saint Vincent and the Grenadines,AMRO,1,1765,0,10
2021-04-08,Saint Vincent and the Grenadines,AMRO,1,1766,0,10
2021-04-09,Saint Vincent and the Grenadines,AMRO,8,1774,0,10
2021-04-10,Saint Vincent and the Grenadines,AMRO,15,1789,0,10
2021-04-11,Saint Vincent and the Grenadines,AMRO,1,1790,0,10
2021-04-12,Saint Vincent and the Grenadines,AMRO,0,1790,0,10
2021-04-13,Saint Vincent and the Grenadines,AMRO,16,1806,0,10
2021-04-14,Saint Vincent and the Grenadines,AMRO,0,1806,0,10
2021-04-15,Saint Vincent and the Grenadines,AMRO,6,1812,0,10
2021-04-16,Saint Vincent and the Grenadines,AMRO,6,1818,0,10
2021-04-17,Saint Vincent and the Grenadines,AMRO,1,1819,0,10
2021-04-18,Saint Vincent and the Grenadines,AMRO,0,1819,0,10
2021-04-19,Saint Vincent and the Grenadines,AMRO,0,1819,0,10
2021-04-20,Saint Vincent and the Grenadines,AMRO,0,1819,0,10
2021-04-21,Saint Vincent and the Grenadines,AMRO,0,1819,0,10
2021-04-22,Saint Vincent and the Grenadines,AMRO,0,1819,0,10
2021-04-23,Saint Vincent and the Grenadines,AMRO,10,1829,0,10
2021-04-24,Saint Vincent and the Grenadines,AMRO,0,1829,0,10
2021-04-25,Saint Vincent and the Grenadines,AMRO,1,1830,0,10
2021-04-26,Saint Vincent and the Grenadines,AMRO,0,1830,0,10
2021-04-27,Saint Vincent and the Grenadines,AMRO,9,1839,0,10
2021-04-28,Saint Vincent and the Grenadines,AMRO,5,1844,1,11
2021-04-29,Saint Vincent and the Grenadines,AMRO,6,1850,0,11
2021-04-30,Saint Vincent and the Grenadines,AMRO,5,1855,0,11
2021-05-01,Saint Vincent and the Grenadines,AMRO,9,1864,0,11
2021-05-02,Saint Vincent and the Grenadines,AMRO,0,1864,0,11
2021-05-03,Saint Vincent and the Grenadines,AMRO,0,1864,0,11
2021-05-04,Saint Vincent and the Grenadines,AMRO,18,1882,0,11
2021-05-05,Saint Vincent and the Grenadines,AMRO,0,1882,0,11
2021-05-06,Saint Vincent and the Grenadines,AMRO,0,1882,0,11
2021-05-07,Saint Vincent and the Grenadines,AMRO,7,1889,1,12
2021-05-08,Saint Vincent and the Grenadines,AMRO,6,1895,0,12
2021-05-09,Saint Vincent and the Grenadines,AMRO,17,1912,0,12
2021-05-10,Saint Vincent and the Grenadines,AMRO,0,1912,0,12
2021-05-11,Saint Vincent and the Grenadines,AMRO,10,1922,0,12
2021-05-12,Saint Vincent and the Grenadines,AMRO,0,1922,0,12
2021-05-13,Saint Vincent and the Grenadines,AMRO,0,1922,0,12
2021-05-14,Saint Vincent and the Grenadines,AMRO,6,1928,0,12
2021-05-15,Saint Vincent and the Grenadines,AMRO,4,1932,0,12
2021-05-16,Saint Vincent and the Grenadines,AMRO,0,1932,0,12
2021-05-17,Saint Vincent and the Grenadines,AMRO,15,1947,0,12
2021-05-18,Saint Vincent and the Grenadines,AMRO,0,1947,0,12
2021-05-19,Saint Vincent and the Grenadines,AMRO,0,1947,0,12
2021-05-20,Saint Vincent and the Grenadines,AMRO,2,1949,0,12
2021-05-21,Saint Vincent and the Grenadines,AMRO,5,1954,0,12
2021-05-22,Saint Vincent and the Grenadines,AMRO,8,1962,0,12
2021-05-23,Saint Vincent and the Grenadines,AMRO,11,1973,0,12
2021-05-24,Saint Vincent and the Grenadines,AMRO,5,1978,0,12
2021-05-25,Saint Vincent and the Grenadines,AMRO,11,1989,0,12
2021-05-26,Saint Vincent and the Grenadines,AMRO,0,1989,0,12
2021-05-27,Saint Vincent and the Grenadines,AMRO,6,1995,0,12
2021-05-28,Saint Vincent and the Grenadines,AMRO,11,2006,0,12
2021-05-29,Saint Vincent and the Grenadines,AMRO,0,2006,0,12
2021-05-30,Saint Vincent and the Grenadines,AMRO,21,2027,0,12
2021-01-01,Samoa,WPRO,0,1,0,0
2021-01-02,Samoa,WPRO,0,1,0,0
2021-01-03,Samoa,WPRO,0,1,0,0
2021-01-04,Samoa,WPRO,0,1,0,0
2021-01-05,Samoa,WPRO,0,1,0,0
2021-01-06,Samoa,WPRO,0,1,0,0
2021-01-07,Samoa,WPRO,0,1,0,0
2021-01-08,Samoa,WPRO,0,1,0,0
2021-01-09,Samoa,WPRO,0,1,0,0
2021-01-10,Samoa,WPRO,0,1,0,0
2021-01-11,Samoa,WPRO,0,1,0,0
2021-01-12,Samoa,WPRO,0,1,0,0
2021-01-13,Samoa,WPRO,0,1,0,0
2021-01-14,Samoa,WPRO,0,1,0,0
2021-01-15,Samoa,WPRO,0,1,0,0
2021-01-16,Samoa,WPRO,0,1,0,0
2021-01-17,Samoa,WPRO,0,1,0,0
2021-01-18,Samoa,WPRO,0,1,0,0
2021-01-19,Samoa,WPRO,0,1,0,0
2021-01-20,Samoa,WPRO,0,1,0,0
2021-01-21,Samoa,WPRO,0,1,0,0
2021-01-22,Samoa,WPRO,0,1,0,0
2021-01-23,Samoa,WPRO,0,1,0,0
2021-01-24,Samoa,WPRO,0,1,0,0
2021-01-25,Samoa,WPRO,0,1,0,0
2021-01-26,Samoa,WPRO,0,1,0,0
2021-01-27,Samoa,WPRO,0,1,0,0
2021-01-28,Samoa,WPRO,0,1,0,0
2021-01-29,Samoa,WPRO,0,1,0,0
2021-01-30,Samoa,WPRO,0,1,0,0
2021-01-31,Samoa,WPRO,0,1,0,0
2021-02-01,Samoa,WPRO,0,1,0,0
2021-02-02,Samoa,WPRO,0,1,0,0
2021-02-03,Samoa,WPRO,0,1,0,0
2021-02-04,Samoa,WPRO,0,1,0,0
2021-02-05,Samoa,WPRO,0,1,0,0
2021-02-06,Samoa,WPRO,0,1,0,0
2021-02-07,Samoa,WPRO,0,1,0,0
2021-02-08,Samoa,WPRO,0,1,0,0
2021-02-09,Samoa,WPRO,0,1,0,0
2021-02-10,Samoa,WPRO,0,1,0,0
2021-02-11,Samoa,WPRO,0,1,0,0
2021-02-12,Samoa,WPRO,0,1,0,0
2021-02-13,Samoa,WPRO,0,1,0,0
2021-02-14,Samoa,WPRO,0,1,0,0
2021-02-15,Samoa,WPRO,0,1,0,0
2021-02-16,Samoa,WPRO,0,1,0,0
2021-02-17,Samoa,WPRO,0,1,0,0
2021-02-18,Samoa,WPRO,0,1,0,0
2021-02-19,Samoa,WPRO,0,1,0,0
2021-02-20,Samoa,WPRO,0,1,0,0
2021-02-21,Samoa,WPRO,0,1,0,0
2021-02-22,Samoa,WPRO,0,1,0,0
2021-02-23,Samoa,WPRO,0,1,0,0
2021-02-24,Samoa,WPRO,0,1,0,0
2021-02-25,Samoa,WPRO,0,1,0,0
2021-02-26,Samoa,WPRO,0,1,0,0
2021-02-27,Samoa,WPRO,0,1,0,0
2021-02-28,Samoa,WPRO,0,1,0,0
2021-03-01,Samoa,WPRO,0,1,0,0
2021-03-02,Samoa,WPRO,0,1,0,0
2021-03-03,Samoa,WPRO,0,1,0,0
2021-03-04,Samoa,WPRO,0,1,0,0
2021-03-05,Samoa,WPRO,0,1,0,0
2021-03-06,Samoa,WPRO,0,1,0,0
2021-03-07,Samoa,WPRO,0,1,0,0
2021-03-08,Samoa,WPRO,0,1,0,0
2021-03-09,Samoa,WPRO,0,1,0,0
2021-03-10,Samoa,WPRO,0,1,0,0
2021-03-11,Samoa,WPRO,0,1,0,0
2021-03-12,Samoa,WPRO,0,1,0,0
2021-03-13,Samoa,WPRO,0,1,0,0
2021-03-14,Samoa,WPRO,0,1,0,0
2021-03-15,Samoa,WPRO,0,1,0,0
2021-03-16,Samoa,WPRO,0,1,0,0
2021-03-17,Samoa,WPRO,0,1,0,0
2021-03-18,Samoa,WPRO,0,1,0,0
2021-03-19,Samoa,WPRO,0,1,0,0
2021-03-20,Samoa,WPRO,0,1,0,0
2021-03-21,Samoa,WPRO,0,1,0,0
2021-03-22,Samoa,WPRO,0,1,0,0
2021-03-23,Samoa,WPRO,0,1,0,0
2021-03-24,Samoa,WPRO,0,1,0,0
2021-03-25,Samoa,WPRO,0,1,0,0
2021-03-26,Samoa,WPRO,0,1,0,0
2021-03-27,Samoa,WPRO,0,1,0,0
2021-03-28,Samoa,WPRO,0,1,0,0
2021-03-29,Samoa,WPRO,0,1,0,0
2021-03-30,Samoa,WPRO,0,1,0,0
2021-03-31,Samoa,WPRO,0,1,0,0
2021-04-01,Samoa,WPRO,0,1,0,0
2021-04-02,Samoa,WPRO,0,1,0,0
2021-04-03,Samoa,WPRO,0,1,0,0
2021-04-04,Samoa,WPRO,0,1,0,0
2021-04-05,Samoa,WPRO,0,1,0,0
2021-04-06,Samoa,WPRO,0,1,0,0
2021-04-07,Samoa,WPRO,0,1,0,0
2021-04-08,Samoa,WPRO,0,1,0,0
2021-04-09,Samoa,WPRO,0,1,0,0
2021-04-10,Samoa,WPRO,0,1,0,0
2021-04-11,Samoa,WPRO,0,1,0,0
2021-04-12,Samoa,WPRO,0,1,0,0
2021-04-13,Samoa,WPRO,0,1,0,0
2021-04-14,Samoa,WPRO,0,1,0,0
2021-04-15,Samoa,WPRO,0,1,0,0
2021-04-16,Samoa,WPRO,0,1,0,0
2021-04-17,Samoa,WPRO,0,1,0,0
2021-04-18,Samoa,WPRO,0,1,0,0
2021-04-19,Samoa,WPRO,0,1,0,0
2021-04-20,Samoa,WPRO,0,1,0,0
2021-04-21,Samoa,WPRO,0,1,0,0
2021-04-22,Samoa,WPRO,0,1,0,0
2021-04-23,Samoa,WPRO,0,1,0,0
2021-04-24,Samoa,WPRO,0,1,0,0
2021-04-25,Samoa,WPRO,0,1,0,0
2021-04-26,Samoa,WPRO,0,1,0,0
2021-04-27,Samoa,WPRO,0,1,0,0
2021-04-28,Samoa,WPRO,0,1,0,0
2021-04-29,Samoa,WPRO,0,1,0,0
2021-04-30,Samoa,WPRO,0,1,0,0
2021-05-01,Samoa,WPRO,0,1,0,0
2021-05-02,Samoa,WPRO,0,1,0,0
2021-05-03,Samoa,WPRO,0,1,0,0
2021-05-04,Samoa,WPRO,0,1,0,0
2021-05-05,Samoa,WPRO,0,1,0,0
2021-05-06,Samoa,WPRO,0,1,0,0
2021-05-07,Samoa,WPRO,0,1,0,0
2021-05-08,Samoa,WPRO,0,1,0,0
2021-05-09,Samoa,WPRO,0,1,0,0
2021-05-10,Samoa,WPRO,0,1,0,0
2021-05-11,Samoa,WPRO,0,1,0,0
2021-05-12,Samoa,WPRO,0,1,0,0
2021-05-13,Samoa,WPRO,0,1,0,0
2021-05-14,Samoa,WPRO,0,1,0,0
2021-05-15,Samoa,WPRO,0,1,0,0
2021-05-16,Samoa,WPRO,0,1,0,0
2021-05-17,Samoa,WPRO,0,1,0,0
2021-05-18,Samoa,WPRO,0,1,0,0
2021-05-19,Samoa,WPRO,0,1,0,0
2021-05-20,Samoa,WPRO,0,1,0,0
2021-05-21,Samoa,WPRO,0,1,0,0
2021-05-22,Samoa,WPRO,0,1,0,0
2021-05-23,Samoa,WPRO,0,1,0,0
2021-05-24,Samoa,WPRO,0,1,0,0
2021-05-25,Samoa,WPRO,0,1,0,0
2021-05-26,Samoa,WPRO,0,1,0,0
2021-05-27,Samoa,WPRO,0,1,0,0
2021-05-28,Samoa,WPRO,0,1,0,0
2021-05-29,Samoa,WPRO,0,1,0,0
2021-05-30,Samoa,WPRO,0,1,0,0
2021-01-01,San Marino,EURO,51,2384,0,59
2021-01-02,San Marino,EURO,44,2428,0,59
2021-01-03,San Marino,EURO,35,2463,2,61
2021-01-04,San Marino,EURO,0,2463,0,61
2021-01-05,San Marino,EURO,30,2493,1,62
2021-01-06,San Marino,EURO,56,2549,0,62
2021-01-07,San Marino,EURO,0,2549,0,62
2021-01-08,San Marino,EURO,34,2583,2,64
2021-01-09,San Marino,EURO,45,2628,0,64
2021-01-10,San Marino,EURO,22,2650,0,64
2021-01-11,San Marino,EURO,0,2650,0,64
2021-01-12,San Marino,EURO,0,2650,0,64
2021-01-13,San Marino,EURO,56,2706,1,65
2021-01-14,San Marino,EURO,17,2723,0,65
2021-01-15,San Marino,EURO,15,2738,0,65
2021-01-16,San Marino,EURO,29,2767,0,65
2021-01-17,San Marino,EURO,11,2778,0,65
2021-01-18,San Marino,EURO,0,2778,0,65
2021-01-19,San Marino,EURO,9,2787,0,65
2021-01-20,San Marino,EURO,0,2787,0,65
2021-01-21,San Marino,EURO,28,2815,0,65
2021-01-22,San Marino,EURO,18,2833,0,65
2021-01-23,San Marino,EURO,28,2861,0,65
2021-01-24,San Marino,EURO,13,2874,0,65
2021-01-25,San Marino,EURO,0,2874,0,65
2021-01-26,San Marino,EURO,15,2889,0,65
2021-01-27,San Marino,EURO,26,2915,0,65
2021-01-28,San Marino,EURO,26,2941,0,65
2021-01-29,San Marino,EURO,28,2969,0,65
2021-01-30,San Marino,EURO,27,2996,0,65
2021-01-31,San Marino,EURO,29,3025,2,67
2021-02-01,San Marino,EURO,0,3025,0,67
2021-02-02,San Marino,EURO,41,3066,0,67
2021-02-03,San Marino,EURO,28,3094,1,68
2021-02-04,San Marino,EURO,17,3111,0,68
2021-02-05,San Marino,EURO,14,3125,0,68
2021-02-06,San Marino,EURO,2,3127,1,69
2021-02-07,San Marino,EURO,9,3136,0,69
2021-02-08,San Marino,EURO,1,3137,0,69
2021-02-09,San Marino,EURO,0,3137,0,69
2021-02-10,San Marino,EURO,50,3187,2,71
2021-02-11,San Marino,EURO,26,3213,0,71
2021-02-12,San Marino,EURO,34,3247,1,72
2021-02-13,San Marino,EURO,31,3278,0,72
2021-02-14,San Marino,EURO,26,3304,0,72
2021-02-15,San Marino,EURO,10,3314,0,72
2021-02-16,San Marino,EURO,3,3317,0,72
2021-02-17,San Marino,EURO,35,3352,0,72
2021-02-18,San Marino,EURO,42,3394,0,72
2021-02-19,San Marino,EURO,26,3420,0,72
2021-02-20,San Marino,EURO,20,3440,0,72
2021-02-21,San Marino,EURO,32,3472,0,72
2021-02-22,San Marino,EURO,20,3492,0,72
2021-02-23,San Marino,EURO,2,3494,0,72
2021-02-24,San Marino,EURO,44,3538,1,73
2021-02-25,San Marino,EURO,47,3585,0,73
2021-02-26,San Marino,EURO,36,3621,0,73
2021-02-27,San Marino,EURO,50,3671,0,73
2021-02-28,San Marino,EURO,45,3716,1,74
2021-03-01,San Marino,EURO,0,3716,0,74
2021-03-02,San Marino,EURO,30,3746,0,74
2021-03-03,San Marino,EURO,45,3791,0,74
2021-03-04,San Marino,EURO,38,3829,1,75
2021-03-05,San Marino,EURO,38,3867,0,75
2021-03-06,San Marino,EURO,29,3896,1,76
2021-03-07,San Marino,EURO,26,3922,0,76
2021-03-08,San Marino,EURO,13,3935,0,76
2021-03-09,San Marino,EURO,49,3984,1,77
2021-03-10,San Marino,EURO,46,4030,0,77
2021-03-11,San Marino,EURO,32,4062,0,77
2021-03-12,San Marino,EURO,34,4096,0,77
2021-03-13,San Marino,EURO,30,4126,0,77
2021-03-14,San Marino,EURO,0,4126,0,77
2021-03-15,San Marino,EURO,0,4126,0,77
2021-03-16,San Marino,EURO,25,4151,0,77
2021-03-17,San Marino,EURO,53,4204,0,77
2021-03-18,San Marino,EURO,45,4249,0,77
2021-03-19,San Marino,EURO,43,4292,1,78
2021-03-20,San Marino,EURO,36,4328,1,79
2021-03-21,San Marino,EURO,28,4356,0,79
2021-03-22,San Marino,EURO,0,4356,0,79
2021-03-23,San Marino,EURO,32,4388,0,79
2021-03-24,San Marino,EURO,45,4433,1,80
2021-03-25,San Marino,EURO,51,4484,2,82
2021-03-26,San Marino,EURO,63,4547,2,84
2021-03-27,San Marino,EURO,56,4603,0,84
2021-03-28,San Marino,EURO,23,4626,0,84
2021-03-29,San Marino,EURO,5,4631,0,84
2021-03-30,San Marino,EURO,55,4686,0,84
2021-03-31,San Marino,EURO,46,4732,0,84
2021-04-01,San Marino,EURO,6,4738,0,84
2021-04-02,San Marino,EURO,48,4786,0,84
2021-04-03,San Marino,EURO,16,4802,0,84
2021-04-04,San Marino,EURO,3,4805,0,84
2021-04-05,San Marino,EURO,59,4864,1,85
2021-04-06,San Marino,EURO,0,4864,0,85
2021-04-07,San Marino,EURO,0,4864,0,85
2021-04-08,San Marino,EURO,40,4904,0,85
2021-04-09,San Marino,EURO,28,4932,0,85
2021-04-10,San Marino,EURO,12,4944,0,85
2021-04-11,San Marino,EURO,12,4956,0,85
2021-04-12,San Marino,EURO,0,4956,0,85
2021-04-13,San Marino,EURO,6,4962,1,86
2021-04-14,San Marino,EURO,23,4985,0,86
2021-04-15,San Marino,EURO,19,5004,0,86
2021-04-16,San Marino,EURO,6,5010,0,86
2021-04-17,San Marino,EURO,0,5010,0,86
2021-04-18,San Marino,EURO,0,5010,0,86
2021-04-19,San Marino,EURO,20,5030,2,88
2021-04-20,San Marino,EURO,10,5040,0,88
2021-04-21,San Marino,EURO,4,5044,0,88
2021-04-22,San Marino,EURO,2,5046,0,88
2021-04-23,San Marino,EURO,1,5047,1,89
2021-04-24,San Marino,EURO,0,5047,0,89
2021-04-25,San Marino,EURO,0,5047,0,89
2021-04-26,San Marino,EURO,8,5055,1,90
2021-04-27,San Marino,EURO,3,5058,0,90
2021-04-28,San Marino,EURO,0,5058,0,90
2021-04-29,San Marino,EURO,2,5060,0,90
2021-04-30,San Marino,EURO,0,5060,0,90
2021-05-01,San Marino,EURO,6,5066,0,90
2021-05-02,San Marino,EURO,0,5066,0,90
2021-05-03,San Marino,EURO,1,5067,0,90
2021-05-04,San Marino,EURO,4,5071,0,90
2021-05-05,San Marino,EURO,5,5076,0,90
2021-05-06,San Marino,EURO,3,5079,0,90
2021-05-07,San Marino,EURO,0,5079,0,90
2021-05-08,San Marino,EURO,0,5079,0,90
2021-05-09,San Marino,EURO,0,5079,0,90
2021-05-10,San Marino,EURO,4,5083,0,90
2021-05-11,San Marino,EURO,0,5083,0,90
2021-05-12,San Marino,EURO,3,5086,0,90
2021-05-13,San Marino,EURO,1,5087,0,90
2021-05-14,San Marino,EURO,0,5087,0,90
2021-05-15,San Marino,EURO,0,5087,0,90
2021-05-16,San Marino,EURO,0,5087,0,90
2021-05-17,San Marino,EURO,0,5087,0,90
2021-05-18,San Marino,EURO,2,5089,0,90
2021-05-19,San Marino,EURO,0,5089,0,90
2021-05-20,San Marino,EURO,0,5089,0,90
2021-05-21,San Marino,EURO,0,5089,0,90
2021-05-22,San Marino,EURO,0,5089,0,90
2021-05-23,San Marino,EURO,0,5089,0,90
2021-05-24,San Marino,EURO,0,5089,0,90
2021-05-25,San Marino,EURO,0,5089,0,90
2021-05-26,San Marino,EURO,0,5089,0,90
2021-05-27,San Marino,EURO,1,5090,0,90
2021-05-28,San Marino,EURO,0,5090,0,90
2021-05-29,San Marino,EURO,0,5090,0,90
2021-05-30,San Marino,EURO,0,5090,0,90
2021-01-01,Sao Tome and Principe,AFRO,0,1014,0,17
2021-01-02,Sao Tome and Principe,AFRO,0,1014,0,17
2021-01-03,Sao Tome and Principe,AFRO,10,1024,0,17
2021-01-04,Sao Tome and Principe,AFRO,0,1024,0,17
2021-01-05,Sao Tome and Principe,AFRO,0,1024,0,17
2021-01-06,Sao Tome and Principe,AFRO,0,1024,0,17
2021-01-07,Sao Tome and Principe,AFRO,0,1024,0,17
2021-01-08,Sao Tome and Principe,AFRO,11,1035,0,17
2021-01-09,Sao Tome and Principe,AFRO,19,1054,0,17
2021-01-10,Sao Tome and Principe,AFRO,0,1054,0,17
2021-01-11,Sao Tome and Principe,AFRO,12,1066,0,17
2021-01-12,Sao Tome and Principe,AFRO,0,1066,0,17
2021-01-13,Sao Tome and Principe,AFRO,24,1090,0,17
2021-01-14,Sao Tome and Principe,AFRO,15,1105,0,17
2021-01-15,Sao Tome and Principe,AFRO,14,1119,0,17
2021-01-16,Sao Tome and Principe,AFRO,6,1125,0,17
2021-01-17,Sao Tome and Principe,AFRO,5,1130,0,17
2021-01-18,Sao Tome and Principe,AFRO,12,1142,0,17
2021-01-19,Sao Tome and Principe,AFRO,0,1142,0,17
2021-01-20,Sao Tome and Principe,AFRO,9,1151,0,17
2021-01-21,Sao Tome and Principe,AFRO,19,1170,0,17
2021-01-22,Sao Tome and Principe,AFRO,1,1171,0,17
2021-01-23,Sao Tome and Principe,AFRO,11,1182,0,17
2021-01-24,Sao Tome and Principe,AFRO,0,1182,0,17
2021-01-25,Sao Tome and Principe,AFRO,6,1188,0,17
2021-01-26,Sao Tome and Principe,AFRO,1,1189,0,17
2021-01-27,Sao Tome and Principe,AFRO,21,1210,0,17
2021-01-28,Sao Tome and Principe,AFRO,11,1221,0,17
2021-01-29,Sao Tome and Principe,AFRO,11,1232,0,17
2021-01-30,Sao Tome and Principe,AFRO,13,1245,0,17
2021-01-31,Sao Tome and Principe,AFRO,11,1256,0,17
2021-02-01,Sao Tome and Principe,AFRO,0,1256,0,17
2021-02-02,Sao Tome and Principe,AFRO,3,1259,0,17
2021-02-03,Sao Tome and Principe,AFRO,12,1271,0,17
2021-02-04,Sao Tome and Principe,AFRO,4,1275,0,17
2021-02-05,Sao Tome and Principe,AFRO,0,1275,0,17
2021-02-06,Sao Tome and Principe,AFRO,59,1334,1,18
2021-02-07,Sao Tome and Principe,AFRO,5,1339,0,18
2021-02-08,Sao Tome and Principe,AFRO,0,1339,0,18
2021-02-09,Sao Tome and Principe,AFRO,16,1355,0,18
2021-02-10,Sao Tome and Principe,AFRO,30,1385,0,18
2021-02-11,Sao Tome and Principe,AFRO,45,1430,0,18
2021-02-12,Sao Tome and Principe,AFRO,1,1431,1,19
2021-02-13,Sao Tome and Principe,AFRO,47,1478,0,19
2021-02-14,Sao Tome and Principe,AFRO,4,1482,0,19
2021-02-15,Sao Tome and Principe,AFRO,0,1482,0,19
2021-02-16,Sao Tome and Principe,AFRO,0,1482,0,19
2021-02-17,Sao Tome and Principe,AFRO,38,1520,0,19
2021-02-18,Sao Tome and Principe,AFRO,15,1535,1,20
2021-02-19,Sao Tome and Principe,AFRO,13,1548,0,20
2021-02-20,Sao Tome and Principe,AFRO,30,1578,0,20
2021-02-21,Sao Tome and Principe,AFRO,0,1578,1,21
2021-02-22,Sao Tome and Principe,AFRO,32,1610,0,21
2021-02-23,Sao Tome and Principe,AFRO,18,1628,1,22
2021-02-24,Sao Tome and Principe,AFRO,27,1655,4,26
2021-02-25,Sao Tome and Principe,AFRO,17,1672,1,27
2021-02-26,Sao Tome and Principe,AFRO,47,1719,0,27
2021-02-27,Sao Tome and Principe,AFRO,26,1745,1,28
2021-02-28,Sao Tome and Principe,AFRO,41,1786,0,28
2021-03-01,Sao Tome and Principe,AFRO,0,1786,1,29
2021-03-02,Sao Tome and Principe,AFRO,42,1828,1,30
2021-03-03,Sao Tome and Principe,AFRO,12,1840,0,30
2021-03-04,Sao Tome and Principe,AFRO,41,1881,0,30
2021-03-05,Sao Tome and Principe,AFRO,14,1895,0,30
2021-03-06,Sao Tome and Principe,AFRO,28,1923,1,31
2021-03-07,Sao Tome and Principe,AFRO,15,1938,0,31
2021-03-08,Sao Tome and Principe,AFRO,6,1944,1,32
2021-03-09,Sao Tome and Principe,AFRO,17,1961,0,32
2021-03-10,Sao Tome and Principe,AFRO,16,1977,0,32
2021-03-11,Sao Tome and Principe,AFRO,33,2010,0,32
2021-03-12,Sao Tome and Principe,AFRO,25,2035,0,32
2021-03-13,Sao Tome and Principe,AFRO,0,2035,0,32
2021-03-14,Sao Tome and Principe,AFRO,43,2078,0,32
2021-03-15,Sao Tome and Principe,AFRO,0,2078,0,32
2021-03-16,Sao Tome and Principe,AFRO,6,2084,0,32
2021-03-17,Sao Tome and Principe,AFRO,1,2085,0,32
2021-03-18,Sao Tome and Principe,AFRO,22,2107,1,33
2021-03-19,Sao Tome and Principe,AFRO,7,2114,1,34
2021-03-20,Sao Tome and Principe,AFRO,9,2123,0,34
2021-03-21,Sao Tome and Principe,AFRO,19,2142,0,34
2021-03-22,Sao Tome and Principe,AFRO,3,2145,0,34
2021-03-23,Sao Tome and Principe,AFRO,12,2157,0,34
2021-03-24,Sao Tome and Principe,AFRO,2,2159,0,34
2021-03-25,Sao Tome and Principe,AFRO,15,2174,0,34
2021-03-26,Sao Tome and Principe,AFRO,0,2174,0,34
2021-03-27,Sao Tome and Principe,AFRO,22,2196,0,34
2021-03-28,Sao Tome and Principe,AFRO,14,2210,0,34
2021-03-29,Sao Tome and Principe,AFRO,2,2212,0,34
2021-03-30,Sao Tome and Principe,AFRO,3,2215,0,34
2021-03-31,Sao Tome and Principe,AFRO,6,2221,0,34
2021-04-01,Sao Tome and Principe,AFRO,4,2225,0,34
2021-04-02,Sao Tome and Principe,AFRO,7,2232,0,34
2021-04-03,Sao Tome and Principe,AFRO,4,2236,0,34
2021-04-04,Sao Tome and Principe,AFRO,4,2240,1,35
2021-04-05,Sao Tome and Principe,AFRO,0,2240,0,35
2021-04-06,Sao Tome and Principe,AFRO,0,2240,0,35
2021-04-07,Sao Tome and Principe,AFRO,8,2248,0,35
2021-04-08,Sao Tome and Principe,AFRO,7,2255,0,35
2021-04-09,Sao Tome and Principe,AFRO,0,2255,0,35
2021-04-10,Sao Tome and Principe,AFRO,6,2261,0,35
2021-04-11,Sao Tome and Principe,AFRO,2,2263,0,35
2021-04-12,Sao Tome and Principe,AFRO,3,2266,0,35
2021-04-13,Sao Tome and Principe,AFRO,0,2266,0,35
2021-04-14,Sao Tome and Principe,AFRO,2,2268,0,35
2021-04-15,Sao Tome and Principe,AFRO,0,2268,0,35
2021-04-16,Sao Tome and Principe,AFRO,1,2269,0,35
2021-04-17,Sao Tome and Principe,AFRO,3,2272,0,35
2021-04-18,Sao Tome and Principe,AFRO,3,2275,0,35
2021-04-19,Sao Tome and Principe,AFRO,0,2275,0,35
2021-04-20,Sao Tome and Principe,AFRO,0,2275,0,35
2021-04-21,Sao Tome and Principe,AFRO,8,2283,0,35
2021-04-22,Sao Tome and Principe,AFRO,0,2283,0,35
2021-04-23,Sao Tome and Principe,AFRO,5,2288,0,35
2021-04-24,Sao Tome and Principe,AFRO,4,2292,0,35
2021-04-25,Sao Tome and Principe,AFRO,6,2298,0,35
2021-04-26,Sao Tome and Principe,AFRO,-1,2297,0,35
2021-04-27,Sao Tome and Principe,AFRO,1,2298,0,35
2021-04-28,Sao Tome and Principe,AFRO,0,2298,0,35
2021-04-29,Sao Tome and Principe,AFRO,3,2301,0,35
2021-04-30,Sao Tome and Principe,AFRO,0,2301,0,35
2021-05-01,Sao Tome and Principe,AFRO,1,2302,0,35
2021-05-02,Sao Tome and Principe,AFRO,8,2310,0,35
2021-05-03,Sao Tome and Principe,AFRO,0,2310,0,35
2021-05-04,Sao Tome and Principe,AFRO,0,2310,0,35
2021-05-05,Sao Tome and Principe,AFRO,1,2311,0,35
2021-05-06,Sao Tome and Principe,AFRO,3,2314,0,35
2021-05-07,Sao Tome and Principe,AFRO,3,2317,0,35
2021-05-08,Sao Tome and Principe,AFRO,0,2317,0,35
2021-05-09,Sao Tome and Principe,AFRO,1,2318,0,35
2021-05-10,Sao Tome and Principe,AFRO,0,2318,0,35
2021-05-11,Sao Tome and Principe,AFRO,1,2319,0,35
2021-05-12,Sao Tome and Principe,AFRO,1,2320,0,35
2021-05-13,Sao Tome and Principe,AFRO,0,2320,0,35
2021-05-14,Sao Tome and Principe,AFRO,0,2320,0,35
2021-05-15,Sao Tome and Principe,AFRO,4,2324,0,35
2021-05-16,Sao Tome and Principe,AFRO,3,2327,0,35
2021-05-17,Sao Tome and Principe,AFRO,0,2327,0,35
2021-05-18,Sao Tome and Principe,AFRO,3,2330,0,35
2021-05-19,Sao Tome and Principe,AFRO,1,2331,0,35
2021-05-20,Sao Tome and Principe,AFRO,1,2332,0,35
2021-05-21,Sao Tome and Principe,AFRO,1,2333,0,35
2021-05-22,Sao Tome and Principe,AFRO,1,2334,1,36
2021-05-23,Sao Tome and Principe,AFRO,0,2334,0,36
2021-05-24,Sao Tome and Principe,AFRO,2,2336,1,37
2021-05-25,Sao Tome and Principe,AFRO,0,2336,0,37
2021-05-26,Sao Tome and Principe,AFRO,1,2337,0,37
2021-05-27,Sao Tome and Principe,AFRO,1,2338,0,37
2021-05-28,Sao Tome and Principe,AFRO,0,2338,0,37
2021-05-29,Sao Tome and Principe,AFRO,6,2344,0,37
2021-05-30,Sao Tome and Principe,AFRO,1,2345,0,37
2021-01-01,Saudi Arabia,EMRO,140,362741,9,6223
2021-01-02,Saudi Arabia,EMRO,137,362878,7,6230
2021-01-03,Saudi Arabia,EMRO,101,362979,9,6239
2021-01-04,Saudi Arabia,EMRO,82,363061,7,6246
2021-01-05,Saudi Arabia,EMRO,94,363155,10,6256
2021-01-06,Saudi Arabia,EMRO,104,363259,9,6265
2021-01-07,Saudi Arabia,EMRO,118,363377,7,6272
2021-01-08,Saudi Arabia,EMRO,108,363485,6,6278
2021-01-09,Saudi Arabia,EMRO,97,363582,4,6282
2021-01-10,Saudi Arabia,EMRO,110,363692,4,6286
2021-01-11,Saudi Arabia,EMRO,117,363809,5,6291
2021-01-12,Saudi Arabia,EMRO,140,363949,4,6295
2021-01-13,Saudi Arabia,EMRO,147,364096,5,6300
2021-01-14,Saudi Arabia,EMRO,175,364271,4,6304
2021-01-15,Saudi Arabia,EMRO,169,364440,6,6310
2021-01-16,Saudi Arabia,EMRO,173,364613,3,6313
2021-01-17,Saudi Arabia,EMRO,140,364753,5,6318
2021-01-18,Saudi Arabia,EMRO,176,364929,5,6323
2021-01-19,Saudi Arabia,EMRO,170,365099,6,6329
2021-01-20,Saudi Arabia,EMRO,226,365325,6,6335
2021-01-21,Saudi Arabia,EMRO,238,365563,3,6338
2021-01-22,Saudi Arabia,EMRO,212,365775,4,6342
2021-01-23,Saudi Arabia,EMRO,213,365988,4,6346
2021-01-24,Saudi Arabia,EMRO,197,366185,4,6350
2021-01-25,Saudi Arabia,EMRO,186,366371,2,6352
2021-01-26,Saudi Arabia,EMRO,213,366584,3,6355
2021-01-27,Saudi Arabia,EMRO,223,366807,4,6359
2021-01-28,Saudi Arabia,EMRO,216,367023,4,6363
2021-01-29,Saudi Arabia,EMRO,253,367276,3,6366
2021-01-30,Saudi Arabia,EMRO,267,367543,2,6368
2021-01-31,Saudi Arabia,EMRO,270,367813,4,6372
2021-02-01,Saudi Arabia,EMRO,261,368074,3,6375
2021-02-02,Saudi Arabia,EMRO,255,368329,4,6379
2021-02-03,Saudi Arabia,EMRO,310,368639,4,6383
2021-02-04,Saudi Arabia,EMRO,306,368945,3,6386
2021-02-05,Saudi Arabia,EMRO,303,369248,3,6389
2021-02-06,Saudi Arabia,EMRO,327,369575,4,6393
2021-02-07,Saudi Arabia,EMRO,386,369961,4,6397
2021-02-08,Saudi Arabia,EMRO,317,370278,5,6402
2021-02-09,Saudi Arabia,EMRO,356,370634,4,6406
2021-02-10,Saudi Arabia,EMRO,353,370987,4,6410
2021-02-11,Saudi Arabia,EMRO,369,371356,5,6415
2021-02-12,Saudi Arabia,EMRO,364,371720,5,6420
2021-02-13,Saudi Arabia,EMRO,353,372073,4,6424
2021-02-14,Saudi Arabia,EMRO,337,372410,4,6428
2021-02-15,Saudi Arabia,EMRO,322,372732,4,6432
2021-02-16,Saudi Arabia,EMRO,314,373046,6,6438
2021-02-17,Saudi Arabia,EMRO,322,373368,3,6441
2021-02-18,Saudi Arabia,EMRO,334,373702,4,6445
2021-02-19,Saudi Arabia,EMRO,327,374029,5,6450
2021-02-20,Saudi Arabia,EMRO,337,374366,4,6454
2021-02-21,Saudi Arabia,EMRO,325,374691,3,6457
2021-02-22,Saudi Arabia,EMRO,315,375006,4,6461
2021-02-23,Saudi Arabia,EMRO,327,375333,5,6466
2021-02-24,Saudi Arabia,EMRO,335,375668,4,6470
2021-02-25,Saudi Arabia,EMRO,353,376021,5,6475
2021-02-26,Saudi Arabia,EMRO,356,376377,5,6480
2021-02-27,Saudi Arabia,EMRO,346,376723,3,6483
2021-02-28,Saudi Arabia,EMRO,338,377061,5,6488
2021-03-01,Saudi Arabia,EMRO,322,377383,6,6494
2021-03-02,Saudi Arabia,EMRO,317,377700,6,6500
2021-03-03,Saudi Arabia,EMRO,302,378002,5,6505
2021-03-04,Saudi Arabia,EMRO,331,378333,5,6510
2021-03-05,Saudi Arabia,EMRO,375,378708,4,6514
2021-03-06,Saudi Arabia,EMRO,384,379092,5,6519
2021-03-07,Saudi Arabia,EMRO,382,379474,5,6524
2021-03-08,Saudi Arabia,EMRO,357,379831,4,6528
2021-03-09,Saudi Arabia,EMRO,351,380182,6,6534
2021-03-10,Saudi Arabia,EMRO,390,380572,5,6539
2021-03-11,Saudi Arabia,EMRO,386,380958,6,6545
2021-03-12,Saudi Arabia,EMRO,390,381348,6,6551
2021-03-13,Saudi Arabia,EMRO,360,381708,5,6556
2021-03-14,Saudi Arabia,EMRO,351,382059,7,6563
2021-03-15,Saudi Arabia,EMRO,348,382407,4,6567
2021-03-16,Saudi Arabia,EMRO,345,382752,6,6573
2021-03-17,Saudi Arabia,EMRO,354,383106,5,6578
2021-03-18,Saudi Arabia,EMRO,393,383499,7,6585
2021-03-19,Saudi Arabia,EMRO,381,383880,6,6591
2021-03-20,Saudi Arabia,EMRO,391,384271,5,6596
2021-03-21,Saudi Arabia,EMRO,382,384653,6,6602
2021-03-22,Saudi Arabia,EMRO,367,385020,7,6609
2021-03-23,Saudi Arabia,EMRO,404,385424,4,6613
2021-03-24,Saudi Arabia,EMRO,410,385834,5,6618
2021-03-25,Saudi Arabia,EMRO,466,386300,6,6624
2021-03-26,Saudi Arabia,EMRO,482,386782,6,6630
2021-03-27,Saudi Arabia,EMRO,510,387292,7,6637
2021-03-28,Saudi Arabia,EMRO,502,387794,6,6643
2021-03-29,Saudi Arabia,EMRO,531,388325,7,6650
2021-03-30,Saudi Arabia,EMRO,541,388866,6,6656
2021-03-31,Saudi Arabia,EMRO,556,389422,7,6663
2021-04-01,Saudi Arabia,EMRO,585,390007,6,6669
2021-04-02,Saudi Arabia,EMRO,590,390597,7,6676
2021-04-03,Saudi Arabia,EMRO,728,391325,8,6684
2021-04-04,Saudi Arabia,EMRO,684,392009,6,6690
2021-04-05,Saudi Arabia,EMRO,673,392682,7,6697
2021-04-06,Saudi Arabia,EMRO,695,393377,7,6704
2021-04-07,Saudi Arabia,EMRO,792,394169,7,6711
2021-04-08,Saudi Arabia,EMRO,783,394952,8,6719
2021-04-09,Saudi Arabia,EMRO,902,395854,9,6728
2021-04-10,Saudi Arabia,EMRO,904,396758,9,6737
2021-04-11,Saudi Arabia,EMRO,878,397636,10,6747
2021-04-12,Saudi Arabia,EMRO,799,398435,7,6754
2021-04-13,Saudi Arabia,EMRO,842,399277,11,6765
2021-04-14,Saudi Arabia,EMRO,951,400228,8,6773
2021-04-15,Saudi Arabia,EMRO,929,401157,8,6781
2021-04-16,Saudi Arabia,EMRO,985,402142,10,6791
2021-04-17,Saudi Arabia,EMRO,964,403106,10,6801
2021-04-18,Saudi Arabia,EMRO,948,404054,9,6810
2021-04-19,Saudi Arabia,EMRO,916,404970,13,6823
2021-04-20,Saudi Arabia,EMRO,970,405940,11,6834
2021-04-21,Saudi Arabia,EMRO,1070,407010,12,6846
2021-04-22,Saudi Arabia,EMRO,1028,408038,12,6858
2021-04-23,Saudi Arabia,EMRO,1055,409093,11,6869
2021-04-24,Saudi Arabia,EMRO,1098,410191,9,6878
2021-04-25,Saudi Arabia,EMRO,1072,411263,9,6887
2021-04-26,Saudi Arabia,EMRO,953,412216,13,6900
2021-04-27,Saudi Arabia,EMRO,958,413174,13,6913
2021-04-28,Saudi Arabia,EMRO,1045,414219,9,6922
2021-04-29,Saudi Arabia,EMRO,1062,415281,13,6935
2021-04-30,Saudi Arabia,EMRO,1026,416307,11,6946
2021-05-01,Saudi Arabia,EMRO,1056,417363,11,6957
2021-05-02,Saudi Arabia,EMRO,1048,418411,11,6968
2021-05-03,Saudi Arabia,EMRO,937,419348,11,6979
2021-05-04,Saudi Arabia,EMRO,953,420301,13,6992
2021-05-05,Saudi Arabia,EMRO,999,421300,14,7006
2021-05-06,Saudi Arabia,EMRO,1016,422316,12,7018
2021-05-07,Saudi Arabia,EMRO,1090,423406,14,7032
2021-05-08,Saudi Arabia,EMRO,1039,424445,13,7045
2021-05-09,Saudi Arabia,EMRO,997,425442,14,7059
2021-05-10,Saudi Arabia,EMRO,942,426384,13,7072
2021-05-11,Saudi Arabia,EMRO,986,427370,13,7085
2021-05-12,Saudi Arabia,EMRO,999,428369,13,7098
2021-05-13,Saudi Arabia,EMRO,1020,429389,13,7111
2021-05-14,Saudi Arabia,EMRO,1116,430505,11,7122
2021-05-15,Saudi Arabia,EMRO,927,431432,12,7134
2021-05-16,Saudi Arabia,EMRO,837,432269,13,7147
2021-05-17,Saudi Arabia,EMRO,825,433094,15,7162
2021-05-18,Saudi Arabia,EMRO,886,433980,12,7174
2021-05-19,Saudi Arabia,EMRO,1047,435027,14,7188
2021-05-20,Saudi Arabia,EMRO,1213,436240,13,7201
2021-05-21,Saudi Arabia,EMRO,1329,437569,13,7214
2021-05-22,Saudi Arabia,EMRO,1136,438705,10,7224
2021-05-23,Saudi Arabia,EMRO,1142,439847,13,7237
2021-05-24,Saudi Arabia,EMRO,1067,440914,12,7249
2021-05-25,Saudi Arabia,EMRO,1157,442071,15,7264
2021-05-26,Saudi Arabia,EMRO,1389,443460,14,7278
2021-05-27,Saudi Arabia,EMRO,1320,444780,17,7295
2021-05-28,Saudi Arabia,EMRO,1183,445963,14,7309
2021-05-29,Saudi Arabia,EMRO,1215,447178,11,7320
2021-05-30,Saudi Arabia,EMRO,1106,448284,14,7334
2021-01-01,Senegal,AFRO,195,19140,8,410
2021-01-02,Senegal,AFRO,0,19140,0,410
2021-01-03,Senegal,AFRO,371,19511,6,416
2021-01-04,Senegal,AFRO,186,19697,5,421
2021-01-05,Senegal,AFRO,106,19803,3,424
2021-01-06,Senegal,AFRO,161,19964,4,428
2021-01-07,Senegal,AFRO,192,20156,5,433
2021-01-08,Senegal,AFRO,220,20376,5,438
2021-01-09,Senegal,AFRO,296,20672,8,446
2021-01-10,Senegal,AFRO,328,21000,13,459
2021-01-11,Senegal,AFRO,245,21245,6,465
2021-01-12,Senegal,AFRO,288,21533,4,469
2021-01-13,Senegal,AFRO,152,21685,11,480
2021-01-14,Senegal,AFRO,198,21883,9,489
2021-01-15,Senegal,AFRO,295,22178,7,496
2021-01-16,Senegal,AFRO,218,22396,10,506
2021-01-17,Senegal,AFRO,342,22738,3,509
2021-01-18,Senegal,AFRO,290,23028,6,515
2021-01-19,Senegal,AFRO,196,23224,11,526
2021-01-20,Senegal,AFRO,168,23392,10,536
2021-01-21,Senegal,AFRO,250,23642,10,546
2021-01-22,Senegal,AFRO,268,23910,6,552
2021-01-23,Senegal,AFRO,300,24210,9,561
2021-01-24,Senegal,AFRO,250,24460,8,569
2021-01-25,Senegal,AFRO,268,24728,6,575
2021-01-26,Senegal,AFRO,265,24993,7,582
2021-01-27,Senegal,AFRO,133,25126,10,592
2021-01-28,Senegal,AFRO,281,25407,9,601
2021-01-29,Senegal,AFRO,304,25711,13,614
2021-01-30,Senegal,AFRO,184,25895,3,617
2021-01-31,Senegal,AFRO,318,26213,4,621
2021-02-01,Senegal,AFRO,310,26523,7,628
2021-02-02,Senegal,AFRO,404,26927,10,638
2021-02-03,Senegal,AFRO,153,27080,3,641
2021-02-04,Senegal,AFRO,285,27365,7,648
2021-02-05,Senegal,AFRO,368,27733,11,659
2021-02-06,Senegal,AFRO,373,28106,7,666
2021-02-07,Senegal,AFRO,383,28489,9,675
2021-02-08,Senegal,AFRO,271,28760,7,682
2021-02-09,Senegal,AFRO,297,29057,7,689
2021-02-10,Senegal,AFRO,188,29245,11,700
2021-02-11,Senegal,AFRO,276,29521,12,712
2021-02-12,Senegal,AFRO,393,29914,12,724
2021-02-13,Senegal,AFRO,462,30376,11,735
2021-02-14,Senegal,AFRO,265,30641,6,741
2021-02-15,Senegal,AFRO,366,31007,7,748
2021-02-16,Senegal,AFRO,268,31275,6,754
2021-02-17,Senegal,AFRO,201,31476,6,760
2021-02-18,Senegal,AFRO,295,31771,9,769
2021-02-19,Senegal,AFRO,328,32099,12,781
2021-02-20,Senegal,AFRO,279,32378,6,787
2021-02-21,Senegal,AFRO,252,32630,8,795
2021-02-22,Senegal,AFRO,297,32927,13,808
2021-02-23,Senegal,AFRO,172,33099,6,814
2021-02-24,Senegal,AFRO,143,33242,18,832
2021-02-25,Senegal,AFRO,211,33453,8,840
2021-02-26,Senegal,AFRO,288,33741,12,852
2021-02-27,Senegal,AFRO,290,34031,5,857
2021-02-28,Senegal,AFRO,224,34255,9,866
2021-03-01,Senegal,AFRO,265,34520,6,872
2021-03-02,Senegal,AFRO,212,34732,8,880
2021-03-03,Senegal,AFRO,0,34732,0,880
2021-03-04,Senegal,AFRO,305,35037,16,896
2021-03-05,Senegal,AFRO,0,35037,0,896
2021-03-06,Senegal,AFRO,210,35247,2,898
2021-03-07,Senegal,AFRO,385,35632,10,908
2021-03-08,Senegal,AFRO,225,35857,11,919
2021-03-09,Senegal,AFRO,102,35959,6,925
2021-03-10,Senegal,AFRO,0,35959,0,925
2021-03-11,Senegal,AFRO,236,36195,10,935
2021-03-12,Senegal,AFRO,176,36371,6,941
2021-03-13,Senegal,AFRO,198,36569,10,951
2021-03-14,Senegal,AFRO,157,36726,4,955
2021-03-15,Senegal,AFRO,166,36892,8,963
2021-03-16,Senegal,AFRO,104,36996,15,978
2021-03-17,Senegal,AFRO,66,37062,3,981
2021-03-18,Senegal,AFRO,192,37254,9,990
2021-03-19,Senegal,AFRO,174,37428,5,995
2021-03-20,Senegal,AFRO,113,37541,8,1003
2021-03-21,Senegal,AFRO,152,37693,4,1007
2021-03-22,Senegal,AFRO,140,37833,6,1013
2021-03-23,Senegal,AFRO,87,37920,3,1016
2021-03-24,Senegal,AFRO,36,37956,4,1020
2021-03-25,Senegal,AFRO,178,38134,3,1023
2021-03-26,Senegal,AFRO,121,38255,5,1028
2021-03-27,Senegal,AFRO,99,38354,3,1031
2021-03-28,Senegal,AFRO,102,38456,3,1034
2021-03-29,Senegal,AFRO,64,38520,3,1037
2021-03-30,Senegal,AFRO,46,38566,7,1044
2021-03-31,Senegal,AFRO,52,38618,5,1049
2021-04-01,Senegal,AFRO,87,38705,2,1051
2021-04-02,Senegal,AFRO,77,38782,3,1054
2021-04-03,Senegal,AFRO,107,38889,2,1056
2021-04-04,Senegal,AFRO,64,38953,7,1063
2021-04-05,Senegal,AFRO,71,39024,0,1063
2021-04-06,Senegal,AFRO,69,39093,0,1063
2021-04-07,Senegal,AFRO,34,39127,2,1065
2021-04-08,Senegal,AFRO,37,39164,5,1070
2021-04-09,Senegal,AFRO,73,39237,3,1073
2021-04-10,Senegal,AFRO,70,39307,1,1074
2021-04-11,Senegal,AFRO,57,39364,3,1077
2021-04-12,Senegal,AFRO,67,39431,1,1078
2021-04-13,Senegal,AFRO,34,39465,1,1079
2021-04-14,Senegal,AFRO,30,39495,2,1081
2021-04-15,Senegal,AFRO,65,39560,3,1084
2021-04-16,Senegal,AFRO,46,39606,1,1085
2021-04-17,Senegal,AFRO,58,39664,2,1087
2021-04-18,Senegal,AFRO,67,39731,3,1090
2021-04-19,Senegal,AFRO,51,39782,1,1091
2021-04-20,Senegal,AFRO,39,39821,0,1091
2021-04-21,Senegal,AFRO,15,39836,4,1095
2021-04-22,Senegal,AFRO,74,39910,1,1096
2021-04-23,Senegal,AFRO,65,39975,1,1097
2021-04-24,Senegal,AFRO,47,40022,0,1097
2021-04-25,Senegal,AFRO,60,40082,2,1099
2021-04-26,Senegal,AFRO,53,40135,3,1102
2021-04-27,Senegal,AFRO,31,40166,2,1104
2021-04-28,Senegal,AFRO,27,40193,2,1106
2021-04-29,Senegal,AFRO,56,40249,1,1107
2021-04-30,Senegal,AFRO,46,40295,0,1107
2021-05-01,Senegal,AFRO,49,40344,0,1107
2021-05-02,Senegal,AFRO,44,40388,2,1109
2021-05-03,Senegal,AFRO,45,40433,1,1110
2021-05-04,Senegal,AFRO,31,40464,1,1111
2021-05-05,Senegal,AFRO,28,40492,0,1111
2021-05-06,Senegal,AFRO,52,40544,3,1114
2021-05-07,Senegal,AFRO,34,40578,2,1116
2021-05-08,Senegal,AFRO,43,40621,0,1116
2021-05-09,Senegal,AFRO,44,40665,1,1117
2021-05-10,Senegal,AFRO,27,40692,2,1119
2021-05-11,Senegal,AFRO,22,40714,1,1120
2021-05-12,Senegal,AFRO,15,40729,0,1120
2021-05-13,Senegal,AFRO,33,40762,1,1121
2021-05-14,Senegal,AFRO,28,40790,1,1122
2021-05-15,Senegal,AFRO,16,40806,0,1122
2021-05-16,Senegal,AFRO,22,40828,2,1124
2021-05-17,Senegal,AFRO,22,40850,1,1125
2021-05-18,Senegal,AFRO,22,40872,2,1127
2021-05-19,Senegal,AFRO,24,40896,1,1128
2021-05-20,Senegal,AFRO,29,40925,0,1128
2021-05-21,Senegal,AFRO,36,40961,0,1128
2021-05-22,Senegal,AFRO,62,41023,1,1129
2021-05-23,Senegal,AFRO,0,41023,0,1129
2021-05-24,Senegal,AFRO,39,41062,1,1130
2021-05-25,Senegal,AFRO,80,41142,2,1132
2021-05-26,Senegal,AFRO,16,41158,2,1134
2021-05-27,Senegal,AFRO,23,41181,1,1135
2021-05-28,Senegal,AFRO,67,41248,1,1136
2021-05-29,Senegal,AFRO,48,41296,2,1138
2021-05-30,Senegal,AFRO,35,41331,0,1138
2021-01-01,Serbia,EURO,2932,337923,48,3211
2021-01-02,Serbia,EURO,2074,339997,39,3250
2021-01-03,Serbia,EURO,1907,341904,38,3288
2021-01-04,Serbia,EURO,1966,343870,37,3325
2021-01-05,Serbia,EURO,2715,346585,39,3364
2021-01-06,Serbia,EURO,2653,349238,41,3405
2021-01-07,Serbia,EURO,2882,352120,39,3444
2021-01-08,Serbia,EURO,1787,353907,35,3479
2021-01-09,Serbia,EURO,2218,356125,34,3513
2021-01-10,Serbia,EURO,1769,357894,35,3548
2021-01-11,Serbia,EURO,1795,359689,34,3582
2021-01-12,Serbia,EURO,2093,361782,28,3610
2021-01-13,Serbia,EURO,2142,363924,29,3639
2021-01-14,Serbia,EURO,2267,366191,25,3664
2021-01-15,Serbia,EURO,1881,368072,23,3687
2021-01-16,Serbia,EURO,1751,369823,21,3708
2021-01-17,Serbia,EURO,1393,371216,22,3730
2021-01-18,Serbia,EURO,1317,372533,20,3750
2021-01-19,Serbia,EURO,1578,374111,21,3771
2021-01-20,Serbia,EURO,1688,375799,20,3791
2021-01-21,Serbia,EURO,1646,377445,19,3810
2021-01-22,Serbia,EURO,1648,379093,20,3830
2021-01-23,Serbia,EURO,1709,380802,19,3849
2021-01-24,Serbia,EURO,1483,382285,19,3868
2021-01-25,Serbia,EURO,1318,383603,18,3886
2021-01-26,Serbia,EURO,1523,385126,19,3905
2021-01-27,Serbia,EURO,2080,387206,19,3924
2021-01-28,Serbia,EURO,1839,389045,20,3944
2021-01-29,Serbia,EURO,1592,390637,21,3965
2021-01-30,Serbia,EURO,1717,392354,18,3983
2021-01-31,Serbia,EURO,1543,393897,17,4000
2021-02-01,Serbia,EURO,1366,395263,20,4020
2021-02-02,Serbia,EURO,1739,397002,18,4038
2021-02-03,Serbia,EURO,1903,398905,18,4056
2021-02-04,Serbia,EURO,1932,400837,15,4071
2021-02-05,Serbia,EURO,1863,402700,14,4085
2021-02-06,Serbia,EURO,1968,404668,14,4099
2021-02-07,Serbia,EURO,1684,406352,13,4112
2021-02-08,Serbia,EURO,1529,407881,14,4126
2021-02-09,Serbia,EURO,1960,409841,13,4139
2021-02-10,Serbia,EURO,2014,411855,15,4154
2021-02-11,Serbia,EURO,2088,413943,14,4168
2021-02-12,Serbia,EURO,2000,415943,15,4183
2021-02-13,Serbia,EURO,1928,417871,16,4199
2021-02-14,Serbia,EURO,1622,419493,15,4214
2021-02-15,Serbia,EURO,1386,420879,16,4230
2021-02-16,Serbia,EURO,1331,422210,15,4245
2021-02-17,Serbia,EURO,1810,424020,16,4261
2021-02-18,Serbia,EURO,2467,426487,16,4277
2021-02-19,Serbia,EURO,2561,429048,15,4292
2021-02-20,Serbia,EURO,2632,431680,14,4306
2021-02-21,Serbia,EURO,2442,434122,15,4321
2021-02-22,Serbia,EURO,2518,436640,16,4337
2021-02-23,Serbia,EURO,2956,439596,14,4351
2021-02-24,Serbia,EURO,3257,442853,15,4366
2021-02-25,Serbia,EURO,3460,446313,17,4383
2021-02-26,Serbia,EURO,3588,449901,15,4398
2021-02-27,Serbia,EURO,3339,453240,16,4414
2021-02-28,Serbia,EURO,3210,456450,15,4429
2021-03-01,Serbia,EURO,2809,459259,14,4443
2021-03-02,Serbia,EURO,3469,462728,16,4459
2021-03-03,Serbia,EURO,4157,466885,16,4475
2021-03-04,Serbia,EURO,4056,470941,16,4491
2021-03-05,Serbia,EURO,3866,474807,17,4508
2021-03-06,Serbia,EURO,4071,478878,17,4525
2021-03-07,Serbia,EURO,3519,482397,17,4542
2021-03-08,Serbia,EURO,3042,485439,20,4562
2021-03-09,Serbia,EURO,4091,489530,17,4579
2021-03-10,Serbia,EURO,4576,494106,20,4599
2021-03-11,Serbia,EURO,4590,498696,21,4620
2021-03-12,Serbia,EURO,4595,503291,24,4644
2021-03-13,Serbia,EURO,4668,507959,26,4670
2021-03-14,Serbia,EURO,4092,512051,24,4694
2021-03-15,Serbia,EURO,4226,516277,25,4719
2021-03-16,Serbia,EURO,4634,520911,28,4747
2021-03-17,Serbia,EURO,5201,526112,31,4778
2021-03-18,Serbia,EURO,5446,531558,32,4810
2021-03-19,Serbia,EURO,5346,536904,30,4840
2021-03-20,Serbia,EURO,5305,542209,29,4869
2021-03-21,Serbia,EURO,4687,546896,31,4900
2021-03-22,Serbia,EURO,4232,551128,34,4934
2021-03-23,Serbia,EURO,4769,555897,32,4966
2021-03-24,Serbia,EURO,5475,561372,36,5002
2021-03-25,Serbia,EURO,5297,566669,37,5039
2021-03-26,Serbia,EURO,5226,571895,36,5075
2021-03-27,Serbia,EURO,5225,577120,39,5114
2021-03-28,Serbia,EURO,4497,581617,37,5151
2021-03-29,Serbia,EURO,3889,585506,39,5190
2021-03-30,Serbia,EURO,4512,590018,41,5231
2021-03-31,Serbia,EURO,5471,595489,39,5270
2021-04-01,Serbia,EURO,5107,600596,38,5308
2021-04-02,Serbia,EURO,4810,605406,37,5345
2021-04-03,Serbia,EURO,4826,610232,39,5384
2021-04-04,Serbia,EURO,4133,614365,38,5422
2021-04-05,Serbia,EURO,3304,617669,36,5458
2021-04-06,Serbia,EURO,3706,621375,39,5497
2021-04-07,Serbia,EURO,4398,625773,40,5537
2021-04-08,Serbia,EURO,3615,629388,42,5579
2021-04-09,Serbia,EURO,3625,633013,41,5620
2021-04-10,Serbia,EURO,3405,636418,39,5659
2021-04-11,Serbia,EURO,3058,639476,41,5700
2021-04-12,Serbia,EURO,2732,642208,35,5735
2021-04-13,Serbia,EURO,2965,645173,38,5773
2021-04-14,Serbia,EURO,3572,648745,35,5808
2021-04-15,Serbia,EURO,3154,651899,38,5846
2021-04-16,Serbia,EURO,2971,654870,35,5881
2021-04-17,Serbia,EURO,2846,657716,39,5920
2021-04-18,Serbia,EURO,2583,660299,34,5954
2021-04-19,Serbia,EURO,2069,662368,37,5991
2021-04-20,Serbia,EURO,2604,664972,35,6026
2021-04-21,Serbia,EURO,2965,667937,32,6058
2021-04-22,Serbia,EURO,2864,670801,37,6095
2021-04-23,Serbia,EURO,2719,673520,35,6130
2021-04-24,Serbia,EURO,2384,675904,34,6164
2021-04-25,Serbia,EURO,2068,677972,32,6196
2021-04-26,Serbia,EURO,1695,679667,31,6227
2021-04-27,Serbia,EURO,1987,681654,30,6257
2021-04-28,Serbia,EURO,2145,683799,29,6286
2021-04-29,Serbia,EURO,2138,685937,26,6312
2021-04-30,Serbia,EURO,2007,687944,25,6337
2021-05-01,Serbia,EURO,1613,689557,25,6362
2021-05-02,Serbia,EURO,1374,690931,24,6386
2021-05-03,Serbia,EURO,989,691920,23,6409
2021-05-04,Serbia,EURO,1249,693169,23,6432
2021-05-05,Serbia,EURO,1304,694473,24,6456
2021-05-06,Serbia,EURO,1402,695875,22,6478
2021-05-07,Serbia,EURO,1366,697241,21,6499
2021-05-08,Serbia,EURO,1277,698518,20,6519
2021-05-09,Serbia,EURO,1056,699574,20,6539
2021-05-10,Serbia,EURO,834,700408,19,6558
2021-05-11,Serbia,EURO,918,701326,18,6576
2021-05-12,Serbia,EURO,1125,702451,18,6594
2021-05-13,Serbia,EURO,1046,703497,17,6611
2021-05-14,Serbia,EURO,901,704398,18,6629
2021-05-15,Serbia,EURO,787,705185,17,6646
2021-05-16,Serbia,EURO,705,705890,18,6664
2021-05-17,Serbia,EURO,568,706458,17,6681
2021-05-18,Serbia,EURO,575,707033,15,6696
2021-05-19,Serbia,EURO,686,707719,14,6710
2021-05-20,Serbia,EURO,609,708328,15,6725
2021-05-21,Serbia,EURO,550,708878,14,6739
2021-05-22,Serbia,EURO,391,709269,13,6752
2021-05-23,Serbia,EURO,404,709673,14,6766
2021-05-24,Serbia,EURO,266,709939,11,6777
2021-05-25,Serbia,EURO,376,710315,11,6788
2021-05-26,Serbia,EURO,414,710729,13,6801
2021-05-27,Serbia,EURO,387,711116,10,6811
2021-05-28,Serbia,EURO,326,711442,12,6823
2021-05-29,Serbia,EURO,330,711772,11,6834
2021-05-30,Serbia,EURO,274,712046,10,6844
2021-01-01,Seychelles,AFRO,41,267,0,0
2021-01-02,Seychelles,AFRO,0,267,0,0
2021-01-03,Seychelles,AFRO,17,284,0,0
2021-01-04,Seychelles,AFRO,12,296,0,0
2021-01-05,Seychelles,AFRO,26,322,1,1
2021-01-06,Seychelles,AFRO,24,346,0,1
2021-01-07,Seychelles,AFRO,27,373,0,1
2021-01-08,Seychelles,AFRO,45,418,0,1
2021-01-09,Seychelles,AFRO,30,448,0,1
2021-01-10,Seychelles,AFRO,54,502,0,1
2021-01-11,Seychelles,AFRO,23,525,0,1
2021-01-12,Seychelles,AFRO,52,577,0,1
2021-01-13,Seychelles,AFRO,0,577,0,1
2021-01-14,Seychelles,AFRO,33,610,0,1
2021-01-15,Seychelles,AFRO,16,626,0,1
2021-01-16,Seychelles,AFRO,0,626,0,1
2021-01-17,Seychelles,AFRO,63,689,0,1
2021-01-18,Seychelles,AFRO,-1,688,1,2
2021-01-19,Seychelles,AFRO,58,746,0,2
2021-01-20,Seychelles,AFRO,16,762,0,2
2021-01-21,Seychelles,AFRO,82,844,1,3
2021-01-22,Seychelles,AFRO,22,866,0,3
2021-01-23,Seychelles,AFRO,106,972,0,3
2021-01-24,Seychelles,AFRO,61,1033,0,3
2021-01-25,Seychelles,AFRO,0,1033,0,3
2021-01-26,Seychelles,AFRO,36,1069,0,3
2021-01-27,Seychelles,AFRO,47,1116,0,3
2021-01-28,Seychelles,AFRO,14,1130,0,3
2021-01-29,Seychelles,AFRO,0,1130,0,3
2021-01-30,Seychelles,AFRO,27,1157,0,3
2021-01-31,Seychelles,AFRO,29,1186,0,3
2021-02-01,Seychelles,AFRO,15,1201,1,4
2021-02-02,Seychelles,AFRO,4,1205,0,4
2021-02-03,Seychelles,AFRO,38,1243,1,5
2021-02-04,Seychelles,AFRO,0,1243,0,5
2021-02-05,Seychelles,AFRO,36,1279,0,5
2021-02-06,Seychelles,AFRO,10,1289,0,5
2021-02-07,Seychelles,AFRO,215,1504,1,6
2021-02-08,Seychelles,AFRO,9,1513,1,7
2021-02-09,Seychelles,AFRO,62,1575,0,7
2021-02-10,Seychelles,AFRO,0,1575,0,7
2021-02-11,Seychelles,AFRO,120,1695,0,7
2021-02-12,Seychelles,AFRO,0,1695,0,7
2021-02-13,Seychelles,AFRO,107,1802,0,7
2021-02-14,Seychelles,AFRO,90,1892,1,8
2021-02-15,Seychelles,AFRO,0,1892,0,8
2021-02-16,Seychelles,AFRO,95,1987,1,9
2021-02-17,Seychelles,AFRO,0,1987,0,9
2021-02-18,Seychelles,AFRO,224,2211,1,10
2021-02-19,Seychelles,AFRO,53,2264,0,10
2021-02-20,Seychelles,AFRO,0,2264,0,10
2021-02-21,Seychelles,AFRO,64,2328,0,10
2021-02-22,Seychelles,AFRO,73,2401,0,10
2021-02-23,Seychelles,AFRO,63,2464,1,11
2021-02-24,Seychelles,AFRO,0,2464,0,11
2021-02-25,Seychelles,AFRO,98,2562,0,11
2021-02-26,Seychelles,AFRO,0,2562,0,11
2021-02-27,Seychelles,AFRO,0,2562,0,11
2021-02-28,Seychelles,AFRO,30,2592,0,11
2021-03-01,Seychelles,AFRO,26,2618,0,11
2021-03-02,Seychelles,AFRO,0,2618,0,11
2021-03-03,Seychelles,AFRO,0,2618,0,11
2021-03-04,Seychelles,AFRO,231,2849,0,11
2021-03-05,Seychelles,AFRO,0,2849,0,11
2021-03-06,Seychelles,AFRO,41,2890,2,13
2021-03-07,Seychelles,AFRO,60,2950,1,14
2021-03-08,Seychelles,AFRO,29,2979,0,14
2021-03-09,Seychelles,AFRO,10,2989,0,14
2021-03-10,Seychelles,AFRO,0,2989,0,14
2021-03-11,Seychelles,AFRO,11,3000,0,14
2021-03-12,Seychelles,AFRO,87,3087,1,15
2021-03-13,Seychelles,AFRO,45,3132,0,15
2021-03-14,Seychelles,AFRO,41,3173,0,15
2021-03-15,Seychelles,AFRO,59,3232,0,15
2021-03-16,Seychelles,AFRO,83,3315,1,16
2021-03-17,Seychelles,AFRO,0,3315,0,16
2021-03-18,Seychelles,AFRO,39,3354,0,16
2021-03-19,Seychelles,AFRO,32,3386,0,16
2021-03-20,Seychelles,AFRO,180,3566,0,16
2021-03-21,Seychelles,AFRO,50,3616,0,16
2021-03-22,Seychelles,AFRO,154,3770,0,16
2021-03-23,Seychelles,AFRO,28,3798,0,16
2021-03-24,Seychelles,AFRO,30,3828,0,16
2021-03-25,Seychelles,AFRO,34,3862,2,18
2021-03-26,Seychelles,AFRO,20,3882,0,18
2021-03-27,Seychelles,AFRO,114,3996,0,18
2021-03-28,Seychelles,AFRO,58,4054,0,18
2021-03-29,Seychelles,AFRO,30,4084,2,20
2021-03-30,Seychelles,AFRO,30,4114,0,20
2021-03-31,Seychelles,AFRO,0,4114,0,20
2021-04-01,Seychelles,AFRO,75,4189,1,21
2021-04-02,Seychelles,AFRO,41,4230,1,22
2021-04-03,Seychelles,AFRO,29,4259,0,22
2021-04-04,Seychelles,AFRO,35,4294,0,22
2021-04-05,Seychelles,AFRO,0,4294,0,22
2021-04-06,Seychelles,AFRO,36,4330,0,22
2021-04-07,Seychelles,AFRO,25,4355,0,22
2021-04-08,Seychelles,AFRO,12,4367,0,22
2021-04-09,Seychelles,AFRO,28,4395,1,23
2021-04-10,Seychelles,AFRO,0,4395,0,23
2021-04-11,Seychelles,AFRO,95,4490,1,24
2021-04-12,Seychelles,AFRO,38,4528,0,24
2021-04-13,Seychelles,AFRO,35,4563,0,24
2021-04-14,Seychelles,AFRO,0,4563,0,24
2021-04-15,Seychelles,AFRO,70,4633,1,25
2021-04-16,Seychelles,AFRO,94,4727,0,25
2021-04-17,Seychelles,AFRO,38,4765,0,25
2021-04-18,Seychelles,AFRO,69,4834,0,25
2021-04-19,Seychelles,AFRO,41,4875,0,25
2021-04-20,Seychelles,AFRO,47,4922,0,25
2021-04-21,Seychelles,AFRO,54,4976,0,25
2021-04-22,Seychelles,AFRO,40,5016,0,25
2021-04-23,Seychelles,AFRO,0,5016,0,25
2021-04-24,Seychelles,AFRO,0,5016,0,25
2021-04-25,Seychelles,AFRO,0,5016,0,25
2021-04-26,Seychelles,AFRO,124,5140,2,27
2021-04-27,Seychelles,AFRO,282,5422,0,27
2021-04-28,Seychelles,AFRO,78,5500,0,27
2021-04-29,Seychelles,AFRO,102,5602,0,27
2021-04-30,Seychelles,AFRO,236,5838,0,27
2021-05-01,Seychelles,AFRO,128,5966,0,27
2021-05-02,Seychelles,AFRO,140,6106,1,28
2021-05-03,Seychelles,AFRO,164,6270,0,28
2021-05-04,Seychelles,AFRO,82,6352,0,28
2021-05-05,Seychelles,AFRO,356,6708,0,28
2021-05-06,Seychelles,AFRO,484,7192,0,28
2021-05-07,Seychelles,AFRO,483,7675,0,28
2021-05-08,Seychelles,AFRO,394,8069,0,28
2021-05-09,Seychelles,AFRO,228,8297,0,28
2021-05-10,Seychelles,AFRO,210,8507,0,28
2021-05-11,Seychelles,AFRO,189,8696,0,28
2021-05-12,Seychelles,AFRO,177,8873,2,30
2021-05-13,Seychelles,AFRO,208,9081,0,30
2021-05-14,Seychelles,AFRO,170,9251,0,30
2021-05-15,Seychelles,AFRO,189,9440,0,30
2021-05-16,Seychelles,AFRO,221,9661,0,30
2021-05-17,Seychelles,AFRO,80,9741,0,30
2021-05-18,Seychelles,AFRO,159,9900,5,35
2021-05-19,Seychelles,AFRO,190,10090,0,35
2021-05-20,Seychelles,AFRO,104,10194,0,35
2021-05-21,Seychelles,AFRO,103,10297,3,38
2021-05-22,Seychelles,AFRO,136,10433,0,38
2021-05-23,Seychelles,AFRO,0,10433,0,38
2021-05-24,Seychelles,AFRO,236,10669,0,38
2021-05-25,Seychelles,AFRO,13,10682,0,38
2021-05-26,Seychelles,AFRO,108,10790,0,38
2021-05-27,Seychelles,AFRO,211,11001,0,38
2021-05-28,Seychelles,AFRO,111,11112,0,38
2021-05-29,Seychelles,AFRO,159,11271,0,38
2021-05-30,Seychelles,AFRO,102,11373,2,40
2021-01-01,Sierra Leone,AFRO,0,2560,0,76
2021-01-02,Sierra Leone,AFRO,0,2560,0,76
2021-01-03,Sierra Leone,AFRO,0,2560,0,76
2021-01-04,Sierra Leone,AFRO,113,2673,0,76
2021-01-05,Sierra Leone,AFRO,0,2673,0,76
2021-01-06,Sierra Leone,AFRO,51,2724,0,76
2021-01-07,Sierra Leone,AFRO,15,2739,0,76
2021-01-08,Sierra Leone,AFRO,18,2757,1,77
2021-01-09,Sierra Leone,AFRO,25,2782,0,77
2021-01-10,Sierra Leone,AFRO,21,2803,0,77
2021-01-11,Sierra Leone,AFRO,31,2834,0,77
2021-01-12,Sierra Leone,AFRO,12,2846,0,77
2021-01-13,Sierra Leone,AFRO,18,2864,0,77
2021-01-14,Sierra Leone,AFRO,23,2887,0,77
2021-01-15,Sierra Leone,AFRO,46,2933,0,77
2021-01-16,Sierra Leone,AFRO,26,2959,0,77
2021-01-17,Sierra Leone,AFRO,11,2970,0,77
2021-01-18,Sierra Leone,AFRO,36,3006,0,77
2021-01-19,Sierra Leone,AFRO,8,3014,0,77
2021-01-20,Sierra Leone,AFRO,16,3030,0,77
2021-01-21,Sierra Leone,AFRO,21,3051,0,77
2021-01-22,Sierra Leone,AFRO,30,3081,0,77
2021-01-23,Sierra Leone,AFRO,12,3093,0,77
2021-01-24,Sierra Leone,AFRO,27,3120,0,77
2021-01-25,Sierra Leone,AFRO,19,3139,0,77
2021-01-26,Sierra Leone,AFRO,34,3173,0,77
2021-01-27,Sierra Leone,AFRO,21,3194,0,77
2021-01-28,Sierra Leone,AFRO,42,3236,0,77
2021-01-29,Sierra Leone,AFRO,46,3282,0,77
2021-01-30,Sierra Leone,AFRO,100,3382,2,79
2021-01-31,Sierra Leone,AFRO,146,3528,0,79
2021-02-01,Sierra Leone,AFRO,65,3593,0,79
2021-02-02,Sierra Leone,AFRO,41,3634,0,79
2021-02-03,Sierra Leone,AFRO,26,3660,0,79
2021-02-04,Sierra Leone,AFRO,39,3699,0,79
2021-02-05,Sierra Leone,AFRO,29,3728,0,79
2021-02-06,Sierra Leone,AFRO,31,3759,0,79
2021-02-07,Sierra Leone,AFRO,0,3759,0,79
2021-02-08,Sierra Leone,AFRO,26,3785,0,79
2021-02-09,Sierra Leone,AFRO,4,3789,0,79
2021-02-10,Sierra Leone,AFRO,0,3789,0,79
2021-02-11,Sierra Leone,AFRO,14,3803,0,79
2021-02-12,Sierra Leone,AFRO,10,3813,0,79
2021-02-13,Sierra Leone,AFRO,4,3817,0,79
2021-02-14,Sierra Leone,AFRO,4,3821,0,79
2021-02-15,Sierra Leone,AFRO,0,3821,0,79
2021-02-16,Sierra Leone,AFRO,2,3823,0,79
2021-02-17,Sierra Leone,AFRO,2,3825,0,79
2021-02-18,Sierra Leone,AFRO,0,3825,0,79
2021-02-19,Sierra Leone,AFRO,4,3829,0,79
2021-02-20,Sierra Leone,AFRO,12,3841,0,79
2021-02-21,Sierra Leone,AFRO,8,3849,0,79
2021-02-22,Sierra Leone,AFRO,6,3855,0,79
2021-02-23,Sierra Leone,AFRO,2,3857,0,79
2021-02-24,Sierra Leone,AFRO,5,3862,0,79
2021-02-25,Sierra Leone,AFRO,18,3880,0,79
2021-02-26,Sierra Leone,AFRO,4,3884,0,79
2021-02-27,Sierra Leone,AFRO,0,3884,0,79
2021-02-28,Sierra Leone,AFRO,3,3887,0,79
2021-03-01,Sierra Leone,AFRO,0,3887,0,79
2021-03-02,Sierra Leone,AFRO,0,3887,0,79
2021-03-03,Sierra Leone,AFRO,2,3889,0,79
2021-03-04,Sierra Leone,AFRO,11,3900,0,79
2021-03-05,Sierra Leone,AFRO,0,3900,0,79
2021-03-06,Sierra Leone,AFRO,9,3909,0,79
2021-03-07,Sierra Leone,AFRO,9,3918,0,79
2021-03-08,Sierra Leone,AFRO,2,3920,0,79
2021-03-09,Sierra Leone,AFRO,1,3921,0,79
2021-03-10,Sierra Leone,AFRO,1,3922,0,79
2021-03-11,Sierra Leone,AFRO,6,3928,0,79
2021-03-12,Sierra Leone,AFRO,4,3932,0,79
2021-03-13,Sierra Leone,AFRO,2,3934,0,79
2021-03-14,Sierra Leone,AFRO,3,3937,0,79
2021-03-15,Sierra Leone,AFRO,0,3937,0,79
2021-03-16,Sierra Leone,AFRO,1,3938,0,79
2021-03-17,Sierra Leone,AFRO,1,3939,0,79
2021-03-18,Sierra Leone,AFRO,3,3942,0,79
2021-03-19,Sierra Leone,AFRO,5,3947,0,79
2021-03-20,Sierra Leone,AFRO,0,3947,0,79
2021-03-21,Sierra Leone,AFRO,1,3948,0,79
2021-03-22,Sierra Leone,AFRO,0,3948,0,79
2021-03-23,Sierra Leone,AFRO,0,3948,0,79
2021-03-24,Sierra Leone,AFRO,1,3949,0,79
2021-03-25,Sierra Leone,AFRO,4,3953,0,79
2021-03-26,Sierra Leone,AFRO,0,3953,0,79
2021-03-27,Sierra Leone,AFRO,9,3962,0,79
2021-03-28,Sierra Leone,AFRO,0,3962,0,79
2021-03-29,Sierra Leone,AFRO,8,3970,0,79
2021-03-30,Sierra Leone,AFRO,0,3970,0,79
2021-03-31,Sierra Leone,AFRO,0,3970,0,79
2021-04-01,Sierra Leone,AFRO,10,3980,0,79
2021-04-02,Sierra Leone,AFRO,1,3981,0,79
2021-04-03,Sierra Leone,AFRO,6,3987,0,79
2021-04-04,Sierra Leone,AFRO,0,3987,0,79
2021-04-05,Sierra Leone,AFRO,1,3988,0,79
2021-04-06,Sierra Leone,AFRO,1,3989,0,79
2021-04-07,Sierra Leone,AFRO,1,3990,0,79
2021-04-08,Sierra Leone,AFRO,3,3993,0,79
2021-04-09,Sierra Leone,AFRO,0,3993,0,79
2021-04-10,Sierra Leone,AFRO,0,3993,0,79
2021-04-11,Sierra Leone,AFRO,0,3993,0,79
2021-04-12,Sierra Leone,AFRO,12,4005,0,79
2021-04-13,Sierra Leone,AFRO,3,4008,0,79
2021-04-14,Sierra Leone,AFRO,1,4009,0,79
2021-04-15,Sierra Leone,AFRO,4,4013,0,79
2021-04-16,Sierra Leone,AFRO,3,4016,0,79
2021-04-17,Sierra Leone,AFRO,0,4016,0,79
2021-04-18,Sierra Leone,AFRO,4,4020,0,79
2021-04-19,Sierra Leone,AFRO,8,4028,0,79
2021-04-20,Sierra Leone,AFRO,10,4038,0,79
2021-04-21,Sierra Leone,AFRO,3,4041,0,79
2021-04-22,Sierra Leone,AFRO,1,4042,0,79
2021-04-23,Sierra Leone,AFRO,2,4044,0,79
2021-04-24,Sierra Leone,AFRO,0,4044,0,79
2021-04-25,Sierra Leone,AFRO,0,4044,0,79
2021-04-26,Sierra Leone,AFRO,0,4044,0,79
2021-04-27,Sierra Leone,AFRO,2,4046,0,79
2021-04-28,Sierra Leone,AFRO,0,4046,0,79
2021-04-29,Sierra Leone,AFRO,3,4049,0,79
2021-04-30,Sierra Leone,AFRO,4,4053,0,79
2021-05-01,Sierra Leone,AFRO,1,4054,0,79
2021-05-02,Sierra Leone,AFRO,3,4057,0,79
2021-05-03,Sierra Leone,AFRO,0,4057,0,79
2021-05-04,Sierra Leone,AFRO,5,4062,0,79
2021-05-05,Sierra Leone,AFRO,6,4068,0,79
2021-05-06,Sierra Leone,AFRO,0,4068,0,79
2021-05-07,Sierra Leone,AFRO,0,4068,0,79
2021-05-08,Sierra Leone,AFRO,0,4068,0,79
2021-05-09,Sierra Leone,AFRO,0,4068,0,79
2021-05-10,Sierra Leone,AFRO,0,4068,0,79
2021-05-11,Sierra Leone,AFRO,21,4089,0,79
2021-05-12,Sierra Leone,AFRO,0,4089,0,79
2021-05-13,Sierra Leone,AFRO,1,4090,0,79
2021-05-14,Sierra Leone,AFRO,6,4096,0,79
2021-05-15,Sierra Leone,AFRO,0,4096,0,79
2021-05-16,Sierra Leone,AFRO,7,4103,0,79
2021-05-17,Sierra Leone,AFRO,2,4105,0,79
2021-05-18,Sierra Leone,AFRO,4,4109,0,79
2021-05-19,Sierra Leone,AFRO,2,4111,0,79
2021-05-20,Sierra Leone,AFRO,4,4115,0,79
2021-05-21,Sierra Leone,AFRO,0,4115,0,79
2021-05-22,Sierra Leone,AFRO,2,4117,0,79
2021-05-23,Sierra Leone,AFRO,0,4117,0,79
2021-05-24,Sierra Leone,AFRO,4,4121,0,79
2021-05-25,Sierra Leone,AFRO,0,4121,0,79
2021-05-26,Sierra Leone,AFRO,0,4121,0,79
2021-05-27,Sierra Leone,AFRO,9,4130,0,79
2021-05-28,Sierra Leone,AFRO,0,4130,0,79
2021-05-29,Sierra Leone,AFRO,10,4140,0,79
2021-05-30,Sierra Leone,AFRO,0,4140,0,79
2021-01-01,Singapore,WPRO,30,58599,0,29
2021-01-02,Singapore,WPRO,30,58629,0,29
2021-01-03,Singapore,WPRO,33,58662,0,29
2021-01-04,Singapore,WPRO,35,58697,0,29
2021-01-05,Singapore,WPRO,24,58721,0,29
2021-01-06,Singapore,WPRO,28,58749,0,29
2021-01-07,Singapore,WPRO,31,58780,0,29
2021-01-08,Singapore,WPRO,33,58813,0,29
2021-01-09,Singapore,WPRO,23,58836,0,29
2021-01-10,Singapore,WPRO,29,58865,0,29
2021-01-11,Singapore,WPRO,42,58907,0,29
2021-01-12,Singapore,WPRO,22,58929,0,29
2021-01-13,Singapore,WPRO,17,58946,0,29
2021-01-14,Singapore,WPRO,38,58984,0,29
2021-01-15,Singapore,WPRO,45,59029,0,29
2021-01-16,Singapore,WPRO,30,59059,0,29
2021-01-17,Singapore,WPRO,24,59083,0,29
2021-01-18,Singapore,WPRO,30,59113,0,29
2021-01-19,Singapore,WPRO,14,59127,0,29
2021-01-20,Singapore,WPRO,30,59157,0,29
2021-01-21,Singapore,WPRO,40,59197,0,29
2021-01-22,Singapore,WPRO,38,59235,0,29
2021-01-23,Singapore,WPRO,15,59250,0,29
2021-01-24,Singapore,WPRO,10,59260,0,29
2021-01-25,Singapore,WPRO,48,59308,0,29
2021-01-26,Singapore,WPRO,44,59352,0,29
2021-01-27,Singapore,WPRO,14,59366,0,29
2021-01-28,Singapore,WPRO,25,59391,0,29
2021-01-29,Singapore,WPRO,34,59425,0,29
2021-01-30,Singapore,WPRO,24,59449,0,29
2021-01-31,Singapore,WPRO,58,59507,0,29
2021-02-01,Singapore,WPRO,29,59536,0,29
2021-02-02,Singapore,WPRO,29,59565,0,29
2021-02-03,Singapore,WPRO,19,59584,0,29
2021-02-04,Singapore,WPRO,18,59602,0,29
2021-02-05,Singapore,WPRO,22,59624,0,29
2021-02-06,Singapore,WPRO,25,59649,0,29
2021-02-07,Singapore,WPRO,26,59675,0,29
2021-02-08,Singapore,WPRO,24,59699,0,29
2021-02-09,Singapore,WPRO,22,59721,0,29
2021-02-10,Singapore,WPRO,11,59732,0,29
2021-02-11,Singapore,WPRO,15,59747,0,29
2021-02-12,Singapore,WPRO,12,59759,0,29
2021-02-13,Singapore,WPRO,18,59777,0,29
2021-02-14,Singapore,WPRO,9,59786,0,29
2021-02-15,Singapore,WPRO,14,59800,0,29
2021-02-16,Singapore,WPRO,9,59809,0,29
2021-02-17,Singapore,WPRO,1,59810,0,29
2021-02-18,Singapore,WPRO,11,59821,0,29
2021-02-19,Singapore,WPRO,11,59832,0,29
2021-02-20,Singapore,WPRO,14,59846,0,29
2021-02-21,Singapore,WPRO,12,59858,0,29
2021-02-22,Singapore,WPRO,11,59869,0,29
2021-02-23,Singapore,WPRO,10,59879,0,29
2021-02-24,Singapore,WPRO,4,59883,0,29
2021-02-25,Singapore,WPRO,7,59890,0,29
2021-02-26,Singapore,WPRO,10,59900,0,29
2021-02-27,Singapore,WPRO,13,59913,0,29
2021-02-28,Singapore,WPRO,12,59925,0,29
2021-03-01,Singapore,WPRO,11,59936,0,29
2021-03-02,Singapore,WPRO,12,59948,0,29
2021-03-03,Singapore,WPRO,8,59956,0,29
2021-03-04,Singapore,WPRO,23,59979,0,29
2021-03-05,Singapore,WPRO,19,59998,0,29
2021-03-06,Singapore,WPRO,9,60007,0,29
2021-03-07,Singapore,WPRO,13,60020,0,29
2021-03-08,Singapore,WPRO,13,60033,0,29
2021-03-09,Singapore,WPRO,13,60046,0,29
2021-03-10,Singapore,WPRO,6,60052,0,29
2021-03-11,Singapore,WPRO,10,60062,0,29
2021-03-12,Singapore,WPRO,8,60070,0,29
2021-03-13,Singapore,WPRO,10,60080,0,29
2021-03-14,Singapore,WPRO,8,60088,1,30
2021-03-15,Singapore,WPRO,17,60105,0,30
2021-03-16,Singapore,WPRO,12,60117,0,30
2021-03-17,Singapore,WPRO,11,60128,0,30
2021-03-18,Singapore,WPRO,9,60137,0,30
2021-03-19,Singapore,WPRO,15,60152,0,30
2021-03-20,Singapore,WPRO,15,60167,0,30
2021-03-21,Singapore,WPRO,17,60184,0,30
2021-03-22,Singapore,WPRO,12,60196,0,30
2021-03-23,Singapore,WPRO,12,60208,0,30
2021-03-24,Singapore,WPRO,13,60221,0,30
2021-03-25,Singapore,WPRO,15,60236,0,30
2021-03-26,Singapore,WPRO,17,60253,0,30
2021-03-27,Singapore,WPRO,12,60265,0,30
2021-03-28,Singapore,WPRO,23,60288,0,30
2021-03-29,Singapore,WPRO,12,60300,0,30
2021-03-30,Singapore,WPRO,21,60321,0,30
2021-03-31,Singapore,WPRO,26,60347,0,30
2021-04-01,Singapore,WPRO,34,60381,0,30
2021-04-02,Singapore,WPRO,26,60407,0,30
2021-04-03,Singapore,WPRO,43,60450,0,30
2021-04-04,Singapore,WPRO,18,60468,0,30
2021-04-05,Singapore,WPRO,10,60478,0,30
2021-04-06,Singapore,WPRO,17,60495,0,30
2021-04-07,Singapore,WPRO,24,60519,0,30
2021-04-08,Singapore,WPRO,35,60554,0,30
2021-04-09,Singapore,WPRO,21,60575,0,30
2021-04-10,Singapore,WPRO,26,60601,0,30
2021-04-11,Singapore,WPRO,32,60633,0,30
2021-04-12,Singapore,WPRO,20,60653,0,30
2021-04-13,Singapore,WPRO,25,60678,0,30
2021-04-14,Singapore,WPRO,14,60692,0,30
2021-04-15,Singapore,WPRO,27,60719,0,30
2021-04-16,Singapore,WPRO,16,60735,0,30
2021-04-17,Singapore,WPRO,34,60769,0,30
2021-04-18,Singapore,WPRO,39,60808,0,30
2021-04-19,Singapore,WPRO,23,60831,0,30
2021-04-20,Singapore,WPRO,20,60851,0,30
2021-04-21,Singapore,WPRO,14,60865,0,30
2021-04-22,Singapore,WPRO,15,60880,0,30
2021-04-23,Singapore,WPRO,24,60904,0,30
2021-04-24,Singapore,WPRO,39,60943,0,30
2021-04-25,Singapore,WPRO,23,60966,0,30
2021-04-26,Singapore,WPRO,40,61006,0,30
2021-04-27,Singapore,WPRO,45,61051,0,30
2021-04-28,Singapore,WPRO,12,61063,0,30
2021-04-29,Singapore,WPRO,23,61086,0,30
2021-04-30,Singapore,WPRO,35,61121,0,30
2021-05-01,Singapore,WPRO,24,61145,0,30
2021-05-02,Singapore,WPRO,34,61179,1,31
2021-05-03,Singapore,WPRO,39,61218,0,31
2021-05-04,Singapore,WPRO,17,61235,0,31
2021-05-05,Singapore,WPRO,17,61252,0,31
2021-05-06,Singapore,WPRO,16,61268,0,31
2021-05-07,Singapore,WPRO,18,61286,0,31
2021-05-08,Singapore,WPRO,25,61311,0,31
2021-05-09,Singapore,WPRO,20,61331,0,31
2021-05-10,Singapore,WPRO,28,61359,0,31
2021-05-11,Singapore,WPRO,19,61378,0,31
2021-05-12,Singapore,WPRO,25,61403,0,31
2021-05-13,Singapore,WPRO,16,61419,0,31
2021-05-14,Singapore,WPRO,34,61453,0,31
2021-05-15,Singapore,WPRO,52,61505,0,31
2021-05-16,Singapore,WPRO,31,61536,0,31
2021-05-17,Singapore,WPRO,49,61585,0,31
2021-05-18,Singapore,WPRO,28,61613,0,31
2021-05-19,Singapore,WPRO,38,61651,0,31
2021-05-20,Singapore,WPRO,38,61689,0,31
2021-05-21,Singapore,WPRO,41,61730,1,32
2021-05-22,Singapore,WPRO,40,61770,0,32
2021-05-23,Singapore,WPRO,29,61799,0,32
2021-05-24,Singapore,WPRO,25,61824,0,32
2021-05-25,Singapore,WPRO,36,61860,0,32
2021-05-26,Singapore,WPRO,30,61890,0,32
2021-05-27,Singapore,WPRO,26,61916,0,32
2021-05-28,Singapore,WPRO,24,61940,0,32
2021-05-29,Singapore,WPRO,30,61970,0,32
2021-05-30,Singapore,WPRO,33,62003,0,32
2021-01-01,Sint Eustatius,AMRO,0,19,0,0
2021-01-02,Sint Eustatius,AMRO,0,19,0,0
2021-01-03,Sint Eustatius,AMRO,0,19,0,0
2021-01-04,Sint Eustatius,AMRO,0,19,0,0
2021-01-05,Sint Eustatius,AMRO,0,19,0,0
2021-01-06,Sint Eustatius,AMRO,0,19,0,0
2021-01-07,Sint Eustatius,AMRO,0,19,0,0
2021-01-08,Sint Eustatius,AMRO,0,19,0,0
2021-01-09,Sint Eustatius,AMRO,0,19,0,0
2021-01-10,Sint Eustatius,AMRO,0,19,0,0
2021-01-11,Sint Eustatius,AMRO,0,19,0,0
2021-01-12,Sint Eustatius,AMRO,0,19,0,0
2021-01-13,Sint Eustatius,AMRO,0,19,0,0
2021-01-14,Sint Eustatius,AMRO,0,19,0,0
2021-01-15,Sint Eustatius,AMRO,0,19,0,0
2021-01-16,Sint Eustatius,AMRO,0,19,0,0
2021-01-17,Sint Eustatius,AMRO,0,19,0,0
2021-01-18,Sint Eustatius,AMRO,0,19,0,0
2021-01-19,Sint Eustatius,AMRO,1,20,0,0
2021-01-20,Sint Eustatius,AMRO,0,20,0,0
2021-01-21,Sint Eustatius,AMRO,0,20,0,0
2021-01-22,Sint Eustatius,AMRO,0,20,0,0
2021-01-23,Sint Eustatius,AMRO,0,20,0,0
2021-01-24,Sint Eustatius,AMRO,0,20,0,0
2021-01-25,Sint Eustatius,AMRO,0,20,0,0
2021-01-26,Sint Eustatius,AMRO,0,20,0,0
2021-01-27,Sint Eustatius,AMRO,0,20,0,0
2021-01-28,Sint Eustatius,AMRO,0,20,0,0
2021-01-29,Sint Eustatius,AMRO,0,20,0,0
2021-01-30,Sint Eustatius,AMRO,0,20,0,0
2021-01-31,Sint Eustatius,AMRO,0,20,0,0
2021-02-01,Sint Eustatius,AMRO,0,20,0,0
2021-02-02,Sint Eustatius,AMRO,0,20,0,0
2021-02-03,Sint Eustatius,AMRO,0,20,0,0
2021-02-04,Sint Eustatius,AMRO,0,20,0,0
2021-02-05,Sint Eustatius,AMRO,0,20,0,0
2021-02-06,Sint Eustatius,AMRO,0,20,0,0
2021-02-07,Sint Eustatius,AMRO,0,20,0,0
2021-02-08,Sint Eustatius,AMRO,0,20,0,0
2021-02-09,Sint Eustatius,AMRO,0,20,0,0
2021-02-10,Sint Eustatius,AMRO,0,20,0,0
2021-02-11,Sint Eustatius,AMRO,0,20,0,0
2021-02-12,Sint Eustatius,AMRO,0,20,0,0
2021-02-13,Sint Eustatius,AMRO,0,20,0,0
2021-02-14,Sint Eustatius,AMRO,0,20,0,0
2021-02-15,Sint Eustatius,AMRO,0,20,0,0
2021-02-16,Sint Eustatius,AMRO,0,20,0,0
2021-02-17,Sint Eustatius,AMRO,0,20,0,0
2021-02-18,Sint Eustatius,AMRO,0,20,0,0
2021-02-19,Sint Eustatius,AMRO,0,20,0,0
2021-02-20,Sint Eustatius,AMRO,0,20,0,0
2021-02-21,Sint Eustatius,AMRO,0,20,0,0
2021-02-22,Sint Eustatius,AMRO,0,20,0,0
2021-02-23,Sint Eustatius,AMRO,0,20,0,0
2021-02-24,Sint Eustatius,AMRO,0,20,0,0
2021-02-25,Sint Eustatius,AMRO,0,20,0,0
2021-02-26,Sint Eustatius,AMRO,0,20,0,0
2021-02-27,Sint Eustatius,AMRO,0,20,0,0
2021-02-28,Sint Eustatius,AMRO,0,20,0,0
2021-03-01,Sint Eustatius,AMRO,0,20,0,0
2021-03-02,Sint Eustatius,AMRO,0,20,0,0
2021-03-03,Sint Eustatius,AMRO,0,20,0,0
2021-03-04,Sint Eustatius,AMRO,0,20,0,0
2021-03-05,Sint Eustatius,AMRO,0,20,0,0
2021-03-06,Sint Eustatius,AMRO,0,20,0,0
2021-03-07,Sint Eustatius,AMRO,0,20,0,0
2021-03-08,Sint Eustatius,AMRO,0,20,0,0
2021-03-09,Sint Eustatius,AMRO,0,20,0,0
2021-03-10,Sint Eustatius,AMRO,0,20,0,0
2021-03-11,Sint Eustatius,AMRO,0,20,0,0
2021-03-12,Sint Eustatius,AMRO,0,20,0,0
2021-03-13,Sint Eustatius,AMRO,0,20,0,0
2021-03-14,Sint Eustatius,AMRO,0,20,0,0
2021-03-15,Sint Eustatius,AMRO,0,20,0,0
2021-03-16,Sint Eustatius,AMRO,0,20,0,0
2021-03-17,Sint Eustatius,AMRO,0,20,0,0
2021-03-18,Sint Eustatius,AMRO,0,20,0,0
2021-03-19,Sint Eustatius,AMRO,0,20,0,0
2021-03-20,Sint Eustatius,AMRO,0,20,0,0
2021-03-21,Sint Eustatius,AMRO,0,20,0,0
2021-03-22,Sint Eustatius,AMRO,0,20,0,0
2021-03-23,Sint Eustatius,AMRO,0,20,0,0
2021-03-24,Sint Eustatius,AMRO,0,20,0,0
2021-03-25,Sint Eustatius,AMRO,0,20,0,0
2021-03-26,Sint Eustatius,AMRO,0,20,0,0
2021-03-27,Sint Eustatius,AMRO,0,20,0,0
2021-03-28,Sint Eustatius,AMRO,0,20,0,0
2021-03-29,Sint Eustatius,AMRO,0,20,0,0
2021-03-30,Sint Eustatius,AMRO,0,20,0,0
2021-03-31,Sint Eustatius,AMRO,0,20,0,0
2021-04-01,Sint Eustatius,AMRO,0,20,0,0
2021-04-02,Sint Eustatius,AMRO,0,20,0,0
2021-04-03,Sint Eustatius,AMRO,0,20,0,0
2021-04-04,Sint Eustatius,AMRO,0,20,0,0
2021-04-05,Sint Eustatius,AMRO,0,20,0,0
2021-04-06,Sint Eustatius,AMRO,0,20,0,0
2021-04-07,Sint Eustatius,AMRO,0,20,0,0
2021-04-08,Sint Eustatius,AMRO,0,20,0,0
2021-04-09,Sint Eustatius,AMRO,0,20,0,0
2021-04-10,Sint Eustatius,AMRO,0,20,0,0
2021-04-11,Sint Eustatius,AMRO,0,20,0,0
2021-04-12,Sint Eustatius,AMRO,0,20,0,0
2021-04-13,Sint Eustatius,AMRO,0,20,0,0
2021-04-14,Sint Eustatius,AMRO,0,20,0,0
2021-04-15,Sint Eustatius,AMRO,0,20,0,0
2021-04-16,Sint Eustatius,AMRO,0,20,0,0
2021-04-17,Sint Eustatius,AMRO,0,20,0,0
2021-04-18,Sint Eustatius,AMRO,0,20,0,0
2021-04-19,Sint Eustatius,AMRO,0,20,0,0
2021-04-20,Sint Eustatius,AMRO,0,20,0,0
2021-04-21,Sint Eustatius,AMRO,0,20,0,0
2021-04-22,Sint Eustatius,AMRO,0,20,0,0
2021-04-23,Sint Eustatius,AMRO,0,20,0,0
2021-04-24,Sint Eustatius,AMRO,0,20,0,0
2021-04-25,Sint Eustatius,AMRO,0,20,0,0
2021-04-26,Sint Eustatius,AMRO,0,20,0,0
2021-04-27,Sint Eustatius,AMRO,0,20,0,0
2021-04-28,Sint Eustatius,AMRO,0,20,0,0
2021-04-29,Sint Eustatius,AMRO,0,20,0,0
2021-04-30,Sint Eustatius,AMRO,0,20,0,0
2021-05-01,Sint Eustatius,AMRO,0,20,0,0
2021-05-02,Sint Eustatius,AMRO,0,20,0,0
2021-05-03,Sint Eustatius,AMRO,0,20,0,0
2021-05-04,Sint Eustatius,AMRO,0,20,0,0
2021-05-05,Sint Eustatius,AMRO,0,20,0,0
2021-05-06,Sint Eustatius,AMRO,0,20,0,0
2021-05-07,Sint Eustatius,AMRO,0,20,0,0
2021-05-08,Sint Eustatius,AMRO,0,20,0,0
2021-05-09,Sint Eustatius,AMRO,0,20,0,0
2021-05-10,Sint Eustatius,AMRO,0,20,0,0
2021-05-11,Sint Eustatius,AMRO,0,20,0,0
2021-05-12,Sint Eustatius,AMRO,0,20,0,0
2021-05-13,Sint Eustatius,AMRO,0,20,0,0
2021-05-14,Sint Eustatius,AMRO,0,20,0,0
2021-05-15,Sint Eustatius,AMRO,0,20,0,0
2021-05-16,Sint Eustatius,AMRO,0,20,0,0
2021-05-17,Sint Eustatius,AMRO,0,20,0,0
2021-05-18,Sint Eustatius,AMRO,0,20,0,0
2021-05-19,Sint Eustatius,AMRO,0,20,0,0
2021-05-20,Sint Eustatius,AMRO,0,20,0,0
2021-05-21,Sint Eustatius,AMRO,0,20,0,0
2021-05-22,Sint Eustatius,AMRO,0,20,0,0
2021-05-23,Sint Eustatius,AMRO,0,20,0,0
2021-05-24,Sint Eustatius,AMRO,0,20,0,0
2021-05-25,Sint Eustatius,AMRO,0,20,0,0
2021-05-26,Sint Eustatius,AMRO,0,20,0,0
2021-05-27,Sint Eustatius,AMRO,0,20,0,0
2021-05-28,Sint Eustatius,AMRO,0,20,0,0
2021-05-29,Sint Eustatius,AMRO,0,20,0,0
2021-05-30,Sint Eustatius,AMRO,0,20,0,0
2021-01-01,Sint Maarten,AMRO,11,1434,0,27
2021-01-02,Sint Maarten,AMRO,0,1434,0,27
2021-01-03,Sint Maarten,AMRO,0,1434,0,27
2021-01-04,Sint Maarten,AMRO,0,1434,0,27
2021-01-05,Sint Maarten,AMRO,28,1462,0,27
2021-01-06,Sint Maarten,AMRO,3,1465,0,27
2021-01-07,Sint Maarten,AMRO,39,1504,0,27
2021-01-08,Sint Maarten,AMRO,8,1512,0,27
2021-01-09,Sint Maarten,AMRO,19,1531,0,27
2021-01-10,Sint Maarten,AMRO,0,1531,0,27
2021-01-11,Sint Maarten,AMRO,0,1531,0,27
2021-01-12,Sint Maarten,AMRO,24,1555,0,27
2021-01-13,Sint Maarten,AMRO,20,1575,0,27
2021-01-14,Sint Maarten,AMRO,14,1589,0,27
2021-01-15,Sint Maarten,AMRO,18,1607,0,27
2021-01-16,Sint Maarten,AMRO,22,1629,0,27
2021-01-17,Sint Maarten,AMRO,0,1629,0,27
2021-01-18,Sint Maarten,AMRO,0,1629,0,27
2021-01-19,Sint Maarten,AMRO,27,1656,0,27
2021-01-20,Sint Maarten,AMRO,13,1669,0,27
2021-01-21,Sint Maarten,AMRO,8,1677,0,27
2021-01-22,Sint Maarten,AMRO,26,1703,0,27
2021-01-23,Sint Maarten,AMRO,5,1708,0,27
2021-01-24,Sint Maarten,AMRO,0,1708,0,27
2021-01-25,Sint Maarten,AMRO,0,1708,0,27
2021-01-26,Sint Maarten,AMRO,41,1749,0,27
2021-01-27,Sint Maarten,AMRO,9,1758,0,27
2021-01-28,Sint Maarten,AMRO,9,1767,0,27
2021-01-29,Sint Maarten,AMRO,40,1807,0,27
2021-01-30,Sint Maarten,AMRO,15,1822,0,27
2021-01-31,Sint Maarten,AMRO,0,1822,0,27
2021-02-01,Sint Maarten,AMRO,0,1822,0,27
2021-02-02,Sint Maarten,AMRO,40,1862,0,27
2021-02-03,Sint Maarten,AMRO,8,1870,0,27
2021-02-04,Sint Maarten,AMRO,15,1885,0,27
2021-02-05,Sint Maarten,AMRO,14,1899,0,27
2021-02-06,Sint Maarten,AMRO,12,1911,0,27
2021-02-07,Sint Maarten,AMRO,0,1911,0,27
2021-02-08,Sint Maarten,AMRO,0,1911,0,27
2021-02-09,Sint Maarten,AMRO,25,1936,0,27
2021-02-10,Sint Maarten,AMRO,2,1938,0,27
2021-02-11,Sint Maarten,AMRO,14,1952,0,27
2021-02-12,Sint Maarten,AMRO,20,1972,0,27
2021-02-13,Sint Maarten,AMRO,13,1985,0,27
2021-02-14,Sint Maarten,AMRO,0,1985,0,27
2021-02-15,Sint Maarten,AMRO,0,1985,0,27
2021-02-16,Sint Maarten,AMRO,13,1998,0,27
2021-02-17,Sint Maarten,AMRO,3,2001,0,27
2021-02-18,Sint Maarten,AMRO,12,2013,0,27
2021-02-19,Sint Maarten,AMRO,0,2013,0,27
2021-02-20,Sint Maarten,AMRO,14,2027,0,27
2021-02-21,Sint Maarten,AMRO,0,2027,0,27
2021-02-22,Sint Maarten,AMRO,0,2027,0,27
2021-02-23,Sint Maarten,AMRO,6,2033,0,27
2021-02-24,Sint Maarten,AMRO,9,2042,0,27
2021-02-25,Sint Maarten,AMRO,5,2047,0,27
2021-02-26,Sint Maarten,AMRO,3,2050,0,27
2021-02-27,Sint Maarten,AMRO,1,2051,0,27
2021-02-28,Sint Maarten,AMRO,0,2051,0,27
2021-03-01,Sint Maarten,AMRO,0,2051,0,27
2021-03-02,Sint Maarten,AMRO,6,2057,0,27
2021-03-03,Sint Maarten,AMRO,3,2060,0,27
2021-03-04,Sint Maarten,AMRO,1,2061,0,27
2021-03-05,Sint Maarten,AMRO,4,2065,0,27
2021-03-06,Sint Maarten,AMRO,1,2066,0,27
2021-03-07,Sint Maarten,AMRO,0,2066,0,27
2021-03-08,Sint Maarten,AMRO,0,2066,0,27
2021-03-09,Sint Maarten,AMRO,4,2070,0,27
2021-03-10,Sint Maarten,AMRO,4,2074,0,27
2021-03-11,Sint Maarten,AMRO,2,2076,0,27
2021-03-12,Sint Maarten,AMRO,1,2077,0,27
2021-03-13,Sint Maarten,AMRO,1,2078,0,27
2021-03-14,Sint Maarten,AMRO,0,2078,0,27
2021-03-15,Sint Maarten,AMRO,0,2078,0,27
2021-03-16,Sint Maarten,AMRO,4,2082,0,27
2021-03-17,Sint Maarten,AMRO,3,2085,0,27
2021-03-18,Sint Maarten,AMRO,3,2088,0,27
2021-03-19,Sint Maarten,AMRO,5,2093,0,27
2021-03-20,Sint Maarten,AMRO,0,2093,0,27
2021-03-21,Sint Maarten,AMRO,0,2093,0,27
2021-03-22,Sint Maarten,AMRO,0,2093,0,27
2021-03-23,Sint Maarten,AMRO,8,2101,0,27
2021-03-24,Sint Maarten,AMRO,3,2104,0,27
2021-03-25,Sint Maarten,AMRO,4,2108,0,27
2021-03-26,Sint Maarten,AMRO,6,2114,0,27
2021-03-27,Sint Maarten,AMRO,4,2118,0,27
2021-03-28,Sint Maarten,AMRO,0,2118,0,27
2021-03-29,Sint Maarten,AMRO,0,2118,0,27
2021-03-30,Sint Maarten,AMRO,12,2130,0,27
2021-03-31,Sint Maarten,AMRO,4,2134,0,27
2021-04-01,Sint Maarten,AMRO,6,2140,0,27
2021-04-02,Sint Maarten,AMRO,7,2147,0,27
2021-04-03,Sint Maarten,AMRO,4,2151,0,27
2021-04-04,Sint Maarten,AMRO,0,2151,0,27
2021-04-05,Sint Maarten,AMRO,0,2151,0,27
2021-04-06,Sint Maarten,AMRO,0,2151,0,27
2021-04-07,Sint Maarten,AMRO,0,2151,0,27
2021-04-08,Sint Maarten,AMRO,13,2164,0,27
2021-04-09,Sint Maarten,AMRO,10,2174,0,27
2021-04-10,Sint Maarten,AMRO,0,2174,0,27
2021-04-11,Sint Maarten,AMRO,0,2174,0,27
2021-04-12,Sint Maarten,AMRO,0,2174,0,27
2021-04-13,Sint Maarten,AMRO,11,2185,0,27
2021-04-14,Sint Maarten,AMRO,3,2188,0,27
2021-04-15,Sint Maarten,AMRO,8,2196,0,27
2021-04-16,Sint Maarten,AMRO,3,2199,0,27
2021-04-17,Sint Maarten,AMRO,3,2202,0,27
2021-04-18,Sint Maarten,AMRO,0,2202,0,27
2021-04-19,Sint Maarten,AMRO,0,2202,0,27
2021-04-20,Sint Maarten,AMRO,3,2205,0,27
2021-04-21,Sint Maarten,AMRO,2,2207,0,27
2021-04-22,Sint Maarten,AMRO,4,2211,0,27
2021-04-23,Sint Maarten,AMRO,1,2212,0,27
2021-04-24,Sint Maarten,AMRO,0,2212,0,27
2021-04-25,Sint Maarten,AMRO,0,2212,0,27
2021-04-26,Sint Maarten,AMRO,0,2212,0,27
2021-04-27,Sint Maarten,AMRO,3,2215,0,27
2021-04-28,Sint Maarten,AMRO,5,2220,0,27
2021-04-29,Sint Maarten,AMRO,0,2220,0,27
2021-04-30,Sint Maarten,AMRO,6,2226,0,27
2021-05-01,Sint Maarten,AMRO,4,2230,0,27
2021-05-02,Sint Maarten,AMRO,0,2230,0,27
2021-05-03,Sint Maarten,AMRO,0,2230,0,27
2021-05-04,Sint Maarten,AMRO,0,2230,0,27
2021-05-05,Sint Maarten,AMRO,10,2240,0,27
2021-05-06,Sint Maarten,AMRO,0,2240,0,27
2021-05-07,Sint Maarten,AMRO,7,2247,0,27
2021-05-08,Sint Maarten,AMRO,3,2250,0,27
2021-05-09,Sint Maarten,AMRO,0,2250,0,27
2021-05-10,Sint Maarten,AMRO,0,2250,0,27
2021-05-11,Sint Maarten,AMRO,10,2260,0,27
2021-05-12,Sint Maarten,AMRO,3,2263,0,27
2021-05-13,Sint Maarten,AMRO,5,2268,0,27
2021-05-14,Sint Maarten,AMRO,0,2268,0,27
2021-05-15,Sint Maarten,AMRO,4,2272,0,27
2021-05-16,Sint Maarten,AMRO,0,2272,0,27
2021-05-17,Sint Maarten,AMRO,0,2272,0,27
2021-05-18,Sint Maarten,AMRO,10,2282,0,27
2021-05-19,Sint Maarten,AMRO,10,2292,0,27
2021-05-20,Sint Maarten,AMRO,15,2307,0,27
2021-05-21,Sint Maarten,AMRO,19,2326,0,27
2021-05-22,Sint Maarten,AMRO,20,2346,0,27
2021-05-23,Sint Maarten,AMRO,0,2346,0,27
2021-05-24,Sint Maarten,AMRO,0,2346,0,27
2021-05-25,Sint Maarten,AMRO,20,2366,1,28
2021-05-26,Sint Maarten,AMRO,4,2370,0,28
2021-05-27,Sint Maarten,AMRO,16,2386,0,28
2021-05-28,Sint Maarten,AMRO,8,2394,0,28
2021-05-29,Sint Maarten,AMRO,10,2404,0,28
2021-05-30,Sint Maarten,AMRO,0,2404,0,28
2021-01-01,Slovakia,EURO,6315,179543,73,2138
2021-01-02,Slovakia,EURO,4965,184508,112,2250
2021-01-03,Slovakia,EURO,1736,186244,0,2250
2021-01-04,Slovakia,EURO,1219,187463,67,2317
2021-01-05,Slovakia,EURO,636,188099,204,2521
2021-01-06,Slovakia,EURO,2989,191088,82,2603
2021-01-07,Slovakia,EURO,4959,196047,54,2657
2021-01-08,Slovakia,EURO,2137,198184,60,2717
2021-01-09,Slovakia,EURO,2980,201164,71,2788
2021-01-10,Slovakia,EURO,4072,205236,48,2836
2021-01-11,Slovakia,EURO,2973,208209,82,2918
2021-01-12,Slovakia,EURO,860,209069,89,3007
2021-01-13,Slovakia,EURO,2410,211479,95,3102
2021-01-14,Slovakia,EURO,3576,215055,61,3163
2021-01-15,Slovakia,EURO,2923,217978,97,3260
2021-01-16,Slovakia,EURO,2729,220707,102,3362
2021-01-17,Slovakia,EURO,2045,222752,55,3417
2021-01-18,Slovakia,EURO,573,223325,57,3474
2021-01-19,Slovakia,EURO,1060,224385,52,3526
2021-01-20,Slovakia,EURO,1909,226294,111,3637
2021-01-21,Slovakia,EURO,2484,228778,100,3737
2021-01-22,Slovakia,EURO,2464,231242,64,3801
2021-01-23,Slovakia,EURO,1785,233027,93,3894
2021-01-24,Slovakia,EURO,1544,234571,71,3965
2021-01-25,Slovakia,EURO,1905,236476,103,4068
2021-01-26,Slovakia,EURO,551,237027,0,4068
2021-01-27,Slovakia,EURO,1590,238617,192,4260
2021-01-28,Slovakia,EURO,2775,241392,101,4361
2021-01-29,Slovakia,EURO,2035,243427,50,4411
2021-01-30,Slovakia,EURO,2581,246008,84,4495
2021-01-31,Slovakia,EURO,991,246999,70,4565
2021-02-01,Slovakia,EURO,2914,249913,77,4642
2021-02-02,Slovakia,EURO,444,250357,69,4711
2021-02-03,Slovakia,EURO,1737,252094,73,4784
2021-02-04,Slovakia,EURO,2732,254826,105,4889
2021-02-05,Slovakia,EURO,2077,256903,87,4976
2021-02-06,Slovakia,EURO,2630,259533,74,5050
2021-02-07,Slovakia,EURO,2241,261774,85,5135
2021-02-08,Slovakia,EURO,1552,263326,64,5199
2021-02-09,Slovakia,EURO,757,264083,72,5271
2021-02-10,Slovakia,EURO,1724,265807,111,5382
2021-02-11,Slovakia,EURO,3179,268986,120,5502
2021-02-12,Slovakia,EURO,2487,271473,127,5629
2021-02-13,Slovakia,EURO,2431,273904,104,5733
2021-02-14,Slovakia,EURO,2330,276234,79,5812
2021-02-15,Slovakia,EURO,2020,278254,140,5952
2021-02-16,Slovakia,EURO,1442,279696,111,6063
2021-02-17,Slovakia,EURO,3168,282864,105,6168
2021-02-18,Slovakia,EURO,2555,285419,103,6271
2021-02-19,Slovakia,EURO,2333,287752,79,6350
2021-02-20,Slovakia,EURO,2705,290457,74,6424
2021-02-21,Slovakia,EURO,1686,292143,81,6505
2021-02-22,Slovakia,EURO,649,292792,72,6577
2021-02-23,Slovakia,EURO,1998,294790,94,6671
2021-02-24,Slovakia,EURO,3547,298337,104,6775
2021-02-25,Slovakia,EURO,2438,300775,84,6859
2021-02-26,Slovakia,EURO,2645,303420,107,6966
2021-02-27,Slovakia,EURO,2848,306268,109,7075
2021-02-28,Slovakia,EURO,1815,308083,114,7189
2021-03-01,Slovakia,EURO,842,308925,99,7288
2021-03-02,Slovakia,EURO,2077,311002,100,7388
2021-03-03,Slovakia,EURO,3357,314359,101,7489
2021-03-04,Slovakia,EURO,2800,317159,71,7560
2021-03-05,Slovakia,EURO,2423,319582,105,7665
2021-03-06,Slovakia,EURO,2522,322104,74,7739
2021-03-07,Slovakia,EURO,1286,323390,97,7836
2021-03-08,Slovakia,EURO,396,323786,85,7921
2021-03-09,Slovakia,EURO,2207,325993,116,8037
2021-03-10,Slovakia,EURO,3600,329593,109,8146
2021-03-11,Slovakia,EURO,1978,331571,98,8244
2021-03-12,Slovakia,EURO,2301,333872,102,8346
2021-03-13,Slovakia,EURO,2363,336235,94,8440
2021-03-14,Slovakia,EURO,1268,337503,88,8528
2021-03-15,Slovakia,EURO,457,337960,77,8605
2021-03-16,Slovakia,EURO,1578,339538,64,8669
2021-03-17,Slovakia,EURO,2892,342430,69,8738
2021-03-18,Slovakia,EURO,2040,344470,76,8814
2021-03-19,Slovakia,EURO,1679,346149,80,8894
2021-03-20,Slovakia,EURO,1795,347944,84,8978
2021-03-21,Slovakia,EURO,925,348869,66,9044
2021-03-22,Slovakia,EURO,401,349270,60,9104
2021-03-23,Slovakia,EURO,1281,350551,86,9190
2021-03-24,Slovakia,EURO,1977,352528,71,9261
2021-03-25,Slovakia,EURO,1654,354182,52,9313
2021-03-26,Slovakia,EURO,1272,355454,60,9373
2021-03-27,Slovakia,EURO,1531,356985,53,9426
2021-03-28,Slovakia,EURO,925,357910,70,9496
2021-03-29,Slovakia,EURO,205,358115,46,9542
2021-03-30,Slovakia,EURO,1215,359330,82,9624
2021-03-31,Slovakia,EURO,1855,361185,95,9719
2021-04-01,Slovakia,EURO,1304,362489,71,9790
2021-04-02,Slovakia,EURO,1385,363874,87,9877
2021-04-03,Slovakia,EURO,748,364622,71,9948
2021-04-04,Slovakia,EURO,620,365242,77,10025
2021-04-05,Slovakia,EURO,158,365400,69,10094
2021-04-06,Slovakia,EURO,333,365733,0,10094
2021-04-07,Slovakia,EURO,1161,366894,149,10243
2021-04-08,Slovakia,EURO,1576,368470,79,10322
2021-04-09,Slovakia,EURO,923,369393,89,10411
2021-04-10,Slovakia,EURO,1080,370473,76,10487
2021-04-11,Slovakia,EURO,589,371062,78,10565
2021-04-12,Slovakia,EURO,106,371168,65,10630
2021-04-13,Slovakia,EURO,870,372038,86,10716
2021-04-14,Slovakia,EURO,1069,373107,82,10798
2021-04-15,Slovakia,EURO,843,373950,79,10877
2021-04-16,Slovakia,EURO,636,374586,93,10970
2021-04-17,Slovakia,EURO,750,375336,73,11043
2021-04-18,Slovakia,EURO,638,375974,63,11106
2021-04-19,Slovakia,EURO,93,376067,66,11172
2021-04-20,Slovakia,EURO,642,376709,72,11244
2021-04-21,Slovakia,EURO,764,377473,60,11304
2021-04-22,Slovakia,EURO,677,378150,53,11357
2021-04-23,Slovakia,EURO,485,378635,48,11405
2021-04-24,Slovakia,EURO,841,379476,53,11458
2021-04-25,Slovakia,EURO,435,379911,37,11495
2021-04-26,Slovakia,EURO,99,380010,36,11531
2021-04-27,Slovakia,EURO,488,380498,41,11572
2021-04-28,Slovakia,EURO,682,381180,39,11611
2021-04-29,Slovakia,EURO,564,381744,36,11647
2021-04-30,Slovakia,EURO,467,382211,37,11684
2021-05-01,Slovakia,EURO,509,382720,48,11732
2021-05-02,Slovakia,EURO,378,383098,34,11766
2021-05-03,Slovakia,EURO,130,383228,41,11807
2021-05-04,Slovakia,EURO,381,383609,48,11855
2021-05-05,Slovakia,EURO,708,384317,31,11886
2021-05-06,Slovakia,EURO,343,384660,34,11920
2021-05-07,Slovakia,EURO,362,385022,26,11946
2021-05-08,Slovakia,EURO,373,385395,44,11990
2021-05-09,Slovakia,EURO,80,385475,29,12019
2021-05-10,Slovakia,EURO,311,385786,32,12051
2021-05-11,Slovakia,EURO,350,386136,26,12077
2021-05-12,Slovakia,EURO,404,386540,19,12096
2021-05-13,Slovakia,EURO,328,386868,39,12135
2021-05-14,Slovakia,EURO,294,387162,33,12168
2021-05-15,Slovakia,EURO,258,387420,35,12203
2021-05-16,Slovakia,EURO,103,387523,21,12224
2021-05-17,Slovakia,EURO,136,387659,14,12238
2021-05-18,Slovakia,EURO,233,387892,10,12248
2021-05-19,Slovakia,EURO,246,388138,14,12262
2021-05-20,Slovakia,EURO,253,388391,10,12272
2021-05-21,Slovakia,EURO,138,388529,8,12280
2021-05-22,Slovakia,EURO,190,388719,6,12286
2021-05-23,Slovakia,EURO,116,388835,6,12292
2021-05-24,Slovakia,EURO,19,388854,4,12296
2021-05-25,Slovakia,EURO,132,388986,5,12301
2021-05-26,Slovakia,EURO,190,389176,11,12312
2021-05-27,Slovakia,EURO,168,389344,8,12320
2021-05-28,Slovakia,EURO,96,389440,13,12333
2021-05-29,Slovakia,EURO,148,389588,2,12335
2021-05-30,Slovakia,EURO,102,389690,4,12339
2021-01-01,Slovenia,EURO,2429,122262,28,2981
2021-01-02,Slovenia,EURO,1772,124034,42,3023
2021-01-03,Slovenia,EURO,398,124432,35,3058
2021-01-04,Slovenia,EURO,761,125193,35,3093
2021-01-05,Slovenia,EURO,766,125959,33,3126
2021-01-06,Slovenia,EURO,2605,128564,30,3156
2021-01-07,Slovenia,EURO,3428,131992,37,3193
2021-01-08,Slovenia,EURO,2697,134689,24,3217
2021-01-09,Slovenia,EURO,2084,136773,29,3246
2021-01-10,Slovenia,EURO,1862,138635,28,3274
2021-01-11,Slovenia,EURO,763,139398,33,3307
2021-01-12,Slovenia,EURO,426,139824,20,3327
2021-01-13,Slovenia,EURO,1910,141734,29,3356
2021-01-14,Slovenia,EURO,2104,143838,23,3379
2021-01-15,Slovenia,EURO,1808,145646,19,3398
2021-01-16,Slovenia,EURO,1501,147147,25,3423
2021-01-17,Slovenia,EURO,1549,148696,30,3453
2021-01-18,Slovenia,EURO,574,149270,34,3487
2021-01-19,Slovenia,EURO,300,149570,31,3518
2021-01-20,Slovenia,EURO,1707,151277,28,3546
2021-01-21,Slovenia,EURO,1717,152994,25,3571
2021-01-22,Slovenia,EURO,1458,154452,29,3600
2021-01-23,Slovenia,EURO,1459,155911,24,3624
2021-01-24,Slovenia,EURO,1520,157431,27,3651
2021-01-25,Slovenia,EURO,541,157972,30,3681
2021-01-26,Slovenia,EURO,297,158269,24,3705
2021-01-27,Slovenia,EURO,1682,159951,23,3728
2021-01-28,Slovenia,EURO,1877,161828,24,3752
2021-01-29,Slovenia,EURO,1541,163369,16,3768
2021-01-30,Slovenia,EURO,1305,164674,26,3794
2021-01-31,Slovenia,EURO,1302,165976,22,3816
2021-02-01,Slovenia,EURO,588,166564,17,3833
2021-02-02,Slovenia,EURO,348,166912,21,3854
2021-02-03,Slovenia,EURO,1516,168428,16,3870
2021-02-04,Slovenia,EURO,1565,169993,24,3894
2021-02-05,Slovenia,EURO,1267,171260,25,3919
2021-02-06,Slovenia,EURO,960,172220,15,3934
2021-02-07,Slovenia,EURO,984,173204,13,3947
2021-02-08,Slovenia,EURO,498,173702,17,3964
2021-02-09,Slovenia,EURO,308,174010,8,3972
2021-02-10,Slovenia,EURO,338,174348,18,3990
2021-02-11,Slovenia,EURO,1369,175717,12,4002
2021-02-12,Slovenia,EURO,1337,177054,10,4012
2021-02-13,Slovenia,EURO,1047,178101,16,4028
2021-02-14,Slovenia,EURO,992,179093,15,4043
2021-02-15,Slovenia,EURO,385,179478,9,4052
2021-02-16,Slovenia,EURO,244,179722,10,4062
2021-02-17,Slovenia,EURO,743,180465,6,4068
2021-02-18,Slovenia,EURO,1100,181565,6,4074
2021-02-19,Slovenia,EURO,874,182439,8,4082
2021-02-20,Slovenia,EURO,910,183349,5,4087
2021-02-21,Slovenia,EURO,960,184309,7,4094
2021-02-22,Slovenia,EURO,418,184727,4,4098
2021-02-23,Slovenia,EURO,248,184975,5,4103
2021-02-24,Slovenia,EURO,903,185878,6,4109
2021-02-25,Slovenia,EURO,1095,186973,10,4119
2021-02-26,Slovenia,EURO,859,187832,7,4126
2021-02-27,Slovenia,EURO,920,188752,12,4138
2021-02-28,Slovenia,EURO,949,189701,10,4148
2021-03-01,Slovenia,EURO,454,190155,10,4158
2021-03-02,Slovenia,EURO,245,190400,11,4169
2021-03-03,Slovenia,EURO,730,191130,6,4175
2021-03-04,Slovenia,EURO,1211,192341,7,4182
2021-03-05,Slovenia,EURO,1022,193363,9,4191
2021-03-06,Slovenia,EURO,885,194248,7,4198
2021-03-07,Slovenia,EURO,926,195174,2,4200
2021-03-08,Slovenia,EURO,384,195558,4,4204
2021-03-09,Slovenia,EURO,210,195768,3,4207
2021-03-10,Slovenia,EURO,743,196511,7,4214
2021-03-11,Slovenia,EURO,959,197470,7,4221
2021-03-12,Slovenia,EURO,861,198331,12,4233
2021-03-13,Slovenia,EURO,772,199103,7,4240
2021-03-14,Slovenia,EURO,852,199955,5,4245
2021-03-15,Slovenia,EURO,482,200437,4,4249
2021-03-16,Slovenia,EURO,205,200642,4,4253
2021-03-17,Slovenia,EURO,921,201563,4,4257
2021-03-18,Slovenia,EURO,1113,202676,8,4265
2021-03-19,Slovenia,EURO,976,203652,3,4268
2021-03-20,Slovenia,EURO,943,204595,10,4278
2021-03-21,Slovenia,EURO,1033,205628,10,4288
2021-03-22,Slovenia,EURO,517,206145,6,4294
2021-03-23,Slovenia,EURO,290,206435,8,4302
2021-03-24,Slovenia,EURO,985,207420,8,4310
2021-03-25,Slovenia,EURO,1289,208709,11,4321
2021-03-26,Slovenia,EURO,1163,209872,6,4327
2021-03-27,Slovenia,EURO,1037,210909,9,4336
2021-03-28,Slovenia,EURO,1252,212161,6,4342
2021-03-29,Slovenia,EURO,641,212802,6,4348
2021-03-30,Slovenia,EURO,288,213090,6,4354
2021-03-31,Slovenia,EURO,1084,214174,11,4365
2021-04-01,Slovenia,EURO,1572,215746,12,4377
2021-04-02,Slovenia,EURO,1338,217084,7,4384
2021-04-03,Slovenia,EURO,1171,218255,11,4395
2021-04-04,Slovenia,EURO,1299,219554,6,4401
2021-04-05,Slovenia,EURO,721,220275,9,4410
2021-04-06,Slovenia,EURO,283,220558,5,4415
2021-04-07,Slovenia,EURO,273,220831,8,4423
2021-04-08,Slovenia,EURO,1191,222022,6,4429
2021-04-09,Slovenia,EURO,1529,223551,5,4434
2021-04-10,Slovenia,EURO,1283,224834,3,4437
2021-04-11,Slovenia,EURO,1256,226090,12,4449
2021-04-12,Slovenia,EURO,549,226639,4,4453
2021-04-13,Slovenia,EURO,291,226930,5,4458
2021-04-14,Slovenia,EURO,1050,227980,7,4465
2021-04-15,Slovenia,EURO,1236,229216,6,4471
2021-04-16,Slovenia,EURO,892,230108,4,4475
2021-04-17,Slovenia,EURO,862,230970,9,4484
2021-04-18,Slovenia,EURO,772,231742,7,4491
2021-04-19,Slovenia,EURO,476,232218,4,4495
2021-04-20,Slovenia,EURO,233,232451,9,4504
2021-04-21,Slovenia,EURO,724,233175,8,4512
2021-04-22,Slovenia,EURO,1038,234213,5,4517
2021-04-23,Slovenia,EURO,744,234957,14,4531
2021-04-24,Slovenia,EURO,900,235857,2,4533
2021-04-25,Slovenia,EURO,831,236688,9,4542
2021-04-26,Slovenia,EURO,416,237104,7,4549
2021-04-27,Slovenia,EURO,191,237295,9,4558
2021-04-28,Slovenia,EURO,808,238103,2,4560
2021-04-29,Slovenia,EURO,403,238506,12,4572
2021-04-30,Slovenia,EURO,921,239427,9,4581
2021-05-01,Slovenia,EURO,949,240376,8,4589
2021-05-02,Slovenia,EURO,1018,241394,9,4598
2021-05-03,Slovenia,EURO,367,241761,4,4602
2021-05-04,Slovenia,EURO,209,241970,8,4610
2021-05-05,Slovenia,EURO,893,242863,3,4613
2021-05-06,Slovenia,EURO,930,243793,9,4622
2021-05-07,Slovenia,EURO,776,244569,2,4624
2021-05-08,Slovenia,EURO,608,245177,2,4626
2021-05-09,Slovenia,EURO,634,245811,0,4626
2021-05-10,Slovenia,EURO,291,246102,7,4633
2021-05-11,Slovenia,EURO,146,246248,7,4640
2021-05-12,Slovenia,EURO,490,246738,2,4642
2021-05-13,Slovenia,EURO,729,247467,5,4647
2021-05-14,Slovenia,EURO,599,248066,5,4652
2021-05-15,Slovenia,EURO,472,248538,7,4659
2021-05-16,Slovenia,EURO,495,249033,1,4660
2021-05-17,Slovenia,EURO,293,249326,3,4663
2021-05-18,Slovenia,EURO,114,249440,5,4668
2021-05-19,Slovenia,EURO,497,249937,4,4672
2021-05-20,Slovenia,EURO,538,250475,4,4676
2021-05-21,Slovenia,EURO,357,250832,5,4681
2021-05-22,Slovenia,EURO,332,251164,2,4683
2021-05-23,Slovenia,EURO,382,251546,2,4685
2021-05-24,Slovenia,EURO,157,251703,1,4686
2021-05-25,Slovenia,EURO,84,251787,2,4688
2021-05-26,Slovenia,EURO,323,252110,1,4689
2021-05-27,Slovenia,EURO,391,252501,3,4692
2021-05-28,Slovenia,EURO,367,252868,1,4693
2021-05-29,Slovenia,EURO,289,253157,3,4696
2021-05-30,Slovenia,EURO,356,253513,3,4699
2021-01-01,Solomon Islands,WPRO,0,17,0,0
2021-01-02,Solomon Islands,WPRO,0,17,0,0
2021-01-03,Solomon Islands,WPRO,0,17,0,0
2021-01-04,Solomon Islands,WPRO,0,17,0,0
2021-01-05,Solomon Islands,WPRO,0,17,0,0
2021-01-06,Solomon Islands,WPRO,0,17,0,0
2021-01-07,Solomon Islands,WPRO,0,17,0,0
2021-01-08,Solomon Islands,WPRO,0,17,0,0
2021-01-09,Solomon Islands,WPRO,0,17,0,0
2021-01-10,Solomon Islands,WPRO,0,17,0,0
2021-01-11,Solomon Islands,WPRO,0,17,0,0
2021-01-12,Solomon Islands,WPRO,0,17,0,0
2021-01-13,Solomon Islands,WPRO,0,17,0,0
2021-01-14,Solomon Islands,WPRO,0,17,0,0
2021-01-15,Solomon Islands,WPRO,0,17,0,0
2021-01-16,Solomon Islands,WPRO,0,17,0,0
2021-01-17,Solomon Islands,WPRO,0,17,0,0
2021-01-18,Solomon Islands,WPRO,0,17,0,0
2021-01-19,Solomon Islands,WPRO,0,17,0,0
2021-01-20,Solomon Islands,WPRO,0,17,0,0
2021-01-21,Solomon Islands,WPRO,0,17,0,0
2021-01-22,Solomon Islands,WPRO,0,17,0,0
2021-01-23,Solomon Islands,WPRO,0,17,0,0
2021-01-24,Solomon Islands,WPRO,0,17,0,0
2021-01-25,Solomon Islands,WPRO,0,17,0,0
2021-01-26,Solomon Islands,WPRO,0,17,0,0
2021-01-27,Solomon Islands,WPRO,0,17,0,0
2021-01-28,Solomon Islands,WPRO,0,17,0,0
2021-01-29,Solomon Islands,WPRO,0,17,0,0
2021-01-30,Solomon Islands,WPRO,0,17,0,0
2021-01-31,Solomon Islands,WPRO,0,17,0,0
2021-02-01,Solomon Islands,WPRO,0,17,0,0
2021-02-02,Solomon Islands,WPRO,0,17,0,0
2021-02-03,Solomon Islands,WPRO,0,17,0,0
2021-02-04,Solomon Islands,WPRO,0,17,0,0
2021-02-05,Solomon Islands,WPRO,0,17,0,0
2021-02-06,Solomon Islands,WPRO,0,17,0,0
2021-02-07,Solomon Islands,WPRO,0,17,0,0
2021-02-08,Solomon Islands,WPRO,0,17,0,0
2021-02-09,Solomon Islands,WPRO,1,18,0,0
2021-02-10,Solomon Islands,WPRO,0,18,0,0
2021-02-11,Solomon Islands,WPRO,0,18,0,0
2021-02-12,Solomon Islands,WPRO,0,18,0,0
2021-02-13,Solomon Islands,WPRO,0,18,0,0
2021-02-14,Solomon Islands,WPRO,0,18,0,0
2021-02-15,Solomon Islands,WPRO,0,18,0,0
2021-02-16,Solomon Islands,WPRO,0,18,0,0
2021-02-17,Solomon Islands,WPRO,0,18,0,0
2021-02-18,Solomon Islands,WPRO,0,18,0,0
2021-02-19,Solomon Islands,WPRO,0,18,0,0
2021-02-20,Solomon Islands,WPRO,0,18,0,0
2021-02-21,Solomon Islands,WPRO,0,18,0,0
2021-02-22,Solomon Islands,WPRO,0,18,0,0
2021-02-23,Solomon Islands,WPRO,0,18,0,0
2021-02-24,Solomon Islands,WPRO,0,18,0,0
2021-02-25,Solomon Islands,WPRO,0,18,0,0
2021-02-26,Solomon Islands,WPRO,0,18,0,0
2021-02-27,Solomon Islands,WPRO,0,18,0,0
2021-02-28,Solomon Islands,WPRO,0,18,0,0
2021-03-01,Solomon Islands,WPRO,0,18,0,0
2021-03-02,Solomon Islands,WPRO,0,18,0,0
2021-03-03,Solomon Islands,WPRO,0,18,0,0
2021-03-04,Solomon Islands,WPRO,0,18,0,0
2021-03-05,Solomon Islands,WPRO,0,18,0,0
2021-03-06,Solomon Islands,WPRO,0,18,0,0
2021-03-07,Solomon Islands,WPRO,0,18,0,0
2021-03-08,Solomon Islands,WPRO,0,18,0,0
2021-03-09,Solomon Islands,WPRO,0,18,0,0
2021-03-10,Solomon Islands,WPRO,0,18,0,0
2021-03-11,Solomon Islands,WPRO,0,18,0,0
2021-03-12,Solomon Islands,WPRO,0,18,0,0
2021-03-13,Solomon Islands,WPRO,0,18,0,0
2021-03-14,Solomon Islands,WPRO,0,18,0,0
2021-03-15,Solomon Islands,WPRO,0,18,0,0
2021-03-16,Solomon Islands,WPRO,0,18,0,0
2021-03-17,Solomon Islands,WPRO,0,18,0,0
2021-03-18,Solomon Islands,WPRO,0,18,0,0
2021-03-19,Solomon Islands,WPRO,0,18,0,0
2021-03-20,Solomon Islands,WPRO,0,18,0,0
2021-03-21,Solomon Islands,WPRO,0,18,0,0
2021-03-22,Solomon Islands,WPRO,0,18,0,0
2021-03-23,Solomon Islands,WPRO,0,18,0,0
2021-03-24,Solomon Islands,WPRO,0,18,0,0
2021-03-25,Solomon Islands,WPRO,0,18,0,0
2021-03-26,Solomon Islands,WPRO,0,18,0,0
2021-03-27,Solomon Islands,WPRO,0,18,0,0
2021-03-28,Solomon Islands,WPRO,0,18,0,0
2021-03-29,Solomon Islands,WPRO,1,19,0,0
2021-03-30,Solomon Islands,WPRO,0,19,0,0
2021-03-31,Solomon Islands,WPRO,0,19,0,0
2021-04-01,Solomon Islands,WPRO,0,19,0,0
2021-04-02,Solomon Islands,WPRO,0,19,0,0
2021-04-03,Solomon Islands,WPRO,0,19,0,0
2021-04-04,Solomon Islands,WPRO,0,19,0,0
2021-04-05,Solomon Islands,WPRO,0,19,0,0
2021-04-06,Solomon Islands,WPRO,0,19,0,0
2021-04-07,Solomon Islands,WPRO,0,19,0,0
2021-04-08,Solomon Islands,WPRO,0,19,0,0
2021-04-09,Solomon Islands,WPRO,0,19,0,0
2021-04-10,Solomon Islands,WPRO,1,20,0,0
2021-04-11,Solomon Islands,WPRO,0,20,0,0
2021-04-12,Solomon Islands,WPRO,0,20,0,0
2021-04-13,Solomon Islands,WPRO,0,20,0,0
2021-04-14,Solomon Islands,WPRO,0,20,0,0
2021-04-15,Solomon Islands,WPRO,0,20,0,0
2021-04-16,Solomon Islands,WPRO,0,20,0,0
2021-04-17,Solomon Islands,WPRO,0,20,0,0
2021-04-18,Solomon Islands,WPRO,0,20,0,0
2021-04-19,Solomon Islands,WPRO,0,20,0,0
2021-04-20,Solomon Islands,WPRO,0,20,0,0
2021-04-21,Solomon Islands,WPRO,0,20,0,0
2021-04-22,Solomon Islands,WPRO,0,20,0,0
2021-04-23,Solomon Islands,WPRO,0,20,0,0
2021-04-24,Solomon Islands,WPRO,0,20,0,0
2021-04-25,Solomon Islands,WPRO,0,20,0,0
2021-04-26,Solomon Islands,WPRO,0,20,0,0
2021-04-27,Solomon Islands,WPRO,0,20,0,0
2021-04-28,Solomon Islands,WPRO,0,20,0,0
2021-04-29,Solomon Islands,WPRO,0,20,0,0
2021-04-30,Solomon Islands,WPRO,0,20,0,0
2021-05-01,Solomon Islands,WPRO,0,20,0,0
2021-05-02,Solomon Islands,WPRO,0,20,0,0
2021-05-03,Solomon Islands,WPRO,0,20,0,0
2021-05-04,Solomon Islands,WPRO,0,20,0,0
2021-05-05,Solomon Islands,WPRO,0,20,0,0
2021-05-06,Solomon Islands,WPRO,0,20,0,0
2021-05-07,Solomon Islands,WPRO,0,20,0,0
2021-05-08,Solomon Islands,WPRO,0,20,0,0
2021-05-09,Solomon Islands,WPRO,0,20,0,0
2021-05-10,Solomon Islands,WPRO,0,20,0,0
2021-05-11,Solomon Islands,WPRO,0,20,0,0
2021-05-12,Solomon Islands,WPRO,0,20,0,0
2021-05-13,Solomon Islands,WPRO,0,20,0,0
2021-05-14,Solomon Islands,WPRO,0,20,0,0
2021-05-15,Solomon Islands,WPRO,0,20,0,0
2021-05-16,Solomon Islands,WPRO,0,20,0,0
2021-05-17,Solomon Islands,WPRO,0,20,0,0
2021-05-18,Solomon Islands,WPRO,0,20,0,0
2021-05-19,Solomon Islands,WPRO,0,20,0,0
2021-05-20,Solomon Islands,WPRO,0,20,0,0
2021-05-21,Solomon Islands,WPRO,0,20,0,0
2021-05-22,Solomon Islands,WPRO,0,20,0,0
2021-05-23,Solomon Islands,WPRO,0,20,0,0
2021-05-24,Solomon Islands,WPRO,0,20,0,0
2021-05-25,Solomon Islands,WPRO,0,20,0,0
2021-05-26,Solomon Islands,WPRO,0,20,0,0
2021-05-27,Solomon Islands,WPRO,0,20,0,0
2021-05-28,Solomon Islands,WPRO,0,20,0,0
2021-05-29,Solomon Islands,WPRO,0,20,0,0
2021-05-30,Solomon Islands,WPRO,0,20,0,0
2021-01-01,Somalia,EMRO,0,4714,0,130
2021-01-02,Somalia,EMRO,0,4714,0,130
2021-01-03,Somalia,EMRO,0,4714,0,130
2021-01-04,Somalia,EMRO,0,4714,0,130
2021-01-05,Somalia,EMRO,0,4714,0,130
2021-01-06,Somalia,EMRO,0,4714,0,130
2021-01-07,Somalia,EMRO,12,4726,0,130
2021-01-08,Somalia,EMRO,0,4726,0,130
2021-01-09,Somalia,EMRO,0,4726,0,130
2021-01-10,Somalia,EMRO,0,4726,0,130
2021-01-11,Somalia,EMRO,0,4726,0,130
2021-01-12,Somalia,EMRO,0,4726,0,130
2021-01-13,Somalia,EMRO,0,4726,0,130
2021-01-14,Somalia,EMRO,0,4726,0,130
2021-01-15,Somalia,EMRO,18,4744,0,130
2021-01-16,Somalia,EMRO,0,4744,0,130
2021-01-17,Somalia,EMRO,0,4744,0,130
2021-01-18,Somalia,EMRO,0,4744,0,130
2021-01-19,Somalia,EMRO,0,4744,0,130
2021-01-20,Somalia,EMRO,0,4744,0,130
2021-01-21,Somalia,EMRO,0,4744,0,130
2021-01-22,Somalia,EMRO,0,4744,0,130
2021-01-23,Somalia,EMRO,0,4744,0,130
2021-01-24,Somalia,EMRO,10,4754,0,130
2021-01-25,Somalia,EMRO,0,4754,0,130
2021-01-26,Somalia,EMRO,0,4754,0,130
2021-01-27,Somalia,EMRO,30,4784,0,130
2021-01-28,Somalia,EMRO,0,4784,0,130
2021-01-29,Somalia,EMRO,0,4784,0,130
2021-01-30,Somalia,EMRO,0,4784,0,130
2021-01-31,Somalia,EMRO,0,4784,0,130
2021-02-01,Somalia,EMRO,0,4784,0,130
2021-02-02,Somalia,EMRO,0,4784,0,130
2021-02-03,Somalia,EMRO,0,4784,0,130
2021-02-04,Somalia,EMRO,30,4814,2,132
2021-02-05,Somalia,EMRO,0,4814,0,132
2021-02-06,Somalia,EMRO,0,4814,0,132
2021-02-07,Somalia,EMRO,40,4854,2,134
2021-02-08,Somalia,EMRO,8,4862,0,134
2021-02-09,Somalia,EMRO,0,4862,0,134
2021-02-10,Somalia,EMRO,0,4862,0,134
2021-02-11,Somalia,EMRO,73,4935,5,139
2021-02-12,Somalia,EMRO,78,5013,5,144
2021-02-13,Somalia,EMRO,62,5075,2,146
2021-02-14,Somalia,EMRO,17,5092,2,148
2021-02-15,Somalia,EMRO,91,5183,4,152
2021-02-16,Somalia,EMRO,90,5273,2,154
2021-02-17,Somalia,EMRO,100,5373,9,163
2021-02-18,Somalia,EMRO,127,5500,9,172
2021-02-19,Somalia,EMRO,132,5632,7,179
2021-02-20,Somalia,EMRO,0,5632,0,179
2021-02-21,Somalia,EMRO,257,5889,15,194
2021-02-22,Somalia,EMRO,128,6017,8,202
2021-02-23,Somalia,EMRO,229,6246,6,208
2021-02-24,Somalia,EMRO,198,6444,7,215
2021-02-25,Somalia,EMRO,105,6549,3,218
2021-02-26,Somalia,EMRO,138,6687,5,223
2021-02-27,Somalia,EMRO,0,6687,0,223
2021-02-28,Somalia,EMRO,304,6991,8,231
2021-03-01,Somalia,EMRO,266,7257,8,239
2021-03-02,Somalia,EMRO,135,7392,4,243
2021-03-03,Somalia,EMRO,126,7518,6,249
2021-03-04,Somalia,EMRO,209,7727,11,260
2021-03-05,Somalia,EMRO,123,7850,14,274
2021-03-06,Somalia,EMRO,0,7850,0,274
2021-03-07,Somalia,EMRO,191,8041,20,294
2021-03-08,Somalia,EMRO,280,8321,8,302
2021-03-09,Somalia,EMRO,117,8438,5,307
2021-03-10,Somalia,EMRO,139,8577,12,319
2021-03-11,Somalia,EMRO,136,8713,8,327
2021-03-12,Somalia,EMRO,107,8820,11,338
2021-03-13,Somalia,EMRO,0,8820,0,338
2021-03-14,Somalia,EMRO,126,8946,11,349
2021-03-15,Somalia,EMRO,244,9190,18,367
2021-03-16,Somalia,EMRO,138,9328,12,379
2021-03-17,Somalia,EMRO,109,9437,6,385
2021-03-18,Somalia,EMRO,163,9600,7,392
2021-03-19,Somalia,EMRO,0,9600,0,392
2021-03-20,Somalia,EMRO,325,9925,22,414
2021-03-21,Somalia,EMRO,43,9968,5,419
2021-03-22,Somalia,EMRO,117,10085,10,429
2021-03-23,Somalia,EMRO,129,10214,12,441
2021-03-24,Somalia,EMRO,155,10369,12,453
2021-03-25,Somalia,EMRO,162,10531,10,463
2021-03-26,Somalia,EMRO,133,10664,8,471
2021-03-27,Somalia,EMRO,0,10664,0,471
2021-03-28,Somalia,EMRO,174,10838,17,488
2021-03-29,Somalia,EMRO,0,10838,8,496
2021-03-30,Somalia,EMRO,326,11164,14,510
2021-03-31,Somalia,EMRO,0,11164,0,510
2021-04-01,Somalia,EMRO,234,11398,19,529
2021-04-02,Somalia,EMRO,106,11504,8,537
2021-04-03,Somalia,EMRO,119,11623,9,546
2021-04-04,Somalia,EMRO,0,11623,0,546
2021-04-05,Somalia,EMRO,160,11783,11,557
2021-04-06,Somalia,EMRO,125,11908,11,568
2021-04-07,Somalia,EMRO,70,11978,8,576
2021-04-08,Somalia,EMRO,0,11978,0,576
2021-04-09,Somalia,EMRO,293,12271,29,605
2021-04-10,Somalia,EMRO,0,12271,0,605
2021-04-11,Somalia,EMRO,0,12271,0,605
2021-04-12,Somalia,EMRO,135,12406,13,618
2021-04-13,Somalia,EMRO,160,12566,6,624
2021-04-14,Somalia,EMRO,0,12566,0,624
2021-04-15,Somalia,EMRO,271,12837,32,656
2021-04-16,Somalia,EMRO,0,12837,0,656
2021-04-17,Somalia,EMRO,0,12837,0,656
2021-04-18,Somalia,EMRO,0,12837,0,656
2021-04-19,Somalia,EMRO,242,13079,14,670
2021-04-20,Somalia,EMRO,245,13324,8,678
2021-04-21,Somalia,EMRO,0,13324,0,678
2021-04-22,Somalia,EMRO,135,13459,11,689
2021-04-23,Somalia,EMRO,0,13459,0,689
2021-04-24,Somalia,EMRO,0,13459,0,689
2021-04-25,Somalia,EMRO,0,13459,0,689
2021-04-26,Somalia,EMRO,211,13670,9,698
2021-04-27,Somalia,EMRO,142,13812,4,702
2021-04-28,Somalia,EMRO,103,13915,11,713
2021-04-29,Somalia,EMRO,0,13915,0,713
2021-04-30,Somalia,EMRO,0,13915,0,713
2021-05-01,Somalia,EMRO,0,13915,0,713
2021-05-02,Somalia,EMRO,0,13915,0,713
2021-05-03,Somalia,EMRO,0,13915,0,713
2021-05-04,Somalia,EMRO,0,13915,0,713
2021-05-05,Somalia,EMRO,206,14121,8,721
2021-05-06,Somalia,EMRO,247,14368,24,745
2021-05-07,Somalia,EMRO,0,14368,0,745
2021-05-08,Somalia,EMRO,0,14368,0,745
2021-05-09,Somalia,EMRO,47,14415,2,747
2021-05-10,Somalia,EMRO,0,14415,0,747
2021-05-11,Somalia,EMRO,0,14415,0,747
2021-05-12,Somalia,EMRO,71,14486,6,753
2021-05-13,Somalia,EMRO,0,14486,0,753
2021-05-14,Somalia,EMRO,0,14486,0,753
2021-05-15,Somalia,EMRO,0,14486,0,753
2021-05-16,Somalia,EMRO,0,14486,0,753
2021-05-17,Somalia,EMRO,0,14486,0,753
2021-05-18,Somalia,EMRO,0,14486,0,753
2021-05-19,Somalia,EMRO,89,14575,9,762
2021-05-20,Somalia,EMRO,0,14575,0,762
2021-05-21,Somalia,EMRO,19,14594,5,767
2021-05-22,Somalia,EMRO,0,14594,0,767
2021-05-23,Somalia,EMRO,29,14623,0,767
2021-05-24,Somalia,EMRO,9,14632,0,767
2021-05-25,Somalia,EMRO,0,14632,0,767
2021-05-26,Somalia,EMRO,0,14632,0,767
2021-05-27,Somalia,EMRO,0,14632,0,767
2021-05-28,Somalia,EMRO,0,14632,0,767
2021-05-29,Somalia,EMRO,15,14647,1,768
2021-05-30,Somalia,EMRO,6,14653,0,768
2021-01-01,South Africa,AFRO,18400,1057561,436,28469
2021-01-02,South Africa,AFRO,0,1057561,0,28469
2021-01-03,South Africa,AFRO,31328,1088889,706,29175
2021-01-04,South Africa,AFRO,11859,1100748,402,29577
2021-01-05,South Africa,AFRO,12601,1113349,434,30011
2021-01-06,South Africa,AFRO,14410,1127759,513,30524
2021-01-07,South Africa,AFRO,21832,1149591,844,31368
2021-01-08,South Africa,AFRO,20999,1170590,441,31809
2021-01-09,South Africa,AFRO,21980,1192570,616,32425
2021-01-10,South Africa,AFRO,21606,1214176,399,32824
2021-01-11,South Africa,AFRO,17421,1231597,339,33163
2021-01-12,South Africa,AFRO,15046,1246643,416,33579
2021-01-13,South Africa,AFRO,13105,1259748,755,34334
2021-01-14,South Africa,AFRO,18555,1278303,806,35140
2021-01-15,South Africa,AFRO,18503,1296806,712,35852
2021-01-16,South Africa,AFRO,14880,1311686,615,36467
2021-01-17,South Africa,AFRO,13973,1325659,384,36851
2021-01-18,South Africa,AFRO,12267,1337926,254,37105
2021-01-19,South Africa,AFRO,9010,1346936,344,37449
2021-01-20,South Africa,AFRO,9780,1356716,839,38288
2021-01-21,South Africa,AFRO,12710,1369426,566,38854
2021-01-22,South Africa,AFRO,11381,1380807,647,39501
2021-01-23,South Africa,AFRO,11761,1392568,575,40076
2021-01-24,South Africa,AFRO,12271,1404839,498,40574
2021-01-25,South Africa,AFRO,8147,1412986,300,40874
2021-01-26,South Africa,AFRO,4551,1417537,243,41117
2021-01-27,South Africa,AFRO,6041,1423578,680,41797
2021-01-28,South Africa,AFRO,7070,1430648,753,42550
2021-01-29,South Africa,AFRO,7150,1437798,555,43105
2021-01-30,South Africa,AFRO,6141,1443939,528,43633
2021-01-31,South Africa,AFRO,5297,1449236,318,43951
2021-02-01,South Africa,AFRO,4525,1453761,213,44164
2021-02-02,South Africa,AFRO,2548,1456309,235,44399
2021-02-03,South Africa,AFRO,2649,1458958,547,44946
2021-02-04,South Africa,AFRO,4058,1463016,398,45344
2021-02-05,South Africa,AFRO,3751,1466767,261,45605
2021-02-06,South Africa,AFRO,3749,1470516,297,45902
2021-02-07,South Africa,AFRO,3184,1473700,278,46180
2021-02-08,South Africa,AFRO,2435,1476135,110,46290
2021-02-09,South Africa,AFRO,1376,1477511,183,46473
2021-02-10,South Africa,AFRO,1742,1479253,396,46869
2021-02-11,South Africa,AFRO,3159,1482412,276,47145
2021-02-12,South Africa,AFRO,2488,1484900,237,47382
2021-02-13,South Africa,AFRO,2781,1487681,288,47670
2021-02-14,South Africa,AFRO,2382,1490063,151,47821
2021-02-15,South Africa,AFRO,1744,1491807,78,47899
2021-02-16,South Africa,AFRO,1102,1492909,195,48094
2021-02-17,South Africa,AFRO,1210,1494119,219,48313
2021-02-18,South Africa,AFRO,2320,1496439,165,48478
2021-02-19,South Africa,AFRO,2327,1498766,230,48708
2021-02-20,South Africa,AFRO,1911,1500677,151,48859
2021-02-21,South Africa,AFRO,1690,1502367,81,48940
2021-02-22,South Africa,AFRO,1429,1503796,113,49053
2021-02-23,South Africa,AFRO,792,1504588,97,49150
2021-02-24,South Africa,AFRO,998,1505586,263,49413
2021-02-25,South Africa,AFRO,1862,1507448,110,49523
2021-02-26,South Africa,AFRO,1676,1509124,144,49667
2021-02-27,South Africa,AFRO,1654,1510778,117,49784
2021-02-28,South Africa,AFRO,1447,1512225,157,49941
2021-03-01,South Africa,AFRO,1168,1513393,52,49993
2021-03-02,South Africa,AFRO,566,1513959,84,50077
2021-03-03,South Africa,AFRO,856,1514815,194,50271
2021-03-04,South Africa,AFRO,1447,1516262,95,50366
2021-03-05,South Africa,AFRO,1404,1517666,96,50462
2021-03-06,South Africa,AFRO,1313,1518979,104,50566
2021-03-07,South Africa,AFRO,1227,1520206,81,50647
2021-03-08,South Africa,AFRO,862,1521068,31,50678
2021-03-09,South Africa,AFRO,638,1521706,125,50803
2021-03-10,South Africa,AFRO,991,1522697,103,50906
2021-03-11,South Africa,AFRO,1477,1524174,109,51015
2021-03-12,South Africa,AFRO,1474,1525648,95,51110
2021-03-13,South Africa,AFRO,1225,1526873,69,51179
2021-03-14,South Africa,AFRO,1541,1528414,82,51261
2021-03-15,South Africa,AFRO,1006,1529420,65,51326
2021-03-16,South Africa,AFRO,613,1530033,95,51421
2021-03-17,South Africa,AFRO,933,1530966,139,51560
2021-03-18,South Africa,AFRO,1531,1532497,74,51634
2021-03-19,South Africa,AFRO,1464,1533961,90,51724
2021-03-20,South Africa,AFRO,1462,1535423,311,52035
2021-03-21,South Africa,AFRO,1378,1536801,47,52082
2021-03-22,South Africa,AFRO,1051,1537852,29,52111
2021-03-23,South Africa,AFRO,599,1538451,85,52196
2021-03-24,South Africa,AFRO,510,1538961,55,52251
2021-03-25,South Africa,AFRO,1048,1540009,121,52372
2021-03-26,South Africa,AFRO,1554,1541563,163,52535
2021-03-27,South Africa,AFRO,1516,1543079,67,52602
2021-03-28,South Africa,AFRO,1387,1544466,46,52648
2021-03-29,South Africa,AFRO,965,1545431,15,52663
2021-03-30,South Africa,AFRO,548,1545979,47,52710
2021-03-31,South Africa,AFRO,756,1546735,78,52788
2021-04-01,South Africa,AFRO,1422,1548157,58,52846
2021-04-02,South Africa,AFRO,1294,1549451,51,52897
2021-04-03,South Africa,AFRO,1273,1550724,49,52946
2021-04-04,South Africa,AFRO,777,1551501,8,52954
2021-04-05,South Africa,AFRO,463,1551964,33,52987
2021-04-06,South Africa,AFRO,452,1552416,8,52995
2021-04-07,South Africa,AFRO,437,1552853,37,53032
2021-04-08,South Africa,AFRO,756,1553609,79,53111
2021-04-09,South Africa,AFRO,1366,1554975,62,53173
2021-04-10,South Africa,AFRO,1267,1556242,53,53226
2021-04-11,South Africa,AFRO,1285,1557527,30,53256
2021-04-12,South Africa,AFRO,931,1558458,66,53322
2021-04-13,South Africa,AFRO,655,1559113,34,53356
2021-04-14,South Africa,AFRO,847,1559960,67,53423
2021-04-15,South Africa,AFRO,1599,1561559,75,53498
2021-04-16,South Africa,AFRO,1372,1562931,73,53571
2021-04-17,South Africa,AFRO,1424,1564355,92,53663
2021-04-18,South Africa,AFRO,1325,1565680,48,53711
2021-04-19,South Africa,AFRO,1089,1566769,25,53736
2021-04-20,South Africa,AFRO,744,1567513,21,53757
2021-04-21,South Africa,AFRO,853,1568366,130,53887
2021-04-22,South Africa,AFRO,1569,1569935,53,53940
2021-04-23,South Africa,AFRO,1413,1571348,55,53995
2021-04-24,South Africa,AFRO,1637,1572985,71,54066
2021-04-25,South Africa,AFRO,1385,1574370,59,54125
2021-04-26,South Africa,AFRO,1101,1575471,23,54148
2021-04-27,South Africa,AFRO,849,1576320,38,54186
2021-04-28,South Africa,AFRO,880,1577200,51,54237
2021-04-29,South Africa,AFRO,1250,1578450,48,54285
2021-04-30,South Africa,AFRO,1086,1579536,46,54331
2021-05-01,South Africa,AFRO,1674,1581210,19,54350
2021-05-02,South Africa,AFRO,1632,1582842,56,54406
2021-05-03,South Africa,AFRO,1222,1584064,11,54417
2021-05-04,South Africa,AFRO,897,1584961,35,54452
2021-05-05,South Africa,AFRO,1187,1586148,59,54511
2021-05-06,South Africa,AFRO,2073,1588221,46,54557
2021-05-07,South Africa,AFRO,2149,1590370,63,54620
2021-05-08,South Africa,AFRO,2256,1592626,67,54687
2021-05-09,South Africa,AFRO,2191,1594817,37,54724
2021-05-10,South Africa,AFRO,1778,1596595,11,54735
2021-05-11,South Africa,AFRO,1129,1597724,90,54825
2021-05-12,South Africa,AFRO,1548,1599272,71,54896
2021-05-13,South Africa,AFRO,2759,1602031,72,54968
2021-05-14,South Africa,AFRO,3221,1605252,44,55012
2021-05-15,South Africa,AFRO,3141,1608393,112,55124
2021-05-16,South Africa,AFRO,2750,1611143,59,55183
2021-05-17,South Africa,AFRO,2585,1613728,27,55210
2021-05-18,South Africa,AFRO,1757,1615485,50,55260
2021-05-19,South Africa,AFRO,2355,1617840,80,55340
2021-05-20,South Africa,AFRO,3522,1621362,167,55507
2021-05-21,South Africa,AFRO,3641,1625003,61,55568
2021-05-22,South Africa,AFRO,3332,1628335,151,55719
2021-05-23,South Africa,AFRO,4237,1632572,53,55772
2021-05-24,South Africa,AFRO,2893,1635465,30,55802
2021-05-25,South Africa,AFRO,2383,1637848,72,55874
2021-05-26,South Africa,AFRO,3084,1640932,102,55976
2021-05-27,South Africa,AFRO,4623,1645555,101,56077
2021-05-28,South Africa,AFRO,4422,1649977,93,56170
2021-05-29,South Africa,AFRO,4574,1654551,123,56293
2021-05-30,South Africa,AFRO,4519,1659070,70,56363
2021-01-01,South Sudan,AFRO,18,3558,0,63
2021-01-02,South Sudan,AFRO,0,3558,0,63
2021-01-03,South Sudan,AFRO,0,3558,0,63
2021-01-04,South Sudan,AFRO,0,3558,0,63
2021-01-05,South Sudan,AFRO,31,3589,0,63
2021-01-06,South Sudan,AFRO,0,3589,0,63
2021-01-07,South Sudan,AFRO,15,3604,0,63
2021-01-08,South Sudan,AFRO,0,3604,0,63
2021-01-09,South Sudan,AFRO,0,3604,0,63
2021-01-10,South Sudan,AFRO,36,3640,0,63
2021-01-11,South Sudan,AFRO,9,3649,0,63
2021-01-12,South Sudan,AFRO,13,3662,0,63
2021-01-13,South Sudan,AFRO,8,3670,0,63
2021-01-14,South Sudan,AFRO,0,3670,0,63
2021-01-15,South Sudan,AFRO,0,3670,0,63
2021-01-16,South Sudan,AFRO,23,3693,0,63
2021-01-17,South Sudan,AFRO,0,3693,0,63
2021-01-18,South Sudan,AFRO,10,3703,0,63
2021-01-19,South Sudan,AFRO,0,3703,0,63
2021-01-20,South Sudan,AFRO,59,3762,0,63
2021-01-21,South Sudan,AFRO,0,3762,0,63
2021-01-22,South Sudan,AFRO,0,3762,1,64
2021-01-23,South Sudan,AFRO,11,3773,0,64
2021-01-24,South Sudan,AFRO,0,3773,0,64
2021-01-25,South Sudan,AFRO,92,3865,0,64
2021-01-26,South Sudan,AFRO,0,3865,0,64
2021-01-27,South Sudan,AFRO,17,3882,0,64
2021-01-28,South Sudan,AFRO,0,3882,0,64
2021-01-29,South Sudan,AFRO,47,3929,0,64
2021-01-30,South Sudan,AFRO,32,3961,0,64
2021-01-31,South Sudan,AFRO,0,3961,0,64
2021-02-01,South Sudan,AFRO,0,3961,0,64
2021-02-02,South Sudan,AFRO,76,4037,0,64
2021-02-03,South Sudan,AFRO,0,4037,0,64
2021-02-04,South Sudan,AFRO,69,4106,1,65
2021-02-05,South Sudan,AFRO,0,4106,0,65
2021-02-06,South Sudan,AFRO,249,4355,0,65
2021-02-07,South Sudan,AFRO,0,4355,0,65
2021-02-08,South Sudan,AFRO,0,4355,0,65
2021-02-09,South Sudan,AFRO,254,4609,0,65
2021-02-10,South Sudan,AFRO,0,4609,0,65
2021-02-11,South Sudan,AFRO,351,4960,6,71
2021-02-12,South Sudan,AFRO,0,4960,0,71
2021-02-13,South Sudan,AFRO,174,5134,1,72
2021-02-14,South Sudan,AFRO,176,5310,2,74
2021-02-15,South Sudan,AFRO,103,5413,0,74
2021-02-16,South Sudan,AFRO,0,5413,0,74
2021-02-17,South Sudan,AFRO,297,5710,3,77
2021-02-18,South Sudan,AFRO,212,5922,2,79
2021-02-19,South Sudan,AFRO,162,6084,4,83
2021-02-20,South Sudan,AFRO,193,6277,0,83
2021-02-21,South Sudan,AFRO,140,6417,2,85
2021-02-22,South Sudan,AFRO,167,6584,1,86
2021-02-23,South Sudan,AFRO,347,6931,1,87
2021-02-24,South Sudan,AFRO,167,7098,0,87
2021-02-25,South Sudan,AFRO,0,7098,0,87
2021-02-26,South Sudan,AFRO,251,7349,0,87
2021-02-27,South Sudan,AFRO,0,7349,0,87
2021-02-28,South Sudan,AFRO,0,7349,0,87
2021-03-01,South Sudan,AFRO,577,7926,6,93
2021-03-02,South Sudan,AFRO,84,8010,0,93
2021-03-03,South Sudan,AFRO,134,8144,2,95
2021-03-04,South Sudan,AFRO,270,8414,5,100
2021-03-05,South Sudan,AFRO,0,8414,0,100
2021-03-06,South Sudan,AFRO,13,8427,0,100
2021-03-07,South Sudan,AFRO,250,8677,2,102
2021-03-08,South Sudan,AFRO,89,8766,0,102
2021-03-09,South Sudan,AFRO,104,8870,0,102
2021-03-10,South Sudan,AFRO,0,8870,0,102
2021-03-11,South Sudan,AFRO,222,9092,0,102
2021-03-12,South Sudan,AFRO,113,9205,1,103
2021-03-13,South Sudan,AFRO,129,9334,1,104
2021-03-14,South Sudan,AFRO,95,9429,0,104
2021-03-15,South Sudan,AFRO,61,9490,0,104
2021-03-16,South Sudan,AFRO,64,9554,0,104
2021-03-17,South Sudan,AFRO,59,9613,0,104
2021-03-18,South Sudan,AFRO,81,9694,2,106
2021-03-19,South Sudan,AFRO,74,9768,0,106
2021-03-20,South Sudan,AFRO,41,9809,0,106
2021-03-21,South Sudan,AFRO,40,9849,0,106
2021-03-22,South Sudan,AFRO,30,9879,0,106
2021-03-23,South Sudan,AFRO,11,9890,0,106
2021-03-24,South Sudan,AFRO,29,9919,0,106
2021-03-25,South Sudan,AFRO,50,9969,1,107
2021-03-26,South Sudan,AFRO,79,10048,1,108
2021-03-27,South Sudan,AFRO,0,10048,0,108
2021-03-28,South Sudan,AFRO,0,10048,0,108
2021-03-29,South Sudan,AFRO,50,10098,0,108
2021-03-30,South Sudan,AFRO,21,10119,0,108
2021-03-31,South Sudan,AFRO,0,10119,0,108
2021-04-01,South Sudan,AFRO,78,10197,4,112
2021-04-02,South Sudan,AFRO,0,10197,0,112
2021-04-03,South Sudan,AFRO,58,10255,0,112
2021-04-04,South Sudan,AFRO,0,10255,0,112
2021-04-05,South Sudan,AFRO,26,10281,1,113
2021-04-06,South Sudan,AFRO,0,10281,0,113
2021-04-07,South Sudan,AFRO,5,10286,0,113
2021-04-08,South Sudan,AFRO,11,10297,0,113
2021-04-09,South Sudan,AFRO,27,10324,1,114
2021-04-10,South Sudan,AFRO,0,10324,0,114
2021-04-11,South Sudan,AFRO,16,10340,0,114
2021-04-12,South Sudan,AFRO,32,10372,0,114
2021-04-13,South Sudan,AFRO,9,10381,0,114
2021-04-14,South Sudan,AFRO,6,10387,0,114
2021-04-15,South Sudan,AFRO,16,10403,0,114
2021-04-16,South Sudan,AFRO,11,10414,0,114
2021-04-17,South Sudan,AFRO,0,10414,0,114
2021-04-18,South Sudan,AFRO,18,10432,0,114
2021-04-19,South Sudan,AFRO,41,10473,0,114
2021-04-20,South Sudan,AFRO,5,10478,0,114
2021-04-21,South Sudan,AFRO,0,10478,0,114
2021-04-22,South Sudan,AFRO,8,10486,0,114
2021-04-23,South Sudan,AFRO,18,10504,0,114
2021-04-24,South Sudan,AFRO,11,10515,0,114
2021-04-25,South Sudan,AFRO,0,10515,0,114
2021-04-26,South Sudan,AFRO,17,10532,0,114
2021-04-27,South Sudan,AFRO,6,10538,0,114
2021-04-28,South Sudan,AFRO,15,10553,0,114
2021-04-29,South Sudan,AFRO,0,10553,0,114
2021-04-30,South Sudan,AFRO,14,10567,0,114
2021-05-01,South Sudan,AFRO,16,10583,1,115
2021-05-02,South Sudan,AFRO,0,10583,0,115
2021-05-03,South Sudan,AFRO,0,10583,0,115
2021-05-04,South Sudan,AFRO,19,10602,0,115
2021-05-05,South Sudan,AFRO,11,10613,0,115
2021-05-06,South Sudan,AFRO,0,10613,0,115
2021-05-07,South Sudan,AFRO,7,10620,1,116
2021-05-08,South Sudan,AFRO,17,10637,0,116
2021-05-09,South Sudan,AFRO,0,10637,0,116
2021-05-10,South Sudan,AFRO,0,10637,-1,115
2021-05-11,South Sudan,AFRO,0,10637,0,115
2021-05-12,South Sudan,AFRO,4,10641,0,115
2021-05-13,South Sudan,AFRO,0,10641,0,115
2021-05-14,South Sudan,AFRO,0,10641,0,115
2021-05-15,South Sudan,AFRO,0,10641,0,115
2021-05-16,South Sudan,AFRO,11,10652,0,115
2021-05-17,South Sudan,AFRO,0,10652,0,115
2021-05-18,South Sudan,AFRO,0,10652,0,115
2021-05-19,South Sudan,AFRO,0,10652,0,115
2021-05-20,South Sudan,AFRO,0,10652,0,115
2021-05-21,South Sudan,AFRO,0,10652,0,115
2021-05-22,South Sudan,AFRO,0,10652,0,115
2021-05-23,South Sudan,AFRO,18,10670,0,115
2021-05-24,South Sudan,AFRO,0,10670,0,115
2021-05-25,South Sudan,AFRO,7,10677,0,115
2021-05-26,South Sudan,AFRO,9,10686,0,115
2021-05-27,South Sudan,AFRO,0,10686,0,115
2021-05-28,South Sudan,AFRO,0,10686,0,115
2021-05-29,South Sudan,AFRO,2,10688,0,115
2021-05-30,South Sudan,AFRO,0,10688,0,115
2021-01-01,Spain,EURO,21065,1970875,195,53972
2021-01-02,Spain,EURO,15543,1986418,189,54161
2021-01-03,Spain,EURO,7570,1993988,172,54333
2021-01-04,Spain,EURO,10315,2004303,189,54522
2021-01-05,Spain,EURO,9774,2014077,179,54701
2021-01-06,Spain,EURO,21947,2036024,187,54888
2021-01-07,Spain,EURO,30546,2066570,240,55128
2021-01-08,Spain,EURO,14484,2081054,186,55314
2021-01-09,Spain,EURO,26624,2107678,232,55546
2021-01-10,Spain,EURO,32728,2140406,246,55792
2021-01-11,Spain,EURO,19237,2159643,225,56017
2021-01-12,Spain,EURO,13820,2173463,235,56252
2021-01-13,Spain,EURO,32280,2205743,293,56545
2021-01-14,Spain,EURO,37284,2243027,284,56829
2021-01-15,Spain,EURO,38797,2281824,296,57125
2021-01-16,Spain,EURO,38225,2320049,313,57438
2021-01-17,Spain,EURO,42817,2362866,388,57826
2021-01-18,Spain,EURO,24927,2387793,360,58186
2021-01-19,Spain,EURO,18561,2406354,359,58545
2021-01-20,Spain,EURO,35629,2441983,408,58953
2021-01-21,Spain,EURO,42276,2484259,481,59434
2021-01-22,Spain,EURO,41798,2526057,450,59884
2021-01-23,Spain,EURO,40676,2566733,482,60366
2021-01-24,Spain,EURO,42080,2608813,562,60928
2021-01-25,Spain,EURO,23787,2632600,448,61376
2021-01-26,Spain,EURO,17273,2649873,513,61889
2021-01-27,Spain,EURO,32649,2682522,523,62412
2021-01-28,Spain,EURO,37382,2719904,540,62952
2021-01-29,Spain,EURO,35724,2755628,587,63539
2021-01-30,Spain,EURO,33226,2788854,572,64111
2021-01-31,Spain,EURO,32257,2821111,523,64634
2021-02-01,Spain,EURO,18132,2839243,508,65142
2021-02-02,Spain,EURO,11597,2850840,483,65625
2021-02-03,Spain,EURO,22401,2873241,537,66162
2021-02-04,Spain,EURO,25925,2899166,490,66652
2021-02-05,Spain,EURO,23729,2922895,485,67137
2021-02-06,Spain,EURO,21047,2943942,461,67598
2021-02-07,Spain,EURO,20107,2964049,454,68052
2021-02-08,Spain,EURO,10305,2974354,407,68459
2021-02-09,Spain,EURO,6077,2980431,379,68838
2021-02-10,Spain,EURO,13724,2994155,407,69245
2021-02-11,Spain,EURO,15307,3009462,387,69632
2021-02-12,Spain,EURO,13281,3022743,407,70039
2021-02-13,Spain,EURO,11821,3034564,353,70392
2021-02-14,Spain,EURO,11664,3046228,335,70727
2021-02-15,Spain,EURO,5731,3051959,288,71015
2021-02-16,Spain,EURO,3562,3055521,240,71255
2021-02-17,Spain,EURO,8818,3064339,281,71536
2021-02-18,Spain,EURO,9828,3074167,290,71826
2021-02-19,Spain,EURO,8584,3082751,251,72077
2021-02-20,Spain,EURO,8157,3090908,242,72319
2021-02-21,Spain,EURO,7967,3098875,223,72542
2021-02-22,Spain,EURO,3996,3102871,181,72723
2021-02-23,Spain,EURO,2665,3105536,181,72904
2021-02-24,Spain,EURO,6823,3112359,223,73127
2021-02-25,Spain,EURO,7341,3119700,183,73310
2021-02-26,Spain,EURO,6465,3126165,209,73519
2021-02-27,Spain,EURO,6161,3132326,196,73715
2021-02-28,Spain,EURO,6442,3138768,174,73889
2021-03-01,Spain,EURO,3211,3141979,158,74047
2021-03-02,Spain,EURO,2219,3144198,147,74194
2021-03-03,Spain,EURO,5331,3149529,131,74325
2021-03-04,Spain,EURO,5860,3155389,153,74478
2021-03-05,Spain,EURO,5922,3161311,142,74620
2021-03-06,Spain,EURO,5581,3166892,136,74756
2021-03-07,Spain,EURO,5684,3172576,132,74888
2021-03-08,Spain,EURO,2849,3175425,122,75010
2021-03-09,Spain,EURO,2042,3177467,96,75106
2021-03-10,Spain,EURO,5074,3182541,116,75222
2021-03-11,Spain,EURO,5652,3188193,114,75336
2021-03-12,Spain,EURO,5502,3193695,101,75437
2021-03-13,Spain,EURO,5344,3199039,92,75529
2021-03-14,Spain,EURO,5804,3204843,103,75632
2021-03-15,Spain,EURO,2829,3207672,83,75715
2021-03-16,Spain,EURO,1970,3209642,78,75793
2021-03-17,Spain,EURO,5532,3215174,99,75892
2021-03-18,Spain,EURO,6064,3221238,109,76001
2021-03-19,Spain,EURO,5807,3227045,92,76093
2021-03-20,Spain,EURO,6357,3233402,70,76163
2021-03-21,Spain,EURO,4667,3238069,64,76227
2021-03-22,Spain,EURO,2900,3240969,67,76294
2021-03-23,Spain,EURO,2314,3243283,61,76355
2021-03-24,Spain,EURO,6110,3249393,71,76426
2021-03-25,Spain,EURO,7354,3256747,88,76514
2021-03-26,Spain,EURO,6894,3263641,54,76568
2021-03-27,Spain,EURO,7300,3270941,65,76633
2021-03-28,Spain,EURO,7633,3278574,83,76716
2021-03-29,Spain,EURO,4099,3282673,65,76781
2021-03-30,Spain,EURO,2919,3285592,69,76850
2021-03-31,Spain,EURO,7353,3292945,82,76932
2021-04-01,Spain,EURO,8176,3301121,84,77016
2021-04-02,Spain,EURO,8996,3310117,74,77090
2021-04-03,Spain,EURO,5665,3315782,70,77160
2021-04-04,Spain,EURO,3810,3319592,67,77227
2021-04-05,Spain,EURO,4539,3324131,77,77304
2021-04-06,Spain,EURO,4243,3328374,55,77359
2021-04-07,Spain,EURO,7683,3336057,72,77431
2021-04-08,Spain,EURO,10847,3346904,78,77509
2021-04-09,Spain,EURO,10560,3357464,92,77601
2021-04-10,Spain,EURO,10344,3367808,83,77684
2021-04-11,Spain,EURO,10499,3378307,80,77764
2021-04-12,Spain,EURO,5663,3383970,91,77855
2021-04-13,Spain,EURO,3939,3387909,52,77907
2021-04-14,Spain,EURO,8986,3396895,93,78000
2021-04-15,Spain,EURO,10154,3407049,76,78076
2021-04-16,Spain,EURO,10444,3417493,86,78162
2021-04-17,Spain,EURO,9701,3427194,72,78234
2021-04-18,Spain,EURO,10016,3437210,79,78313
2021-04-19,Spain,EURO,5326,3442536,76,78389
2021-04-20,Spain,EURO,3934,3446470,57,78446
2021-04-21,Spain,EURO,8705,3455175,78,78524
2021-04-22,Spain,EURO,10752,3465927,80,78604
2021-04-23,Spain,EURO,9705,3475632,64,78668
2021-04-24,Spain,EURO,9822,3485454,70,78738
2021-04-25,Spain,EURO,9906,3495360,76,78814
2021-04-26,Spain,EURO,5044,3500404,69,78883
2021-04-27,Spain,EURO,3893,3504297,59,78942
2021-04-28,Spain,EURO,8998,3513295,65,79007
2021-04-29,Spain,EURO,9792,3523087,63,79070
2021-04-30,Spain,EURO,9351,3532438,64,79134
2021-05-01,Spain,EURO,8706,3541144,57,79191
2021-05-02,Spain,EURO,9065,3550209,59,79250
2021-05-03,Spain,EURO,3925,3554134,53,79303
2021-05-04,Spain,EURO,3097,3557231,48,79351
2021-05-05,Spain,EURO,6097,3563328,72,79423
2021-05-06,Spain,EURO,7496,3570824,67,79490
2021-05-07,Spain,EURO,7989,3578813,63,79553
2021-05-08,Spain,EURO,6912,3585725,57,79610
2021-05-09,Spain,EURO,7554,3593279,66,79676
2021-05-10,Spain,EURO,3444,3596723,47,79723
2021-05-11,Spain,EURO,2435,3599158,46,79769
2021-05-12,Spain,EURO,6098,3605256,52,79821
2021-05-13,Spain,EURO,5934,3611190,48,79869
2021-05-14,Spain,EURO,5864,3617054,51,79920
2021-05-15,Spain,EURO,5753,3622807,50,79970
2021-05-16,Spain,EURO,5926,3628733,42,80012
2021-05-17,Spain,EURO,2839,3631572,37,80049
2021-05-18,Spain,EURO,2203,3633775,36,80085
2021-05-19,Spain,EURO,5196,3638971,35,80120
2021-05-20,Spain,EURO,5993,3644964,33,80153
2021-05-21,Spain,EURO,5351,3650315,46,80199
2021-05-22,Spain,EURO,5503,3655818,29,80228
2021-05-23,Spain,EURO,5638,3661456,39,80267
2021-05-24,Spain,EURO,2699,3664155,31,80298
2021-05-25,Spain,EURO,1988,3666143,30,80328
2021-05-26,Spain,EURO,4588,3670731,31,80359
2021-05-27,Spain,EURO,5363,3676094,23,80382
2021-05-28,Spain,EURO,5300,3681394,31,80413
2021-05-29,Spain,EURO,5194,3686588,16,80429
2021-05-30,Spain,EURO,5292,3691880,19,80448
2021-01-01,Sri Lanka,SEARO,557,43856,0,204
2021-01-02,Sri Lanka,SEARO,515,44371,7,211
2021-01-03,Sri Lanka,SEARO,403,44774,2,213
2021-01-04,Sri Lanka,SEARO,468,45242,2,215
2021-01-05,Sri Lanka,SEARO,484,45726,2,217
2021-01-06,Sri Lanka,SEARO,522,46248,2,219
2021-01-07,Sri Lanka,SEARO,532,46780,0,219
2021-01-08,Sri Lanka,SEARO,525,47305,3,222
2021-01-09,Sri Lanka,SEARO,535,47840,7,229
2021-01-10,Sri Lanka,SEARO,540,48380,3,232
2021-01-11,Sri Lanka,SEARO,569,48949,0,232
2021-01-12,Sri Lanka,SEARO,588,49537,12,244
2021-01-13,Sri Lanka,SEARO,692,50229,3,247
2021-01-14,Sri Lanka,SEARO,670,50899,4,251
2021-01-15,Sri Lanka,SEARO,695,51594,4,255
2021-01-16,Sri Lanka,SEARO,719,52313,1,256
2021-01-17,Sri Lanka,SEARO,749,53062,8,264
2021-01-18,Sri Lanka,SEARO,688,53750,6,270
2021-01-19,Sri Lanka,SEARO,669,54419,3,273
2021-01-20,Sri Lanka,SEARO,770,55189,1,274
2021-01-21,Sri Lanka,SEARO,887,56076,2,276
2021-01-22,Sri Lanka,SEARO,787,56863,2,278
2021-01-23,Sri Lanka,SEARO,724,57587,2,280
2021-01-24,Sri Lanka,SEARO,843,58430,3,283
2021-01-25,Sri Lanka,SEARO,737,59167,0,283
2021-01-26,Sri Lanka,SEARO,755,59922,5,288
2021-01-27,Sri Lanka,SEARO,772,60694,2,290
2021-01-28,Sri Lanka,SEARO,892,61586,7,297
2021-01-29,Sri Lanka,SEARO,859,62445,8,305
2021-01-30,Sri Lanka,SEARO,848,63293,8,313
2021-01-31,Sri Lanka,SEARO,864,64157,3,316
2021-02-01,Sri Lanka,SEARO,826,64983,7,323
2021-02-02,Sri Lanka,SEARO,715,65698,7,330
2021-02-03,Sri Lanka,SEARO,711,66409,2,332
2021-02-04,Sri Lanka,SEARO,706,67115,7,339
2021-02-05,Sri Lanka,SEARO,735,67850,4,343
2021-02-06,Sri Lanka,SEARO,726,68576,8,351
2021-02-07,Sri Lanka,SEARO,772,69348,5,356
2021-02-08,Sri Lanka,SEARO,887,70235,9,365
2021-02-09,Sri Lanka,SEARO,976,71211,5,370
2021-02-10,Sri Lanka,SEARO,963,72174,5,375
2021-02-11,Sri Lanka,SEARO,942,73116,4,379
2021-02-12,Sri Lanka,SEARO,940,74056,5,384
2021-02-13,Sri Lanka,SEARO,796,74852,0,384
2021-02-14,Sri Lanka,SEARO,802,75654,13,397
2021-02-15,Sri Lanka,SEARO,774,76428,6,403
2021-02-16,Sri Lanka,SEARO,756,77184,6,409
2021-02-17,Sri Lanka,SEARO,722,77906,13,422
2021-02-18,Sri Lanka,SEARO,514,78420,8,430
2021-02-19,Sri Lanka,SEARO,517,78937,3,433
2021-02-20,Sri Lanka,SEARO,543,79480,2,435
2021-02-21,Sri Lanka,SEARO,519,79999,10,445
2021-02-22,Sri Lanka,SEARO,518,80517,5,450
2021-02-23,Sri Lanka,SEARO,492,81009,3,453
2021-02-24,Sri Lanka,SEARO,458,81467,4,457
2021-02-25,Sri Lanka,SEARO,466,81933,2,459
2021-02-26,Sri Lanka,SEARO,497,82430,5,464
2021-02-27,Sri Lanka,SEARO,460,82890,0,464
2021-02-28,Sri Lanka,SEARO,352,83242,7,471
2021-03-01,Sri Lanka,SEARO,310,83552,5,476
2021-03-02,Sri Lanka,SEARO,318,83870,7,483
2021-03-03,Sri Lanka,SEARO,356,84226,1,484
2021-03-04,Sri Lanka,SEARO,384,84610,5,489
2021-03-05,Sri Lanka,SEARO,350,84960,4,493
2021-03-06,Sri Lanka,SEARO,376,85336,0,493
2021-03-07,Sri Lanka,SEARO,359,85695,9,502
2021-03-08,Sri Lanka,SEARO,344,86039,5,507
2021-03-09,Sri Lanka,SEARO,304,86343,4,511
2021-03-10,Sri Lanka,SEARO,342,86685,0,511
2021-03-11,Sri Lanka,SEARO,304,86989,9,520
2021-03-12,Sri Lanka,SEARO,297,87286,5,525
2021-03-13,Sri Lanka,SEARO,314,87600,1,526
2021-03-14,Sri Lanka,SEARO,307,87907,1,527
2021-03-15,Sri Lanka,SEARO,331,88238,5,532
2021-03-16,Sri Lanka,SEARO,286,88524,2,534
2021-03-17,Sri Lanka,SEARO,338,88862,3,537
2021-03-18,Sri Lanka,SEARO,313,89175,1,538
2021-03-19,Sri Lanka,SEARO,322,89497,6,544
2021-03-20,Sri Lanka,SEARO,349,89846,0,544
2021-03-21,Sri Lanka,SEARO,354,90200,2,546
2021-03-22,Sri Lanka,SEARO,314,90514,5,551
2021-03-23,Sri Lanka,SEARO,251,90765,1,552
2021-03-24,Sri Lanka,SEARO,253,91018,0,552
2021-03-25,Sri Lanka,SEARO,271,91289,2,554
2021-03-26,Sri Lanka,SEARO,272,91561,3,557
2021-03-27,Sri Lanka,SEARO,278,91839,1,558
2021-03-28,Sri Lanka,SEARO,249,92088,3,561
2021-03-29,Sri Lanka,SEARO,215,92303,5,566
2021-03-30,Sri Lanka,SEARO,139,92442,0,566
2021-03-31,Sri Lanka,SEARO,264,92706,2,568
2021-04-01,Sri Lanka,SEARO,211,92917,3,571
2021-04-02,Sri Lanka,SEARO,211,93128,0,571
2021-04-03,Sri Lanka,SEARO,167,93295,4,575
2021-04-04,Sri Lanka,SEARO,141,93436,6,581
2021-04-05,Sri Lanka,SEARO,159,93595,0,581
2021-04-06,Sri Lanka,SEARO,177,93772,7,588
2021-04-07,Sri Lanka,SEARO,221,93993,3,591
2021-04-08,Sri Lanka,SEARO,343,94336,2,593
2021-04-09,Sri Lanka,SEARO,228,94564,0,593
2021-04-10,Sri Lanka,SEARO,284,94848,2,595
2021-04-11,Sri Lanka,SEARO,283,95131,3,598
2021-04-12,Sri Lanka,SEARO,263,95394,0,598
2021-04-13,Sri Lanka,SEARO,226,95620,4,602
2021-04-14,Sri Lanka,SEARO,117,95737,2,604
2021-04-15,Sri Lanka,SEARO,212,95949,4,608
2021-04-16,Sri Lanka,SEARO,237,96186,7,615
2021-04-17,Sri Lanka,SEARO,253,96439,2,617
2021-04-18,Sri Lanka,SEARO,357,96796,1,618
2021-04-19,Sri Lanka,SEARO,309,97105,2,620
2021-04-20,Sri Lanka,SEARO,367,97472,5,625
2021-04-21,Sri Lanka,SEARO,578,98050,5,630
2021-04-22,Sri Lanka,SEARO,672,98722,4,634
2021-04-23,Sri Lanka,SEARO,969,99691,0,634
2021-04-24,Sri Lanka,SEARO,895,100586,4,638
2021-04-25,Sri Lanka,SEARO,793,101379,4,642
2021-04-26,Sri Lanka,SEARO,997,102376,5,647
2021-04-27,Sri Lanka,SEARO,1111,103487,0,647
2021-04-28,Sri Lanka,SEARO,1466,104953,14,661
2021-04-29,Sri Lanka,SEARO,1531,106484,0,661
2021-04-30,Sri Lanka,SEARO,1662,108146,6,667
2021-05-01,Sri Lanka,SEARO,1716,109862,20,687
2021-05-02,Sri Lanka,SEARO,1891,111753,0,687
2021-05-03,Sri Lanka,SEARO,1923,113676,9,696
2021-05-04,Sri Lanka,SEARO,1914,115590,13,709
2021-05-05,Sri Lanka,SEARO,1939,117529,11,720
2021-05-06,Sri Lanka,SEARO,1895,119424,25,745
2021-05-07,Sri Lanka,SEARO,1914,121338,19,764
2021-05-08,Sri Lanka,SEARO,1896,123234,22,786
2021-05-09,Sri Lanka,SEARO,2672,125906,15,801
2021-05-10,Sri Lanka,SEARO,2624,128530,26,827
2021-05-11,Sri Lanka,SEARO,2568,131098,23,850
2021-05-12,Sri Lanka,SEARO,2429,133527,18,868
2021-05-13,Sri Lanka,SEARO,2269,135796,24,892
2021-05-14,Sri Lanka,SEARO,2289,138085,31,923
2021-05-15,Sri Lanka,SEARO,2386,140471,18,941
2021-05-16,Sri Lanka,SEARO,2275,142746,21,962
2021-05-17,Sri Lanka,SEARO,2456,145202,19,981
2021-05-18,Sri Lanka,SEARO,2518,147720,34,1015
2021-05-19,Sri Lanka,SEARO,3623,151343,36,1051
2021-05-20,Sri Lanka,SEARO,3443,154786,38,1089
2021-05-21,Sri Lanka,SEARO,3547,158333,0,1089
2021-05-22,Sri Lanka,SEARO,2909,161242,89,1178
2021-05-23,Sri Lanka,SEARO,2959,164201,32,1210
2021-05-24,Sri Lanka,SEARO,2971,167172,33,1243
2021-05-25,Sri Lanka,SEARO,2728,169900,26,1269
2021-05-26,Sri Lanka,SEARO,2377,172277,29,1298
2021-05-27,Sri Lanka,SEARO,2584,174861,27,1325
2021-05-28,Sri Lanka,SEARO,2850,177711,38,1363
2021-05-29,Sri Lanka,SEARO,2882,180593,42,1405
2021-05-30,Sri Lanka,SEARO,2859,183452,36,1441
2021-01-01,Sudan,EMRO,230,25730,15,1576
2021-01-02,Sudan,EMRO,152,25882,12,1588
2021-01-03,Sudan,EMRO,157,26039,9,1597
2021-01-04,Sudan,EMRO,240,26279,6,1603
2021-01-05,Sudan,EMRO,0,26279,0,1603
2021-01-06,Sudan,EMRO,0,26279,0,1603
2021-01-07,Sudan,EMRO,0,26279,0,1603
2021-01-08,Sudan,EMRO,0,26279,0,1603
2021-01-09,Sudan,EMRO,0,26279,0,1603
2021-01-10,Sudan,EMRO,1215,27494,54,1657
2021-01-11,Sudan,EMRO,125,27619,9,1666
2021-01-12,Sudan,EMRO,149,27768,6,1672
2021-01-13,Sudan,EMRO,59,27827,5,1677
2021-01-14,Sudan,EMRO,142,27969,6,1683
2021-01-15,Sudan,EMRO,128,28097,12,1695
2021-01-16,Sudan,EMRO,82,28179,4,1699
2021-01-17,Sudan,EMRO,54,28233,8,1707
2021-01-18,Sudan,EMRO,84,28317,10,1717
2021-01-19,Sudan,EMRO,133,28450,4,1721
2021-01-20,Sudan,EMRO,72,28522,1,1722
2021-01-21,Sudan,EMRO,67,28589,10,1732
2021-01-22,Sudan,EMRO,65,28654,1,1733
2021-01-23,Sudan,EMRO,134,28788,5,1738
2021-01-24,Sudan,EMRO,82,28870,0,1738
2021-01-25,Sudan,EMRO,54,28924,0,1738
2021-01-26,Sudan,EMRO,70,28994,12,1750
2021-01-27,Sudan,EMRO,72,29066,10,1760
2021-01-28,Sudan,EMRO,225,29291,38,1798
2021-01-29,Sudan,EMRO,49,29340,3,1801
2021-01-30,Sudan,EMRO,40,29380,3,1804
2021-01-31,Sudan,EMRO,69,29449,3,1807
2021-02-01,Sudan,EMRO,39,29488,5,1812
2021-02-02,Sudan,EMRO,48,29536,17,1829
2021-02-03,Sudan,EMRO,0,29536,0,1829
2021-02-04,Sudan,EMRO,41,29577,1,1830
2021-02-05,Sudan,EMRO,57,29634,1,1831
2021-02-06,Sudan,EMRO,65,29699,1,1832
2021-02-07,Sudan,EMRO,54,29753,2,1834
2021-02-08,Sudan,EMRO,12,29765,1,1835
2021-02-09,Sudan,EMRO,86,29851,0,1835
2021-02-10,Sudan,EMRO,50,29901,8,1843
2021-02-11,Sudan,EMRO,32,29933,6,1849
2021-02-12,Sudan,EMRO,19,29952,0,1849
2021-02-13,Sudan,EMRO,26,29978,3,1852
2021-02-14,Sudan,EMRO,11,29989,1,1853
2021-02-15,Sudan,EMRO,17,30006,0,1853
2021-02-16,Sudan,EMRO,46,30052,5,1858
2021-02-17,Sudan,EMRO,26,30078,5,1863
2021-02-18,Sudan,EMRO,37,30115,1,1864
2021-02-19,Sudan,EMRO,13,30128,0,1864
2021-02-20,Sudan,EMRO,33,30161,2,1866
2021-02-21,Sudan,EMRO,16,30177,0,1866
2021-02-22,Sudan,EMRO,28,30205,5,1871
2021-02-23,Sudan,EMRO,31,30236,5,1876
2021-02-24,Sudan,EMRO,48,30284,2,1878
2021-02-25,Sudan,EMRO,32,30316,0,1878
2021-02-26,Sudan,EMRO,31,30347,2,1880
2021-02-27,Sudan,EMRO,17,30364,0,1880
2021-02-28,Sudan,EMRO,31,30395,8,1888
2021-03-01,Sudan,EMRO,22,30417,2,1890
2021-03-02,Sudan,EMRO,26,30443,2,1892
2021-03-03,Sudan,EMRO,36,30479,3,1895
2021-03-04,Sudan,EMRO,39,30518,0,1895
2021-03-05,Sudan,EMRO,22,30540,0,1895
2021-03-06,Sudan,EMRO,36,30576,9,1904
2021-03-07,Sudan,EMRO,31,30607,7,1911
2021-03-08,Sudan,EMRO,30,30637,1,1912
2021-03-09,Sudan,EMRO,49,30686,3,1915
2021-03-10,Sudan,EMRO,70,30756,9,1924
2021-03-11,Sudan,EMRO,64,30820,5,1929
2021-03-12,Sudan,EMRO,53,30873,11,1940
2021-03-13,Sudan,EMRO,41,30914,9,1949
2021-03-14,Sudan,EMRO,9,30923,4,1953
2021-03-15,Sudan,EMRO,23,30946,0,1953
2021-03-16,Sudan,EMRO,43,30989,6,1959
2021-03-17,Sudan,EMRO,25,31014,3,1962
2021-03-18,Sudan,EMRO,80,31094,19,1981
2021-03-19,Sudan,EMRO,53,31147,5,1986
2021-03-20,Sudan,EMRO,39,31186,9,1995
2021-03-21,Sudan,EMRO,41,31227,8,2003
2021-03-22,Sudan,EMRO,55,31282,0,2003
2021-03-23,Sudan,EMRO,76,31358,13,2016
2021-03-24,Sudan,EMRO,49,31407,12,2028
2021-03-25,Sudan,EMRO,94,31501,8,2036
2021-03-26,Sudan,EMRO,56,31557,5,2041
2021-03-27,Sudan,EMRO,59,31616,7,2048
2021-03-28,Sudan,EMRO,37,31653,2,2050
2021-03-29,Sudan,EMRO,59,31712,10,2060
2021-03-30,Sudan,EMRO,121,31833,3,2063
2021-03-31,Sudan,EMRO,86,31919,16,2079
2021-04-01,Sudan,EMRO,118,32037,8,2087
2021-04-02,Sudan,EMRO,91,32128,8,2095
2021-04-03,Sudan,EMRO,113,32241,14,2109
2021-04-04,Sudan,EMRO,49,32290,8,2117
2021-04-05,Sudan,EMRO,41,32331,8,2125
2021-04-06,Sudan,EMRO,118,32449,13,2138
2021-04-07,Sudan,EMRO,103,32552,4,2142
2021-04-08,Sudan,EMRO,92,32644,10,2152
2021-04-09,Sudan,EMRO,45,32689,11,2163
2021-04-10,Sudan,EMRO,87,32776,3,2166
2021-04-11,Sudan,EMRO,25,32801,7,2173
2021-04-12,Sudan,EMRO,56,32857,12,2185
2021-04-13,Sudan,EMRO,30,32887,6,2191
2021-04-14,Sudan,EMRO,45,32932,3,2194
2021-04-15,Sudan,EMRO,0,32932,0,2194
2021-04-16,Sudan,EMRO,90,33022,14,2208
2021-04-17,Sudan,EMRO,0,33022,0,2208
2021-04-18,Sudan,EMRO,0,33022,0,2208
2021-04-19,Sudan,EMRO,393,33415,65,2273
2021-04-20,Sudan,EMRO,61,33476,8,2281
2021-04-21,Sudan,EMRO,74,33550,6,2287
2021-04-22,Sudan,EMRO,49,33599,2,2289
2021-04-23,Sudan,EMRO,74,33673,11,2300
2021-04-24,Sudan,EMRO,60,33733,15,2315
2021-04-25,Sudan,EMRO,16,33749,5,2320
2021-04-26,Sudan,EMRO,48,33797,13,2333
2021-04-27,Sudan,EMRO,94,33891,7,2340
2021-04-28,Sudan,EMRO,53,33944,9,2349
2021-04-29,Sudan,EMRO,0,33944,0,2349
2021-04-30,Sudan,EMRO,0,33944,0,2349
2021-05-01,Sudan,EMRO,52,33996,12,2361
2021-05-02,Sudan,EMRO,58,34054,4,2365
2021-05-03,Sudan,EMRO,28,34082,0,2365
2021-05-04,Sudan,EMRO,479,34561,9,2374
2021-05-05,Sudan,EMRO,73,34634,18,2392
2021-05-06,Sudan,EMRO,67,34701,44,2436
2021-05-07,Sudan,EMRO,51,34752,0,2436
2021-05-08,Sudan,EMRO,50,34802,3,2439
2021-05-09,Sudan,EMRO,24,34826,6,2445
2021-05-10,Sudan,EMRO,63,34889,1,2446
2021-05-11,Sudan,EMRO,0,34889,0,2446
2021-05-12,Sudan,EMRO,0,34889,0,2446
2021-05-13,Sudan,EMRO,0,34889,0,2446
2021-05-14,Sudan,EMRO,0,34889,0,2446
2021-05-15,Sudan,EMRO,0,34889,0,2446
2021-05-16,Sudan,EMRO,0,34889,0,2446
2021-05-17,Sudan,EMRO,0,34889,0,2446
2021-05-18,Sudan,EMRO,0,34889,0,2446
2021-05-19,Sudan,EMRO,0,34889,0,2446
2021-05-20,Sudan,EMRO,146,35035,122,2568
2021-05-21,Sudan,EMRO,36,35071,0,2568
2021-05-22,Sudan,EMRO,0,35071,0,2568
2021-05-23,Sudan,EMRO,0,35071,0,2568
2021-05-24,Sudan,EMRO,122,35193,26,2594
2021-05-25,Sudan,EMRO,50,35243,6,2600
2021-05-26,Sudan,EMRO,46,35289,4,2604
2021-05-27,Sudan,EMRO,94,35383,12,2616
2021-05-28,Sudan,EMRO,31,35414,6,2622
2021-05-29,Sudan,EMRO,34,35448,1,2623
2021-05-30,Sudan,EMRO,31,35479,5,2628
2021-01-01,Suriname,AMRO,83,6181,1,121
2021-01-02,Suriname,AMRO,29,6210,1,122
2021-01-03,Suriname,AMRO,67,6277,1,123
2021-01-04,Suriname,AMRO,66,6343,0,123
2021-01-05,Suriname,AMRO,50,6393,0,123
2021-01-06,Suriname,AMRO,100,6493,1,124
2021-01-07,Suriname,AMRO,93,6586,1,125
2021-01-08,Suriname,AMRO,80,6666,1,126
2021-01-09,Suriname,AMRO,84,6750,4,130
2021-01-10,Suriname,AMRO,104,6854,1,131
2021-01-11,Suriname,AMRO,94,6948,1,132
2021-01-12,Suriname,AMRO,60,7008,1,133
2021-01-13,Suriname,AMRO,56,7064,5,138
2021-01-14,Suriname,AMRO,114,7178,0,138
2021-01-15,Suriname,AMRO,69,7247,1,139
2021-01-16,Suriname,AMRO,53,7300,0,139
2021-01-17,Suriname,AMRO,109,7409,0,139
2021-01-18,Suriname,AMRO,60,7469,2,141
2021-01-19,Suriname,AMRO,58,7527,0,141
2021-01-20,Suriname,AMRO,97,7624,4,145
2021-01-21,Suriname,AMRO,85,7709,1,146
2021-01-22,Suriname,AMRO,74,7783,0,146
2021-01-23,Suriname,AMRO,97,7880,0,146
2021-01-24,Suriname,AMRO,65,7945,2,148
2021-01-25,Suriname,AMRO,55,8000,0,148
2021-01-26,Suriname,AMRO,57,8057,1,149
2021-01-27,Suriname,AMRO,55,8112,0,149
2021-01-28,Suriname,AMRO,62,8174,1,150
2021-01-29,Suriname,AMRO,69,8243,2,152
2021-01-30,Suriname,AMRO,50,8293,2,154
2021-01-31,Suriname,AMRO,71,8364,0,154
2021-02-01,Suriname,AMRO,39,8403,0,154
2021-02-02,Suriname,AMRO,35,8438,0,154
2021-02-03,Suriname,AMRO,11,8449,2,156
2021-02-04,Suriname,AMRO,48,8497,0,156
2021-02-05,Suriname,AMRO,59,8556,0,156
2021-02-06,Suriname,AMRO,39,8595,2,158
2021-02-07,Suriname,AMRO,24,8619,0,158
2021-02-08,Suriname,AMRO,31,8650,2,160
2021-02-09,Suriname,AMRO,21,8671,1,161
2021-02-10,Suriname,AMRO,19,8690,1,162
2021-02-11,Suriname,AMRO,20,8710,1,163
2021-02-12,Suriname,AMRO,29,8739,1,164
2021-02-13,Suriname,AMRO,26,8765,2,166
2021-02-14,Suriname,AMRO,13,8778,0,166
2021-02-15,Suriname,AMRO,16,8794,0,166
2021-02-16,Suriname,AMRO,9,8803,0,166
2021-02-17,Suriname,AMRO,8,8811,1,167
2021-02-18,Suriname,AMRO,9,8820,0,167
2021-02-19,Suriname,AMRO,12,8832,1,168
2021-02-20,Suriname,AMRO,6,8838,0,168
2021-02-21,Suriname,AMRO,16,8854,0,168
2021-02-22,Suriname,AMRO,2,8856,0,168
2021-02-23,Suriname,AMRO,12,8868,0,168
2021-02-24,Suriname,AMRO,1,8869,1,169
2021-02-25,Suriname,AMRO,11,8880,1,170
2021-02-26,Suriname,AMRO,12,8892,0,170
2021-02-27,Suriname,AMRO,9,8901,0,170
2021-02-28,Suriname,AMRO,12,8913,0,170
2021-03-01,Suriname,AMRO,6,8919,0,170
2021-03-02,Suriname,AMRO,10,8929,2,172
2021-03-03,Suriname,AMRO,4,8933,1,173
2021-03-04,Suriname,AMRO,6,8939,0,173
2021-03-05,Suriname,AMRO,14,8953,0,173
2021-03-06,Suriname,AMRO,6,8959,2,175
2021-03-07,Suriname,AMRO,7,8966,0,175
2021-03-08,Suriname,AMRO,5,8971,0,175
2021-03-09,Suriname,AMRO,6,8977,0,175
2021-03-10,Suriname,AMRO,3,8980,0,175
2021-03-11,Suriname,AMRO,5,8985,0,175
2021-03-12,Suriname,AMRO,5,8990,0,175
2021-03-13,Suriname,AMRO,7,8997,1,176
2021-03-14,Suriname,AMRO,15,9012,0,176
2021-03-15,Suriname,AMRO,10,9022,0,176
2021-03-16,Suriname,AMRO,2,9024,0,176
2021-03-17,Suriname,AMRO,4,9028,0,176
2021-03-18,Suriname,AMRO,6,9034,0,176
2021-03-19,Suriname,AMRO,8,9042,0,176
2021-03-20,Suriname,AMRO,7,9049,0,176
2021-03-21,Suriname,AMRO,6,9055,0,176
2021-03-22,Suriname,AMRO,6,9061,0,176
2021-03-23,Suriname,AMRO,5,9066,0,176
2021-03-24,Suriname,AMRO,1,9067,1,177
2021-03-25,Suriname,AMRO,7,9074,0,177
2021-03-26,Suriname,AMRO,3,9077,0,177
2021-03-27,Suriname,AMRO,8,9085,0,177
2021-03-28,Suriname,AMRO,3,9088,0,177
2021-03-29,Suriname,AMRO,7,9095,0,177
2021-03-30,Suriname,AMRO,2,9097,0,177
2021-03-31,Suriname,AMRO,7,9104,0,177
2021-04-01,Suriname,AMRO,5,9109,0,177
2021-04-02,Suriname,AMRO,13,9122,0,177
2021-04-03,Suriname,AMRO,8,9130,0,177
2021-04-04,Suriname,AMRO,7,9137,0,177
2021-04-05,Suriname,AMRO,16,9153,0,177
2021-04-06,Suriname,AMRO,10,9163,0,177
2021-04-07,Suriname,AMRO,11,9174,0,177
2021-04-08,Suriname,AMRO,10,9184,1,178
2021-04-09,Suriname,AMRO,16,9200,0,178
2021-04-10,Suriname,AMRO,54,9254,0,178
2021-04-11,Suriname,AMRO,11,9265,0,178
2021-04-12,Suriname,AMRO,13,9278,1,179
2021-04-13,Suriname,AMRO,24,9302,3,182
2021-04-14,Suriname,AMRO,14,9316,0,182
2021-04-15,Suriname,AMRO,47,9363,2,184
2021-04-16,Suriname,AMRO,54,9417,0,184
2021-04-17,Suriname,AMRO,41,9458,1,185
2021-04-18,Suriname,AMRO,38,9496,2,187
2021-04-19,Suriname,AMRO,49,9545,0,187
2021-04-20,Suriname,AMRO,36,9581,0,187
2021-04-21,Suriname,AMRO,36,9617,1,188
2021-04-22,Suriname,AMRO,70,9687,0,188
2021-04-23,Suriname,AMRO,104,9791,1,189
2021-04-24,Suriname,AMRO,74,9865,2,191
2021-04-25,Suriname,AMRO,67,9932,2,193
2021-04-26,Suriname,AMRO,64,9996,2,195
2021-04-27,Suriname,AMRO,49,10045,3,198
2021-04-28,Suriname,AMRO,36,10081,3,201
2021-04-29,Suriname,AMRO,76,10157,0,201
2021-04-30,Suriname,AMRO,61,10218,0,201
2021-05-01,Suriname,AMRO,68,10286,0,201
2021-05-02,Suriname,AMRO,77,10363,3,204
2021-05-03,Suriname,AMRO,65,10428,2,206
2021-05-04,Suriname,AMRO,61,10489,1,207
2021-05-05,Suriname,AMRO,54,10543,0,207
2021-05-06,Suriname,AMRO,80,10623,5,212
2021-05-07,Suriname,AMRO,73,10696,0,212
2021-05-08,Suriname,AMRO,120,10816,1,213
2021-05-09,Suriname,AMRO,117,10933,1,214
2021-05-10,Suriname,AMRO,87,11020,0,214
2021-05-11,Suriname,AMRO,92,11112,1,215
2021-05-12,Suriname,AMRO,101,11213,3,218
2021-05-13,Suriname,AMRO,93,11306,2,220
2021-05-14,Suriname,AMRO,121,11427,0,220
2021-05-15,Suriname,AMRO,145,11572,1,221
2021-05-16,Suriname,AMRO,135,11707,2,223
2021-05-17,Suriname,AMRO,121,11828,1,224
2021-05-18,Suriname,AMRO,122,11950,4,228
2021-05-19,Suriname,AMRO,157,12107,2,230
2021-05-20,Suriname,AMRO,144,12251,8,238
2021-05-21,Suriname,AMRO,158,12409,1,239
2021-05-22,Suriname,AMRO,162,12571,1,240
2021-05-23,Suriname,AMRO,171,12742,3,243
2021-05-24,Suriname,AMRO,186,12928,2,245
2021-05-25,Suriname,AMRO,183,13111,4,249
2021-05-26,Suriname,AMRO,191,13302,7,256
2021-05-27,Suriname,AMRO,193,13495,5,261
2021-05-28,Suriname,AMRO,225,13720,7,268
2021-05-29,Suriname,AMRO,292,14012,7,275
2021-05-30,Suriname,AMRO,293,14305,7,282
2021-01-01,Sweden,EURO,10459,447759,90,9744
2021-01-02,Sweden,EURO,6999,454758,110,9854
2021-01-03,Sweden,EURO,2618,457376,87,9941
2021-01-04,Sweden,EURO,2531,459907,99,10040
2021-01-05,Sweden,EURO,2754,462661,83,10123
2021-01-06,Sweden,EURO,6984,469645,86,10209
2021-01-07,Sweden,EURO,7546,477191,93,10302
2021-01-08,Sweden,EURO,5029,482220,82,10384
2021-01-09,Sweden,EURO,7150,489370,103,10487
2021-01-10,Sweden,EURO,5695,495065,99,10586
2021-01-11,Sweden,EURO,4736,499801,89,10675
2021-01-12,Sweden,EURO,2317,502118,92,10767
2021-01-13,Sweden,EURO,4648,506766,89,10856
2021-01-14,Sweden,EURO,5340,512106,88,10944
2021-01-15,Sweden,EURO,6596,518702,91,11035
2021-01-16,Sweden,EURO,4746,523448,96,11131
2021-01-17,Sweden,EURO,4205,527653,89,11220
2021-01-18,Sweden,EURO,2162,529815,82,11302
2021-01-19,Sweden,EURO,1250,531065,61,11363
2021-01-20,Sweden,EURO,2113,533178,73,11436
2021-01-21,Sweden,EURO,4732,537910,92,11528
2021-01-22,Sweden,EURO,4949,542859,87,11615
2021-01-23,Sweden,EURO,4199,547058,88,11703
2021-01-24,Sweden,EURO,3723,550781,59,11762
2021-01-25,Sweden,EURO,2368,553149,63,11825
2021-01-26,Sweden,EURO,1147,554296,51,11876
2021-01-27,Sweden,EURO,1885,556181,59,11935
2021-01-28,Sweden,EURO,4188,560369,66,12001
2021-01-29,Sweden,EURO,4106,564475,54,12055
2021-01-30,Sweden,EURO,2369,566844,56,12111
2021-01-31,Sweden,EURO,4254,571098,58,12169
2021-02-01,Sweden,EURO,2695,573793,57,12226
2021-02-02,Sweden,EURO,1164,574957,39,12265
2021-02-03,Sweden,EURO,1552,576509,46,12311
2021-02-04,Sweden,EURO,4315,580824,43,12354
2021-02-05,Sweden,EURO,3737,584561,52,12406
2021-02-06,Sweden,EURO,3396,587957,30,12436
2021-02-07,Sweden,EURO,3260,591217,36,12472
2021-02-08,Sweden,EURO,2333,593550,33,12505
2021-02-09,Sweden,EURO,1013,594563,29,12534
2021-02-10,Sweden,EURO,1505,596068,39,12573
2021-02-11,Sweden,EURO,4069,600137,25,12598
2021-02-12,Sweden,EURO,4353,604490,27,12625
2021-02-13,Sweden,EURO,3806,608296,33,12658
2021-02-14,Sweden,EURO,3569,611865,28,12686
2021-02-15,Sweden,EURO,2771,614636,25,12711
2021-02-16,Sweden,EURO,1211,615847,28,12739
2021-02-17,Sweden,EURO,1902,617749,23,12762
2021-02-18,Sweden,EURO,4206,621955,22,12784
2021-02-19,Sweden,EURO,4965,626920,34,12818
2021-02-20,Sweden,EURO,4134,631054,17,12835
2021-02-21,Sweden,EURO,4028,635082,25,12860
2021-02-22,Sweden,EURO,2781,637863,29,12889
2021-02-23,Sweden,EURO,1599,639462,21,12910
2021-02-24,Sweden,EURO,2543,642005,25,12935
2021-02-25,Sweden,EURO,5407,647412,13,12948
2021-02-26,Sweden,EURO,4977,652389,26,12974
2021-02-27,Sweden,EURO,4831,657220,19,12993
2021-02-28,Sweden,EURO,4583,661803,18,13011
2021-03-01,Sweden,EURO,3107,664910,19,13030
2021-03-02,Sweden,EURO,1242,666152,25,13055
2021-03-03,Sweden,EURO,2828,668980,24,13079
2021-03-04,Sweden,EURO,6191,675171,23,13102
2021-03-05,Sweden,EURO,4874,680045,19,13121
2021-03-06,Sweden,EURO,4883,684928,19,13140
2021-03-07,Sweden,EURO,4069,688997,14,13154
2021-03-08,Sweden,EURO,3455,692452,12,13166
2021-03-09,Sweden,EURO,1451,693903,17,13183
2021-03-10,Sweden,EURO,1982,695885,24,13207
2021-03-11,Sweden,EURO,5928,701813,20,13227
2021-03-12,Sweden,EURO,5329,707142,20,13247
2021-03-13,Sweden,EURO,5333,712475,15,13262
2021-03-14,Sweden,EURO,4994,717469,19,13281
2021-03-15,Sweden,EURO,3953,721422,19,13300
2021-03-16,Sweden,EURO,1040,722462,22,13322
2021-03-17,Sweden,EURO,2715,725177,21,13343
2021-03-18,Sweden,EURO,6787,731964,15,13358
2021-03-19,Sweden,EURO,6431,738395,19,13377
2021-03-20,Sweden,EURO,5738,744133,18,13395
2021-03-21,Sweden,EURO,5406,749539,11,13406
2021-03-22,Sweden,EURO,4380,753919,25,13431
2021-03-23,Sweden,EURO,1579,755498,18,13449
2021-03-24,Sweden,EURO,2687,758185,16,13465
2021-03-25,Sweden,EURO,7652,765837,14,13479
2021-03-26,Sweden,EURO,7707,773544,15,13494
2021-03-27,Sweden,EURO,6367,779911,22,13516
2021-03-28,Sweden,EURO,6294,786205,22,13538
2021-03-29,Sweden,EURO,5196,791401,19,13557
2021-03-30,Sweden,EURO,1981,793382,17,13574
2021-03-31,Sweden,EURO,2963,796345,23,13597
2021-04-01,Sweden,EURO,8468,804813,16,13613
2021-04-02,Sweden,EURO,8292,813105,23,13636
2021-04-03,Sweden,EURO,6978,820083,25,13661
2021-04-04,Sweden,EURO,6838,826921,22,13683
2021-04-05,Sweden,EURO,3404,830325,18,13701
2021-04-06,Sweden,EURO,1449,831774,14,13715
2021-04-07,Sweden,EURO,3106,834880,24,13739
2021-04-08,Sweden,EURO,6813,841693,13,13752
2021-04-09,Sweden,EURO,7829,849522,22,13774
2021-04-10,Sweden,EURO,7760,857282,22,13796
2021-04-11,Sweden,EURO,7630,864912,24,13820
2021-04-12,Sweden,EURO,5627,870539,11,13831
2021-04-13,Sweden,EURO,2390,872929,16,13847
2021-04-14,Sweden,EURO,3473,876402,16,13863
2021-04-15,Sweden,EURO,8872,885274,21,13884
2021-04-16,Sweden,EURO,7095,892369,28,13912
2021-04-17,Sweden,EURO,7665,900034,25,13937
2021-04-18,Sweden,EURO,6440,906474,14,13951
2021-04-19,Sweden,EURO,4984,911458,20,13971
2021-04-20,Sweden,EURO,2514,913972,16,13987
2021-04-21,Sweden,EURO,2714,916686,15,14002
2021-04-22,Sweden,EURO,7538,924224,26,14028
2021-04-23,Sweden,EURO,7706,931930,24,14052
2021-04-24,Sweden,EURO,6250,938180,16,14068
2021-04-25,Sweden,EURO,5503,943683,17,14085
2021-04-26,Sweden,EURO,4567,948250,13,14098
2021-04-27,Sweden,EURO,1756,950006,20,14118
2021-04-28,Sweden,EURO,3069,953075,11,14129
2021-04-29,Sweden,EURO,7267,960342,22,14151
2021-04-30,Sweden,EURO,7145,967487,20,14171
2021-05-01,Sweden,EURO,5931,973418,19,14190
2021-05-02,Sweden,EURO,5424,978842,16,14206
2021-05-03,Sweden,EURO,4753,983595,12,14218
2021-05-04,Sweden,EURO,1718,985313,12,14230
2021-05-05,Sweden,EURO,3068,988381,17,14247
2021-05-06,Sweden,EURO,7035,995416,13,14260
2021-05-07,Sweden,EURO,6482,1001898,15,14275
2021-05-08,Sweden,EURO,5718,1007616,10,14285
2021-05-09,Sweden,EURO,5245,1012861,13,14298
2021-05-10,Sweden,EURO,4477,1017338,19,14317
2021-05-11,Sweden,EURO,1657,1018995,15,14332
2021-05-12,Sweden,EURO,2461,1021456,21,14353
2021-05-13,Sweden,EURO,6312,1027768,10,14363
2021-05-14,Sweden,EURO,5268,1033036,11,14374
2021-05-15,Sweden,EURO,3918,1036954,19,14393
2021-05-16,Sweden,EURO,2579,1039533,24,14417
2021-05-17,Sweden,EURO,3969,1043502,12,14429
2021-05-18,Sweden,EURO,1408,1044910,13,14442
2021-05-19,Sweden,EURO,2107,1047017,9,14451
2021-05-20,Sweden,EURO,4643,1051660,9,14460
2021-05-21,Sweden,EURO,3409,1055069,7,14467
2021-05-22,Sweden,EURO,3165,1058234,12,14479
2021-05-23,Sweden,EURO,2319,1060553,12,14491
2021-05-24,Sweden,EURO,1909,1062462,9,14500
2021-05-25,Sweden,EURO,620,1063082,11,14511
2021-05-26,Sweden,EURO,1194,1064276,4,14515
2021-05-27,Sweden,EURO,2739,1067015,7,14522
2021-05-28,Sweden,EURO,1419,1068434,9,14531
2021-05-29,Sweden,EURO,91,1068525,7,14538
2021-05-30,Sweden,EURO,297,1068822,8,14546
2021-01-01,Switzerland,EURO,3054,454225,82,7584
2021-01-02,Switzerland,EURO,1681,455906,75,7659
2021-01-03,Switzerland,EURO,2722,458628,70,7729
2021-01-04,Switzerland,EURO,2219,460847,67,7796
2021-01-05,Switzerland,EURO,5282,466129,51,7847
2021-01-06,Switzerland,EURO,4168,470297,64,7911
2021-01-07,Switzerland,EURO,3353,473650,62,7973
2021-01-08,Switzerland,EURO,3176,476826,65,8038
2021-01-09,Switzerland,EURO,3052,479878,49,8087
2021-01-10,Switzerland,EURO,1683,481561,69,8156
2021-01-11,Switzerland,EURO,1293,482854,58,8214
2021-01-12,Switzerland,EURO,3464,486318,59,8273
2021-01-13,Switzerland,EURO,2607,488925,55,8328
2021-01-14,Switzerland,EURO,2461,491386,59,8387
2021-01-15,Switzerland,EURO,2239,493625,49,8436
2021-01-16,Switzerland,EURO,2159,495784,65,8501
2021-01-17,Switzerland,EURO,1337,497121,51,8552
2021-01-18,Switzerland,EURO,893,498014,37,8589
2021-01-19,Switzerland,EURO,2944,500958,38,8627
2021-01-20,Switzerland,EURO,2330,503288,62,8689
2021-01-21,Switzerland,EURO,2278,505566,45,8734
2021-01-22,Switzerland,EURO,2056,507622,45,8779
2021-01-23,Switzerland,EURO,2037,509659,44,8823
2021-01-24,Switzerland,EURO,1098,510757,45,8868
2021-01-25,Switzerland,EURO,730,511487,49,8917
2021-01-26,Switzerland,EURO,2489,513976,32,8949
2021-01-27,Switzerland,EURO,1838,515814,40,8989
2021-01-28,Switzerland,EURO,1870,517684,34,9023
2021-01-29,Switzerland,EURO,1781,519465,41,9064
2021-01-30,Switzerland,EURO,1765,521230,36,9100
2021-01-31,Switzerland,EURO,1019,522249,29,9129
2021-02-01,Switzerland,EURO,739,522988,27,9156
2021-02-02,Switzerland,EURO,2162,525150,31,9187
2021-02-03,Switzerland,EURO,1652,526802,23,9210
2021-02-04,Switzerland,EURO,1730,528532,19,9229
2021-02-05,Switzerland,EURO,1442,529974,24,9253
2021-02-06,Switzerland,EURO,1506,531480,22,9275
2021-02-07,Switzerland,EURO,887,532367,26,9301
2021-02-08,Switzerland,EURO,673,533040,19,9320
2021-02-09,Switzerland,EURO,1748,534788,20,9340
2021-02-10,Switzerland,EURO,1350,536138,16,9356
2021-02-11,Switzerland,EURO,1259,537397,23,9379
2021-02-12,Switzerland,EURO,1171,538568,14,9393
2021-02-13,Switzerland,EURO,1131,539699,15,9408
2021-02-14,Switzerland,EURO,718,540417,18,9426
2021-02-15,Switzerland,EURO,484,540901,22,9448
2021-02-16,Switzerland,EURO,1305,542206,18,9466
2021-02-17,Switzerland,EURO,1140,543346,8,9474
2021-02-18,Switzerland,EURO,1217,544563,9,9483
2021-02-19,Switzerland,EURO,1006,545569,10,9493
2021-02-20,Switzerland,EURO,1095,546664,14,9507
2021-02-21,Switzerland,EURO,692,547356,14,9521
2021-02-22,Switzerland,EURO,525,547881,11,9532
2021-02-23,Switzerland,EURO,1408,549289,9,9541
2021-02-24,Switzerland,EURO,1258,550547,10,9551
2021-02-25,Switzerland,EURO,1077,551624,8,9559
2021-02-26,Switzerland,EURO,1120,552744,10,9569
2021-02-27,Switzerland,EURO,1081,553825,8,9577
2021-02-28,Switzerland,EURO,723,554548,9,9586
2021-03-01,Switzerland,EURO,546,555094,7,9593
2021-03-02,Switzerland,EURO,1420,556514,8,9601
2021-03-03,Switzerland,EURO,1229,557743,10,9611
2021-03-04,Switzerland,EURO,1240,558983,9,9620
2021-03-05,Switzerland,EURO,1062,560045,9,9629
2021-03-06,Switzerland,EURO,1277,561322,10,9639
2021-03-07,Switzerland,EURO,764,562086,8,9647
2021-03-08,Switzerland,EURO,582,562668,9,9656
2021-03-09,Switzerland,EURO,1702,564370,10,9666
2021-03-10,Switzerland,EURO,1387,565757,8,9674
2021-03-11,Switzerland,EURO,1386,567143,12,9686
2021-03-12,Switzerland,EURO,1340,568483,13,9699
2021-03-13,Switzerland,EURO,1341,569824,9,9708
2021-03-14,Switzerland,EURO,921,570745,14,9722
2021-03-15,Switzerland,EURO,704,571449,9,9731
2021-03-16,Switzerland,EURO,1920,573369,9,9740
2021-03-17,Switzerland,EURO,1652,575021,10,9750
2021-03-18,Switzerland,EURO,1825,576846,13,9763
2021-03-19,Switzerland,EURO,1647,578493,9,9772
2021-03-20,Switzerland,EURO,1544,580037,9,9781
2021-03-21,Switzerland,EURO,1111,581148,4,9785
2021-03-22,Switzerland,EURO,787,581935,7,9792
2021-03-23,Switzerland,EURO,2263,584198,5,9797
2021-03-24,Switzerland,EURO,1993,586191,12,9809
2021-03-25,Switzerland,EURO,1932,588123,7,9816
2021-03-26,Switzerland,EURO,2142,590265,13,9829
2021-03-27,Switzerland,EURO,1999,592264,4,9833
2021-03-28,Switzerland,EURO,1208,593472,10,9843
2021-03-29,Switzerland,EURO,995,594467,9,9852
2021-03-30,Switzerland,EURO,2531,596998,5,9857
2021-03-31,Switzerland,EURO,2093,599091,12,9869
2021-04-01,Switzerland,EURO,2132,601223,14,9883
2021-04-02,Switzerland,EURO,1985,603208,12,9895
2021-04-03,Switzerland,EURO,1205,604413,6,9901
2021-04-04,Switzerland,EURO,1317,605730,12,9913
2021-04-05,Switzerland,EURO,1022,606752,10,9923
2021-04-06,Switzerland,EURO,1289,608041,17,9940
2021-04-07,Switzerland,EURO,2690,610731,10,9950
2021-04-08,Switzerland,EURO,2389,613120,10,9960
2021-04-09,Switzerland,EURO,2490,615610,5,9965
2021-04-10,Switzerland,EURO,2414,618024,8,9973
2021-04-11,Switzerland,EURO,1682,619706,6,9979
2021-04-12,Switzerland,EURO,1178,620884,7,9986
2021-04-13,Switzerland,EURO,2744,623628,3,9989
2021-04-14,Switzerland,EURO,2375,626003,10,9999
2021-04-15,Switzerland,EURO,2214,628217,6,10005
2021-04-16,Switzerland,EURO,2147,630364,4,10009
2021-04-17,Switzerland,EURO,2121,632485,7,10016
2021-04-18,Switzerland,EURO,1429,633914,9,10025
2021-04-19,Switzerland,EURO,1048,634962,6,10031
2021-04-20,Switzerland,EURO,2744,637706,8,10039
2021-04-21,Switzerland,EURO,2391,640097,9,10048
2021-04-22,Switzerland,EURO,2309,642406,5,10053
2021-04-23,Switzerland,EURO,2266,644672,7,10060
2021-04-24,Switzerland,EURO,2164,646836,10,10070
2021-04-25,Switzerland,EURO,1456,648292,6,10076
2021-04-26,Switzerland,EURO,1188,649480,9,10085
2021-04-27,Switzerland,EURO,2440,651920,13,10098
2021-04-28,Switzerland,EURO,2037,653957,11,10109
2021-04-29,Switzerland,EURO,2009,655966,7,10116
2021-04-30,Switzerland,EURO,1711,657677,8,10124
2021-05-01,Switzerland,EURO,1678,659355,9,10133
2021-05-02,Switzerland,EURO,1158,660513,12,10145
2021-05-03,Switzerland,EURO,832,661345,8,10153
2021-05-04,Switzerland,EURO,2017,663362,5,10158
2021-05-05,Switzerland,EURO,1735,665097,4,10162
2021-05-06,Switzerland,EURO,1650,666747,10,10172
2021-05-07,Switzerland,EURO,1484,668231,4,10176
2021-05-08,Switzerland,EURO,1571,669802,7,10183
2021-05-09,Switzerland,EURO,1062,670864,5,10188
2021-05-10,Switzerland,EURO,779,671643,5,10193
2021-05-11,Switzerland,EURO,1718,673361,6,10199
2021-05-12,Switzerland,EURO,1381,674742,4,10203
2021-05-13,Switzerland,EURO,1442,676184,0,10203
2021-05-14,Switzerland,EURO,672,676856,5,10208
2021-05-15,Switzerland,EURO,1169,678025,4,10212
2021-05-16,Switzerland,EURO,802,678827,2,10214
2021-05-17,Switzerland,EURO,653,679480,9,10223
2021-05-18,Switzerland,EURO,1671,681151,1,10224
2021-05-19,Switzerland,EURO,1342,682493,3,10227
2021-05-20,Switzerland,EURO,1211,683704,6,10233
2021-05-21,Switzerland,EURO,1040,684744,3,10236
2021-05-22,Switzerland,EURO,983,685727,10,10246
2021-05-23,Switzerland,EURO,624,686351,5,10251
2021-05-24,Switzerland,EURO,469,686820,5,10256
2021-05-25,Switzerland,EURO,581,687401,4,10260
2021-05-26,Switzerland,EURO,1146,688547,4,10264
2021-05-27,Switzerland,EURO,924,689471,2,10266
2021-05-28,Switzerland,EURO,850,690321,3,10269
2021-05-29,Switzerland,EURO,749,691070,2,10271
2021-05-30,Switzerland,EURO,499,691569,4,10275
2021-01-01,Syrian Arab Republic,EMRO,90,11434,7,711
2021-01-02,Syrian Arab Republic,EMRO,92,11526,6,717
2021-01-03,Syrian Arab Republic,EMRO,90,11616,6,723
2021-01-04,Syrian Arab Republic,EMRO,94,11710,6,729
2021-01-05,Syrian Arab Republic,EMRO,89,11799,5,734
2021-01-06,Syrian Arab Republic,EMRO,91,11890,7,741
2021-01-07,Syrian Arab Republic,EMRO,98,11988,6,747
2021-01-08,Syrian Arab Republic,EMRO,96,12084,8,755
2021-01-09,Syrian Arab Republic,EMRO,95,12179,8,763
2021-01-10,Syrian Arab Republic,EMRO,95,12274,5,768
2021-01-11,Syrian Arab Republic,EMRO,90,12364,6,774
2021-01-12,Syrian Arab Republic,EMRO,98,12462,7,781
2021-01-13,Syrian Arab Republic,EMRO,96,12558,9,790
2021-01-14,Syrian Arab Republic,EMRO,102,12660,9,799
2021-01-15,Syrian Arab Republic,EMRO,100,12760,10,809
2021-01-16,Syrian Arab Republic,EMRO,90,12850,8,817
2021-01-17,Syrian Arab Republic,EMRO,92,12942,7,824
2021-01-18,Syrian Arab Republic,EMRO,94,13036,8,832
2021-01-19,Syrian Arab Republic,EMRO,96,13132,9,841
2021-01-20,Syrian Arab Republic,EMRO,92,13224,9,850
2021-01-21,Syrian Arab Republic,EMRO,89,13313,8,858
2021-01-22,Syrian Arab Republic,EMRO,85,13398,8,866
2021-01-23,Syrian Arab Republic,EMRO,81,13479,7,873
2021-01-24,Syrian Arab Republic,EMRO,78,13557,6,879
2021-01-25,Syrian Arab Republic,EMRO,71,13628,6,885
2021-01-26,Syrian Arab Republic,EMRO,69,13697,5,890
2021-01-27,Syrian Arab Republic,EMRO,65,13762,5,895
2021-01-28,Syrian Arab Republic,EMRO,61,13823,5,900
2021-01-29,Syrian Arab Republic,EMRO,62,13885,6,906
2021-01-30,Syrian Arab Republic,EMRO,59,13944,5,911
2021-01-31,Syrian Arab Republic,EMRO,54,13998,5,916
2021-02-01,Syrian Arab Republic,EMRO,50,14048,5,921
2021-02-02,Syrian Arab Republic,EMRO,48,14096,5,926
2021-02-03,Syrian Arab Republic,EMRO,46,14142,3,929
2021-02-04,Syrian Arab Republic,EMRO,60,14202,4,933
2021-02-05,Syrian Arab Republic,EMRO,65,14267,5,938
2021-02-06,Syrian Arab Republic,EMRO,71,14338,5,943
2021-02-07,Syrian Arab Republic,EMRO,70,14408,4,947
2021-02-08,Syrian Arab Republic,EMRO,69,14477,5,952
2021-02-09,Syrian Arab Republic,EMRO,74,14551,6,958
2021-02-10,Syrian Arab Republic,EMRO,60,14611,3,961
2021-02-11,Syrian Arab Republic,EMRO,57,14668,4,965
2021-02-12,Syrian Arab Republic,EMRO,56,14724,3,968
2021-02-13,Syrian Arab Republic,EMRO,41,14765,3,971
2021-02-14,Syrian Arab Republic,EMRO,55,14820,4,975
2021-02-15,Syrian Arab Republic,EMRO,43,14863,3,978
2021-02-16,Syrian Arab Republic,EMRO,43,14906,3,981
2021-02-17,Syrian Arab Republic,EMRO,45,14951,3,984
2021-02-18,Syrian Arab Republic,EMRO,50,15001,3,987
2021-02-19,Syrian Arab Republic,EMRO,44,15045,3,990
2021-02-20,Syrian Arab Republic,EMRO,49,15094,4,994
2021-02-21,Syrian Arab Republic,EMRO,49,15143,2,996
2021-02-22,Syrian Arab Republic,EMRO,36,15179,2,998
2021-02-23,Syrian Arab Republic,EMRO,51,15230,3,1001
2021-02-24,Syrian Arab Republic,EMRO,52,15282,3,1004
2021-02-25,Syrian Arab Republic,EMRO,61,15343,4,1008
2021-02-26,Syrian Arab Republic,EMRO,62,15405,6,1014
2021-02-27,Syrian Arab Republic,EMRO,62,15467,4,1018
2021-02-28,Syrian Arab Republic,EMRO,66,15533,5,1023
2021-03-01,Syrian Arab Republic,EMRO,55,15588,4,1027
2021-03-02,Syrian Arab Republic,EMRO,54,15642,5,1032
2021-03-03,Syrian Arab Republic,EMRO,54,15696,7,1039
2021-03-04,Syrian Arab Republic,EMRO,57,15753,6,1045
2021-03-05,Syrian Arab Republic,EMRO,62,15815,5,1050
2021-03-06,Syrian Arab Republic,EMRO,55,15870,4,1054
2021-03-07,Syrian Arab Republic,EMRO,55,15925,4,1058
2021-03-08,Syrian Arab Republic,EMRO,56,15981,5,1063
2021-03-09,Syrian Arab Republic,EMRO,61,16042,5,1068
2021-03-10,Syrian Arab Republic,EMRO,75,16117,6,1074
2021-03-11,Syrian Arab Republic,EMRO,70,16187,5,1079
2021-03-12,Syrian Arab Republic,EMRO,70,16257,6,1085
2021-03-13,Syrian Arab Republic,EMRO,71,16328,5,1090
2021-03-14,Syrian Arab Republic,EMRO,73,16401,4,1094
2021-03-15,Syrian Arab Republic,EMRO,77,16478,5,1099
2021-03-16,Syrian Arab Republic,EMRO,78,16556,5,1104
2021-03-17,Syrian Arab Republic,EMRO,100,16656,6,1110
2021-03-18,Syrian Arab Republic,EMRO,120,16776,10,1120
2021-03-19,Syrian Arab Republic,EMRO,149,16925,10,1130
2021-03-20,Syrian Arab Republic,EMRO,152,17077,11,1141
2021-03-21,Syrian Arab Republic,EMRO,163,17240,12,1153
2021-03-22,Syrian Arab Republic,EMRO,171,17411,10,1163
2021-03-23,Syrian Arab Republic,EMRO,172,17583,12,1175
2021-03-24,Syrian Arab Republic,EMRO,160,17743,8,1183
2021-03-25,Syrian Arab Republic,EMRO,153,17896,12,1195
2021-03-26,Syrian Arab Republic,EMRO,150,18046,11,1206
2021-03-27,Syrian Arab Republic,EMRO,155,18201,10,1216
2021-03-28,Syrian Arab Republic,EMRO,155,18356,11,1227
2021-03-29,Syrian Arab Republic,EMRO,142,18498,12,1239
2021-03-30,Syrian Arab Republic,EMRO,140,18638,8,1247
2021-03-31,Syrian Arab Republic,EMRO,137,18775,7,1254
2021-04-01,Syrian Arab Republic,EMRO,134,18909,11,1265
2021-04-02,Syrian Arab Republic,EMRO,130,19039,9,1274
2021-04-03,Syrian Arab Republic,EMRO,125,19164,14,1288
2021-04-04,Syrian Arab Republic,EMRO,120,19284,11,1299
2021-04-05,Syrian Arab Republic,EMRO,120,19404,14,1313
2021-04-06,Syrian Arab Republic,EMRO,122,19526,10,1323
2021-04-07,Syrian Arab Republic,EMRO,115,19641,9,1332
2021-04-08,Syrian Arab Republic,EMRO,120,19761,10,1342
2021-04-09,Syrian Arab Republic,EMRO,122,19883,10,1352
2021-04-10,Syrian Arab Republic,EMRO,125,20008,8,1360
2021-04-11,Syrian Arab Republic,EMRO,110,20118,8,1368
2021-04-12,Syrian Arab Republic,EMRO,108,20226,10,1378
2021-04-13,Syrian Arab Republic,EMRO,105,20331,7,1385
2021-04-14,Syrian Arab Republic,EMRO,104,20435,7,1392
2021-04-15,Syrian Arab Republic,EMRO,120,20555,10,1402
2021-04-16,Syrian Arab Republic,EMRO,158,20713,12,1414
2021-04-17,Syrian Arab Republic,EMRO,143,20856,9,1423
2021-04-18,Syrian Arab Republic,EMRO,148,21004,14,1437
2021-04-19,Syrian Arab Republic,EMRO,138,21142,9,1446
2021-04-20,Syrian Arab Republic,EMRO,137,21279,10,1456
2021-04-21,Syrian Arab Republic,EMRO,154,21433,12,1468
2021-04-22,Syrian Arab Republic,EMRO,151,21584,15,1483
2021-04-23,Syrian Arab Republic,EMRO,141,21725,13,1496
2021-04-24,Syrian Arab Republic,EMRO,139,21864,14,1510
2021-04-25,Syrian Arab Republic,EMRO,135,21999,16,1526
2021-04-26,Syrian Arab Republic,EMRO,136,22135,11,1537
2021-04-27,Syrian Arab Republic,EMRO,130,22265,11,1548
2021-04-28,Syrian Arab Republic,EMRO,124,22389,11,1559
2021-04-29,Syrian Arab Republic,EMRO,124,22513,13,1572
2021-04-30,Syrian Arab Republic,EMRO,118,22631,11,1583
2021-05-01,Syrian Arab Republic,EMRO,102,22733,9,1592
2021-05-02,Syrian Arab Republic,EMRO,85,22818,6,1598
2021-05-03,Syrian Arab Republic,EMRO,80,22898,5,1603
2021-05-04,Syrian Arab Republic,EMRO,79,22977,7,1610
2021-05-05,Syrian Arab Republic,EMRO,74,23051,7,1617
2021-05-06,Syrian Arab Republic,EMRO,70,23121,8,1625
2021-05-07,Syrian Arab Republic,EMRO,70,23191,6,1631
2021-05-08,Syrian Arab Republic,EMRO,65,23256,8,1639
2021-05-09,Syrian Arab Republic,EMRO,63,23319,9,1648
2021-05-10,Syrian Arab Republic,EMRO,60,23379,9,1657
2021-05-11,Syrian Arab Republic,EMRO,60,23439,7,1664
2021-05-12,Syrian Arab Republic,EMRO,51,23490,6,1670
2021-05-13,Syrian Arab Republic,EMRO,53,23543,6,1676
2021-05-14,Syrian Arab Republic,EMRO,52,23595,6,1682
2021-05-15,Syrian Arab Republic,EMRO,50,23645,6,1688
2021-05-16,Syrian Arab Republic,EMRO,48,23693,5,1693
2021-05-17,Syrian Arab Republic,EMRO,45,23738,5,1698
2021-05-18,Syrian Arab Republic,EMRO,50,23788,7,1705
2021-05-19,Syrian Arab Republic,EMRO,42,23830,5,1710
2021-05-20,Syrian Arab Republic,EMRO,54,23884,4,1714
2021-05-21,Syrian Arab Republic,EMRO,55,23939,6,1720
2021-05-22,Syrian Arab Republic,EMRO,57,23996,4,1724
2021-05-23,Syrian Arab Republic,EMRO,56,24052,5,1729
2021-05-24,Syrian Arab Republic,EMRO,65,24117,5,1734
2021-05-25,Syrian Arab Republic,EMRO,70,24187,6,1740
2021-05-26,Syrian Arab Republic,EMRO,65,24252,5,1745
2021-05-27,Syrian Arab Republic,EMRO,63,24315,5,1750
2021-05-28,Syrian Arab Republic,EMRO,50,24365,4,1754
2021-05-29,Syrian Arab Republic,EMRO,45,24410,4,1758
2021-05-30,Syrian Arab Republic,EMRO,30,24440,5,1763
2021-01-01,Tajikistan,EURO,0,13665,0,90
2021-01-02,Tajikistan,EURO,6,13671,1,91
2021-01-03,Tajikistan,EURO,3,13674,0,91
2021-01-04,Tajikistan,EURO,2,13676,0,91
2021-01-05,Tajikistan,EURO,10,13686,0,91
2021-01-06,Tajikistan,EURO,9,13695,0,91
2021-01-07,Tajikistan,EURO,6,13701,0,91
2021-01-08,Tajikistan,EURO,4,13705,0,91
2021-01-09,Tajikistan,EURO,1,13706,0,91
2021-01-10,Tajikistan,EURO,1,13707,0,91
2021-01-11,Tajikistan,EURO,1,13708,0,91
2021-01-12,Tajikistan,EURO,1,13709,0,91
2021-01-13,Tajikistan,EURO,1,13710,0,91
2021-01-14,Tajikistan,EURO,1,13711,0,91
2021-01-15,Tajikistan,EURO,0,13711,0,91
2021-01-16,Tajikistan,EURO,0,13711,0,91
2021-01-17,Tajikistan,EURO,3,13714,0,91
2021-01-18,Tajikistan,EURO,0,13714,0,91
2021-01-19,Tajikistan,EURO,0,13714,0,91
2021-01-20,Tajikistan,EURO,0,13714,0,91
2021-01-21,Tajikistan,EURO,0,13714,0,91
2021-01-22,Tajikistan,EURO,0,13714,0,91
2021-01-23,Tajikistan,EURO,0,13714,0,91
2021-01-24,Tajikistan,EURO,0,13714,0,91
2021-01-25,Tajikistan,EURO,0,13714,0,91
2021-01-26,Tajikistan,EURO,0,13714,0,91
2021-01-27,Tajikistan,EURO,0,13714,0,91
2021-01-28,Tajikistan,EURO,0,13714,0,91
2021-01-29,Tajikistan,EURO,0,13714,0,91
2021-01-30,Tajikistan,EURO,0,13714,0,91
2021-01-31,Tajikistan,EURO,0,13714,0,91
2021-02-01,Tajikistan,EURO,0,13714,0,91
2021-02-02,Tajikistan,EURO,0,13714,0,91
2021-02-03,Tajikistan,EURO,0,13714,0,91
2021-02-04,Tajikistan,EURO,0,13714,0,91
2021-02-05,Tajikistan,EURO,0,13714,0,91
2021-02-06,Tajikistan,EURO,0,13714,0,91
2021-02-07,Tajikistan,EURO,0,13714,0,91
2021-02-08,Tajikistan,EURO,0,13714,0,91
2021-02-09,Tajikistan,EURO,0,13714,0,91
2021-02-10,Tajikistan,EURO,0,13714,0,91
2021-02-11,Tajikistan,EURO,0,13714,0,91
2021-02-12,Tajikistan,EURO,0,13714,0,91
2021-02-13,Tajikistan,EURO,0,13714,0,91
2021-02-14,Tajikistan,EURO,0,13714,0,91
2021-02-15,Tajikistan,EURO,0,13714,0,91
2021-02-16,Tajikistan,EURO,0,13714,0,91
2021-02-17,Tajikistan,EURO,0,13714,0,91
2021-02-18,Tajikistan,EURO,0,13714,0,91
2021-02-19,Tajikistan,EURO,0,13714,0,91
2021-02-20,Tajikistan,EURO,0,13714,0,91
2021-02-21,Tajikistan,EURO,0,13714,0,91
2021-02-22,Tajikistan,EURO,0,13714,0,91
2021-02-23,Tajikistan,EURO,0,13714,0,91
2021-02-24,Tajikistan,EURO,0,13714,0,91
2021-02-25,Tajikistan,EURO,0,13714,0,91
2021-02-26,Tajikistan,EURO,0,13714,0,91
2021-02-27,Tajikistan,EURO,0,13714,0,91
2021-02-28,Tajikistan,EURO,0,13714,0,91
2021-03-01,Tajikistan,EURO,0,13714,0,91
2021-03-02,Tajikistan,EURO,0,13714,0,91
2021-03-03,Tajikistan,EURO,0,13714,0,91
2021-03-04,Tajikistan,EURO,0,13714,0,91
2021-03-05,Tajikistan,EURO,0,13714,0,91
2021-03-06,Tajikistan,EURO,0,13714,0,91
2021-03-07,Tajikistan,EURO,0,13714,0,91
2021-03-08,Tajikistan,EURO,0,13714,0,91
2021-03-09,Tajikistan,EURO,0,13714,0,91
2021-03-10,Tajikistan,EURO,0,13714,0,91
2021-03-11,Tajikistan,EURO,0,13714,0,91
2021-03-12,Tajikistan,EURO,0,13714,0,91
2021-03-13,Tajikistan,EURO,0,13714,0,91
2021-03-14,Tajikistan,EURO,0,13714,0,91
2021-03-15,Tajikistan,EURO,0,13714,0,91
2021-03-16,Tajikistan,EURO,0,13714,0,91
2021-03-17,Tajikistan,EURO,0,13714,0,91
2021-03-18,Tajikistan,EURO,0,13714,0,91
2021-03-19,Tajikistan,EURO,0,13714,0,91
2021-03-20,Tajikistan,EURO,0,13714,0,91
2021-03-21,Tajikistan,EURO,0,13714,0,91
2021-03-22,Tajikistan,EURO,0,13714,0,91
2021-03-23,Tajikistan,EURO,0,13714,0,91
2021-03-24,Tajikistan,EURO,0,13714,0,91
2021-03-25,Tajikistan,EURO,0,13714,0,91
2021-03-26,Tajikistan,EURO,0,13714,0,91
2021-03-27,Tajikistan,EURO,0,13714,0,91
2021-03-28,Tajikistan,EURO,0,13714,0,91
2021-03-29,Tajikistan,EURO,0,13714,0,91
2021-03-30,Tajikistan,EURO,0,13714,0,91
2021-03-31,Tajikistan,EURO,0,13714,0,91
2021-04-01,Tajikistan,EURO,0,13714,0,91
2021-04-02,Tajikistan,EURO,0,13714,0,91
2021-04-03,Tajikistan,EURO,0,13714,0,91
2021-04-04,Tajikistan,EURO,0,13714,0,91
2021-04-05,Tajikistan,EURO,0,13714,0,91
2021-04-06,Tajikistan,EURO,0,13714,0,91
2021-04-07,Tajikistan,EURO,0,13714,0,91
2021-04-08,Tajikistan,EURO,0,13714,0,91
2021-04-09,Tajikistan,EURO,0,13714,0,91
2021-04-10,Tajikistan,EURO,0,13714,0,91
2021-04-11,Tajikistan,EURO,0,13714,0,91
2021-04-12,Tajikistan,EURO,0,13714,0,91
2021-04-13,Tajikistan,EURO,0,13714,0,91
2021-04-14,Tajikistan,EURO,0,13714,0,91
2021-04-15,Tajikistan,EURO,0,13714,0,91
2021-04-16,Tajikistan,EURO,0,13714,0,91
2021-04-17,Tajikistan,EURO,0,13714,0,91
2021-04-18,Tajikistan,EURO,0,13714,0,91
2021-04-19,Tajikistan,EURO,0,13714,0,91
2021-04-20,Tajikistan,EURO,0,13714,0,91
2021-04-21,Tajikistan,EURO,0,13714,0,91
2021-04-22,Tajikistan,EURO,0,13714,0,91
2021-04-23,Tajikistan,EURO,0,13714,0,91
2021-04-24,Tajikistan,EURO,0,13714,0,91
2021-04-25,Tajikistan,EURO,0,13714,0,91
2021-04-26,Tajikistan,EURO,0,13714,0,91
2021-04-27,Tajikistan,EURO,0,13714,0,91
2021-04-28,Tajikistan,EURO,0,13714,0,91
2021-04-29,Tajikistan,EURO,0,13714,0,91
2021-04-30,Tajikistan,EURO,0,13714,0,91
2021-05-01,Tajikistan,EURO,0,13714,0,91
2021-05-02,Tajikistan,EURO,0,13714,0,91
2021-05-03,Tajikistan,EURO,0,13714,0,91
2021-05-04,Tajikistan,EURO,0,13714,0,91
2021-05-05,Tajikistan,EURO,0,13714,0,91
2021-05-06,Tajikistan,EURO,0,13714,0,91
2021-05-07,Tajikistan,EURO,0,13714,0,91
2021-05-08,Tajikistan,EURO,0,13714,0,91
2021-05-09,Tajikistan,EURO,0,13714,0,91
2021-05-10,Tajikistan,EURO,0,13714,0,91
2021-05-11,Tajikistan,EURO,0,13714,0,91
2021-05-12,Tajikistan,EURO,0,13714,0,91
2021-05-13,Tajikistan,EURO,0,13714,0,91
2021-05-14,Tajikistan,EURO,0,13714,0,91
2021-05-15,Tajikistan,EURO,0,13714,0,91
2021-05-16,Tajikistan,EURO,0,13714,0,91
2021-05-17,Tajikistan,EURO,0,13714,0,91
2021-05-18,Tajikistan,EURO,0,13714,0,91
2021-05-19,Tajikistan,EURO,0,13714,0,91
2021-05-20,Tajikistan,EURO,0,13714,0,91
2021-05-21,Tajikistan,EURO,0,13714,0,91
2021-05-22,Tajikistan,EURO,0,13714,0,91
2021-05-23,Tajikistan,EURO,0,13714,0,91
2021-05-24,Tajikistan,EURO,0,13714,0,91
2021-05-25,Tajikistan,EURO,0,13714,0,91
2021-05-26,Tajikistan,EURO,0,13714,0,91
2021-05-27,Tajikistan,EURO,0,13714,0,91
2021-05-28,Tajikistan,EURO,0,13714,0,91
2021-05-29,Tajikistan,EURO,0,13714,0,91
2021-05-30,Tajikistan,EURO,0,13714,0,91
2021-01-01,Thailand,SEARO,279,7163,2,63
2021-01-02,Thailand,SEARO,216,7379,1,64
2021-01-03,Thailand,SEARO,315,7694,0,64
2021-01-04,Thailand,SEARO,745,8439,1,65
2021-01-05,Thailand,SEARO,527,8966,0,65
2021-01-06,Thailand,SEARO,365,9331,1,66
2021-01-07,Thailand,SEARO,305,9636,1,67
2021-01-08,Thailand,SEARO,205,9841,0,67
2021-01-09,Thailand,SEARO,212,10053,0,67
2021-01-10,Thailand,SEARO,245,10298,0,67
2021-01-11,Thailand,SEARO,249,10547,0,67
2021-01-12,Thailand,SEARO,287,10834,0,67
2021-01-13,Thailand,SEARO,157,10991,0,67
2021-01-14,Thailand,SEARO,271,11262,2,69
2021-01-15,Thailand,SEARO,188,11450,0,69
2021-01-16,Thailand,SEARO,230,11680,1,70
2021-01-17,Thailand,SEARO,374,12054,0,70
2021-01-18,Thailand,SEARO,369,12423,0,70
2021-01-19,Thailand,SEARO,171,12594,0,70
2021-01-20,Thailand,SEARO,59,12653,1,71
2021-01-21,Thailand,SEARO,142,12795,0,71
2021-01-22,Thailand,SEARO,309,13104,0,71
2021-01-23,Thailand,SEARO,198,13302,1,72
2021-01-24,Thailand,SEARO,198,13500,1,73
2021-01-25,Thailand,SEARO,187,13687,2,75
2021-01-26,Thailand,SEARO,959,14646,0,75
2021-01-27,Thailand,SEARO,819,15465,1,76
2021-01-28,Thailand,SEARO,756,16221,0,76
2021-01-29,Thailand,SEARO,802,17023,0,76
2021-01-30,Thailand,SEARO,930,17953,1,77
2021-01-31,Thailand,SEARO,829,18782,0,77
2021-02-01,Thailand,SEARO,836,19618,0,77
2021-02-02,Thailand,SEARO,836,20454,2,79
2021-02-03,Thailand,SEARO,795,21249,0,79
2021-02-04,Thailand,SEARO,809,22058,0,79
2021-02-05,Thailand,SEARO,586,22644,0,79
2021-02-06,Thailand,SEARO,490,23134,0,79
2021-02-07,Thailand,SEARO,237,23371,0,79
2021-02-08,Thailand,SEARO,186,23557,0,79
2021-02-09,Thailand,SEARO,189,23746,0,79
2021-02-10,Thailand,SEARO,157,23903,1,80
2021-02-11,Thailand,SEARO,201,24104,0,80
2021-02-12,Thailand,SEARO,175,24279,0,80
2021-02-13,Thailand,SEARO,126,24405,0,80
2021-02-14,Thailand,SEARO,166,24571,0,80
2021-02-15,Thailand,SEARO,143,24714,2,82
2021-02-16,Thailand,SEARO,72,24786,0,82
2021-02-17,Thailand,SEARO,175,24961,0,82
2021-02-18,Thailand,SEARO,150,25111,0,82
2021-02-19,Thailand,SEARO,130,25241,1,83
2021-02-20,Thailand,SEARO,82,25323,0,83
2021-02-21,Thailand,SEARO,92,25415,0,83
2021-02-22,Thailand,SEARO,89,25504,0,83
2021-02-23,Thailand,SEARO,95,25599,0,83
2021-02-24,Thailand,SEARO,93,25692,0,83
2021-02-25,Thailand,SEARO,72,25764,0,83
2021-02-26,Thailand,SEARO,45,25809,0,83
2021-02-27,Thailand,SEARO,72,25881,0,83
2021-02-28,Thailand,SEARO,70,25951,0,83
2021-03-01,Thailand,SEARO,80,26031,0,83
2021-03-02,Thailand,SEARO,42,26073,1,84
2021-03-03,Thailand,SEARO,35,26108,0,84
2021-03-04,Thailand,SEARO,54,26162,1,85
2021-03-05,Thailand,SEARO,79,26241,0,85
2021-03-06,Thailand,SEARO,64,26305,0,85
2021-03-07,Thailand,SEARO,65,26370,0,85
2021-03-08,Thailand,SEARO,71,26441,0,85
2021-03-09,Thailand,SEARO,60,26501,0,85
2021-03-10,Thailand,SEARO,39,26540,0,85
2021-03-11,Thailand,SEARO,58,26598,0,85
2021-03-12,Thailand,SEARO,81,26679,0,85
2021-03-13,Thailand,SEARO,78,26757,1,86
2021-03-14,Thailand,SEARO,170,26927,0,86
2021-03-15,Thailand,SEARO,78,27005,1,87
2021-03-16,Thailand,SEARO,149,27154,0,87
2021-03-17,Thailand,SEARO,248,27402,1,88
2021-03-18,Thailand,SEARO,92,27494,1,89
2021-03-19,Thailand,SEARO,100,27594,1,90
2021-03-20,Thailand,SEARO,119,27713,0,90
2021-03-21,Thailand,SEARO,90,27803,0,90
2021-03-22,Thailand,SEARO,73,27876,1,91
2021-03-23,Thailand,SEARO,401,28277,1,92
2021-03-24,Thailand,SEARO,69,28346,0,92
2021-03-25,Thailand,SEARO,97,28443,0,92
2021-03-26,Thailand,SEARO,134,28577,0,92
2021-03-27,Thailand,SEARO,80,28657,1,93
2021-03-28,Thailand,SEARO,77,28734,1,94
2021-03-29,Thailand,SEARO,39,28773,0,94
2021-03-30,Thailand,SEARO,48,28821,0,94
2021-03-31,Thailand,SEARO,42,28863,0,94
2021-04-01,Thailand,SEARO,26,28889,0,94
2021-04-02,Thailand,SEARO,58,28947,0,94
2021-04-03,Thailand,SEARO,84,29031,1,95
2021-04-04,Thailand,SEARO,96,29127,0,95
2021-04-05,Thailand,SEARO,194,29321,0,95
2021-04-06,Thailand,SEARO,250,29571,0,95
2021-04-07,Thailand,SEARO,334,29905,0,95
2021-04-08,Thailand,SEARO,405,30310,0,95
2021-04-09,Thailand,SEARO,559,30869,1,96
2021-04-10,Thailand,SEARO,789,31658,1,97
2021-04-11,Thailand,SEARO,967,32625,0,97
2021-04-12,Thailand,SEARO,985,33610,0,97
2021-04-13,Thailand,SEARO,965,34575,0,97
2021-04-14,Thailand,SEARO,1335,35910,0,97
2021-04-15,Thailand,SEARO,1543,37453,0,97
2021-04-16,Thailand,SEARO,1585,39038,0,97
2021-04-17,Thailand,SEARO,1547,40585,2,99
2021-04-18,Thailand,SEARO,1767,42352,2,101
2021-04-19,Thailand,SEARO,1390,43742,3,104
2021-04-20,Thailand,SEARO,1443,45185,4,108
2021-04-21,Thailand,SEARO,1458,46643,2,110
2021-04-22,Thailand,SEARO,1470,48113,7,117
2021-04-23,Thailand,SEARO,2070,50183,4,121
2021-04-24,Thailand,SEARO,2839,53022,8,129
2021-04-25,Thailand,SEARO,2438,55460,11,140
2021-04-26,Thailand,SEARO,2048,57508,8,148
2021-04-27,Thailand,SEARO,2179,59687,15,163
2021-04-28,Thailand,SEARO,2012,61699,15,178
2021-04-29,Thailand,SEARO,1871,63570,10,188
2021-04-30,Thailand,SEARO,1583,65153,15,203
2021-05-01,Thailand,SEARO,1891,67044,21,224
2021-05-02,Thailand,SEARO,1940,68984,21,245
2021-05-03,Thailand,SEARO,2041,71025,31,276
2021-05-04,Thailand,SEARO,1763,72788,27,303
2021-05-05,Thailand,SEARO,2112,74900,15,318
2021-05-06,Thailand,SEARO,1911,76811,18,336
2021-05-07,Thailand,SEARO,2044,78855,27,363
2021-05-08,Thailand,SEARO,2419,81274,19,382
2021-05-09,Thailand,SEARO,2101,83375,17,399
2021-05-10,Thailand,SEARO,1630,85005,22,421
2021-05-11,Thailand,SEARO,1919,86924,31,452
2021-05-12,Thailand,SEARO,1983,88907,34,486
2021-05-13,Thailand,SEARO,4887,93794,32,518
2021-05-14,Thailand,SEARO,2256,96050,30,548
2021-05-15,Thailand,SEARO,3095,99145,17,565
2021-05-16,Thailand,SEARO,2302,101447,24,589
2021-05-17,Thailand,SEARO,9635,111082,25,614
2021-05-18,Thailand,SEARO,2473,113555,35,649
2021-05-19,Thailand,SEARO,3394,116949,29,678
2021-05-20,Thailand,SEARO,2636,119585,25,703
2021-05-21,Thailand,SEARO,3481,123066,32,735
2021-05-22,Thailand,SEARO,3052,126118,24,759
2021-05-23,Thailand,SEARO,3382,129500,17,776
2021-05-24,Thailand,SEARO,2713,132213,30,806
2021-05-25,Thailand,SEARO,3226,135439,26,832
2021-05-26,Thailand,SEARO,2455,137894,41,873
2021-05-27,Thailand,SEARO,3323,141217,47,920
2021-05-28,Thailand,SEARO,3759,144976,34,954
2021-05-29,Thailand,SEARO,4803,149779,34,988
2021-05-30,Thailand,SEARO,4528,154307,24,1012
2021-01-01,The United Kingdom,EURO,70797,2603398,964,73512
2021-01-02,The United Kingdom,EURO,52783,2656181,613,74125
2021-01-03,The United Kingdom,EURO,31840,2688021,445,74570
2021-01-04,The United Kingdom,EURO,60392,2748413,454,75024
2021-01-05,The United Kingdom,EURO,55175,2803588,407,75431
2021-01-06,The United Kingdom,EURO,76158,2879746,874,76305
2021-01-07,The United Kingdom,EURO,65092,2944838,1041,77346
2021-01-08,The United Kingdom,EURO,57380,3002218,1162,78508
2021-01-09,The United Kingdom,EURO,51927,3054145,1325,79833
2021-01-10,The United Kingdom,EURO,46999,3101144,1035,80868
2021-01-11,The United Kingdom,EURO,39080,3140224,563,81431
2021-01-12,The United Kingdom,EURO,36340,3176564,529,81960
2021-01-13,The United Kingdom,EURO,57100,3233664,1243,83203
2021-01-14,The United Kingdom,EURO,49366,3283030,1564,84767
2021-01-15,The United Kingdom,EURO,45375,3328405,1248,86015
2021-01-16,The United Kingdom,EURO,42361,3370766,1280,87295
2021-01-17,The United Kingdom,EURO,40395,3411161,1295,88590
2021-01-18,The United Kingdom,EURO,30521,3441682,671,89261
2021-01-19,The United Kingdom,EURO,28835,3470517,599,89860
2021-01-20,The United Kingdom,EURO,44762,3515279,1610,91470
2021-01-21,The United Kingdom,EURO,39463,3554742,1820,93290
2021-01-22,The United Kingdom,EURO,35084,3589826,1290,94580
2021-01-23,The United Kingdom,EURO,31656,3621482,1401,95981
2021-01-24,The United Kingdom,EURO,29524,3651006,1348,97329
2021-01-25,The United Kingdom,EURO,21826,3672832,610,97939
2021-01-26,The United Kingdom,EURO,17167,3689999,592,98531
2021-01-27,The United Kingdom,EURO,29892,3719891,1631,100162
2021-01-28,The United Kingdom,EURO,26960,3746851,1725,101887
2021-01-29,The United Kingdom,EURO,25669,3772520,1239,103126
2021-01-30,The United Kingdom,EURO,24135,3796655,1223,104349
2021-01-31,The United Kingdom,EURO,21768,3818423,1222,105571
2021-02-01,The United Kingdom,EURO,16659,3835082,587,106158
2021-02-02,The United Kingdom,EURO,15367,3850449,406,106564
2021-02-03,The United Kingdom,EURO,22328,3872777,1449,108013
2021-02-04,The United Kingdom,EURO,19757,3892534,1322,109335
2021-02-05,The United Kingdom,EURO,19387,3911921,915,110250
2021-02-06,The United Kingdom,EURO,17951,3929872,1014,111264
2021-02-07,The United Kingdom,EURO,15838,3945710,828,112092
2021-02-08,The United Kingdom,EURO,11946,3957656,373,112465
2021-02-09,The United Kingdom,EURO,11355,3969011,333,112798
2021-02-10,The United Kingdom,EURO,15682,3984693,1052,113850
2021-02-11,The United Kingdom,EURO,13792,3998485,1001,114851
2021-02-12,The United Kingdom,EURO,13476,4011961,678,115529
2021-02-13,The United Kingdom,EURO,12732,4024693,758,116287
2021-02-14,The United Kingdom,EURO,12145,4036838,621,116908
2021-02-15,The United Kingdom,EURO,8751,4045589,258,117166
2021-02-16,The United Kingdom,EURO,8752,4054341,230,117396
2021-02-17,The United Kingdom,EURO,14241,4068582,799,118195
2021-02-18,The United Kingdom,EURO,12467,4081049,738,118933
2021-02-19,The United Kingdom,EURO,11555,4092604,454,119387
2021-02-20,The United Kingdom,EURO,11391,4103995,533,119920
2021-02-21,The United Kingdom,EURO,10376,4114371,445,120365
2021-02-22,The United Kingdom,EURO,8050,4122421,215,120580
2021-02-23,The United Kingdom,EURO,7866,4130287,177,120757
2021-02-24,The United Kingdom,EURO,11230,4141517,548,121305
2021-02-25,The United Kingdom,EURO,9376,4150893,442,121747
2021-02-26,The United Kingdom,EURO,8526,4159419,323,122070
2021-02-27,The United Kingdom,EURO,7705,4167124,345,122415
2021-02-28,The United Kingdom,EURO,6567,4173691,290,122705
2021-03-01,The United Kingdom,EURO,4814,4178505,144,122849
2021-03-02,The United Kingdom,EURO,4710,4183215,104,122953
2021-03-03,The United Kingdom,EURO,6866,4190081,343,123296
2021-03-04,The United Kingdom,EURO,6648,4196729,487,123783
2021-03-05,The United Kingdom,EURO,5963,4202692,242,124025
2021-03-06,The United Kingdom,EURO,5719,4208411,236,124261
2021-03-07,The United Kingdom,EURO,5294,4213705,158,124419
2021-03-08,The United Kingdom,EURO,4485,4218190,82,124501
2021-03-09,The United Kingdom,EURO,4267,4222457,65,124566
2021-03-10,The United Kingdom,EURO,6626,4229083,231,124797
2021-03-11,The United Kingdom,EURO,6213,4235296,190,124987
2021-03-12,The United Kingdom,EURO,6013,4241309,181,125168
2021-03-13,The United Kingdom,EURO,5759,4247068,175,125343
2021-03-14,The United Kingdom,EURO,5582,4252650,121,125464
2021-03-15,The United Kingdom,EURO,4243,4256893,52,125516
2021-03-16,The United Kingdom,EURO,4284,4261177,64,125580
2021-03-17,The United Kingdom,EURO,6483,4267660,110,125690
2021-03-18,The United Kingdom,EURO,5662,4273322,141,125831
2021-03-19,The United Kingdom,EURO,5767,4279089,95,125926
2021-03-20,The United Kingdom,EURO,5458,4284547,100,126026
2021-03-21,The United Kingdom,EURO,4980,4289527,96,126122
2021-03-22,The United Kingdom,EURO,4086,4293613,33,126155
2021-03-23,The United Kingdom,EURO,5219,4298832,17,126172
2021-03-24,The United Kingdom,EURO,6171,4305003,112,126284
2021-03-25,The United Kingdom,EURO,5244,4310247,98,126382
2021-03-26,The United Kingdom,EURO,6004,4316251,63,126445
2021-03-27,The United Kingdom,EURO,5386,4321637,70,126515
2021-03-28,The United Kingdom,EURO,4399,4326036,58,126573
2021-03-29,The United Kingdom,EURO,3559,4329595,19,126592
2021-03-30,The United Kingdom,EURO,4795,4334390,23,126615
2021-03-31,The United Kingdom,EURO,3995,4338385,55,126670
2021-04-01,The United Kingdom,EURO,3583,4341968,43,126713
2021-04-02,The United Kingdom,EURO,3743,4345711,51,126764
2021-04-03,The United Kingdom,EURO,3460,4349171,52,126816
2021-04-04,The United Kingdom,EURO,2588,4351759,10,126826
2021-04-05,The United Kingdom,EURO,2338,4354097,10,126836
2021-04-06,The United Kingdom,EURO,2237,4356334,26,126862
2021-04-07,The United Kingdom,EURO,2548,4358882,20,126882
2021-04-08,The United Kingdom,EURO,3011,4361893,45,126927
2021-04-09,The United Kingdom,EURO,2855,4364748,53,126980
2021-04-10,The United Kingdom,EURO,2456,4367204,60,127040
2021-04-11,The United Kingdom,EURO,845,4368049,40,127080
2021-04-12,The United Kingdom,EURO,1730,4369779,7,127087
2021-04-13,The United Kingdom,EURO,3568,4373347,13,127100
2021-04-14,The United Kingdom,EURO,2471,4375818,23,127123
2021-04-15,The United Kingdom,EURO,2491,4378309,38,127161
2021-04-16,The United Kingdom,EURO,2671,4380980,30,127191
2021-04-17,The United Kingdom,EURO,2756,4383736,34,127225
2021-04-18,The United Kingdom,EURO,2206,4385942,35,127260
2021-04-19,The United Kingdom,EURO,1882,4387824,10,127270
2021-04-20,The United Kingdom,EURO,2963,4390787,4,127274
2021-04-21,The United Kingdom,EURO,2524,4393311,33,127307
2021-04-22,The United Kingdom,EURO,2396,4395707,20,127327
2021-04-23,The United Kingdom,EURO,2728,4398435,18,127345
2021-04-24,The United Kingdom,EURO,2678,4401113,40,127385
2021-04-25,The United Kingdom,EURO,2061,4403174,32,127417
2021-04-26,The United Kingdom,EURO,1712,4404886,11,127428
2021-04-27,The United Kingdom,EURO,2064,4406950,6,127434
2021-04-28,The United Kingdom,EURO,2685,4409635,17,127451
2021-04-29,The United Kingdom,EURO,2166,4411801,29,127480
2021-04-30,The United Kingdom,EURO,2445,4414246,22,127502
2021-05-01,The United Kingdom,EURO,2381,4416627,15,127517
2021-05-02,The United Kingdom,EURO,1907,4418534,7,127524
2021-05-03,The United Kingdom,EURO,1671,4420205,14,127538
2021-05-04,The United Kingdom,EURO,1649,4421854,1,127539
2021-05-05,The United Kingdom,EURO,1946,4423800,4,127543
2021-05-06,The United Kingdom,EURO,2144,4425944,27,127570
2021-05-07,The United Kingdom,EURO,2613,4428557,13,127583
2021-05-08,The United Kingdom,EURO,2490,4431047,15,127598
2021-05-09,The United Kingdom,EURO,2047,4433094,5,127603
2021-05-10,The United Kingdom,EURO,1770,4434864,2,127605
2021-05-11,The United Kingdom,EURO,2357,4437221,4,127609
2021-05-12,The United Kingdom,EURO,2474,4439695,20,127629
2021-05-13,The United Kingdom,EURO,2284,4441979,11,127640
2021-05-14,The United Kingdom,EURO,2656,4444635,11,127651
2021-05-15,The United Kingdom,EURO,2193,4446828,17,127668
2021-05-16,The United Kingdom,EURO,1156,4447984,7,127675
2021-05-17,The United Kingdom,EURO,0,4447984,4,127679
2021-05-18,The United Kingdom,EURO,0,4447984,5,127684
2021-05-19,The United Kingdom,EURO,2412,4450396,7,127691
2021-05-20,The United Kingdom,EURO,2135,4452531,3,127694
2021-05-21,The United Kingdom,EURO,2694,4455225,7,127701
2021-05-22,The United Kingdom,EURO,2702,4457927,9,127710
2021-05-23,The United Kingdom,EURO,2523,4460450,6,127716
2021-05-24,The United Kingdom,EURO,2092,4462542,5,127721
2021-05-25,The United Kingdom,EURO,2362,4464904,3,127724
2021-05-26,The United Kingdom,EURO,2410,4467314,15,127739
2021-05-27,The United Kingdom,EURO,2987,4470301,9,127748
2021-05-28,The United Kingdom,EURO,3380,4473681,10,127758
2021-05-29,The United Kingdom,EURO,4028,4477709,10,127768
2021-05-30,The United Kingdom,EURO,3240,4480949,7,127775
2021-01-01,Timor-Leste,SEARO,0,44,0,0
2021-01-02,Timor-Leste,SEARO,0,44,0,0
2021-01-03,Timor-Leste,SEARO,0,44,0,0
2021-01-04,Timor-Leste,SEARO,0,44,0,0
2021-01-05,Timor-Leste,SEARO,5,49,0,0
2021-01-06,Timor-Leste,SEARO,0,49,0,0
2021-01-07,Timor-Leste,SEARO,0,49,0,0
2021-01-08,Timor-Leste,SEARO,0,49,0,0
2021-01-09,Timor-Leste,SEARO,0,49,0,0
2021-01-10,Timor-Leste,SEARO,0,49,0,0
2021-01-11,Timor-Leste,SEARO,0,49,0,0
2021-01-12,Timor-Leste,SEARO,0,49,0,0
2021-01-13,Timor-Leste,SEARO,2,51,0,0
2021-01-14,Timor-Leste,SEARO,0,51,0,0
2021-01-15,Timor-Leste,SEARO,0,51,0,0
2021-01-16,Timor-Leste,SEARO,1,52,0,0
2021-01-17,Timor-Leste,SEARO,0,52,0,0
2021-01-18,Timor-Leste,SEARO,0,52,0,0
2021-01-19,Timor-Leste,SEARO,0,52,0,0
2021-01-20,Timor-Leste,SEARO,1,53,0,0
2021-01-21,Timor-Leste,SEARO,0,53,0,0
2021-01-22,Timor-Leste,SEARO,0,53,0,0
2021-01-23,Timor-Leste,SEARO,11,64,0,0
2021-01-24,Timor-Leste,SEARO,3,67,0,0
2021-01-25,Timor-Leste,SEARO,0,67,0,0
2021-01-26,Timor-Leste,SEARO,0,67,0,0
2021-01-27,Timor-Leste,SEARO,1,68,0,0
2021-01-28,Timor-Leste,SEARO,0,68,0,0
2021-01-29,Timor-Leste,SEARO,1,69,0,0
2021-01-30,Timor-Leste,SEARO,1,70,0,0
2021-01-31,Timor-Leste,SEARO,0,70,0,0
2021-02-01,Timor-Leste,SEARO,0,70,0,0
2021-02-02,Timor-Leste,SEARO,5,75,0,0
2021-02-03,Timor-Leste,SEARO,2,77,0,0
2021-02-04,Timor-Leste,SEARO,3,80,0,0
2021-02-05,Timor-Leste,SEARO,0,80,0,0
2021-02-06,Timor-Leste,SEARO,0,80,0,0
2021-02-07,Timor-Leste,SEARO,0,80,0,0
2021-02-08,Timor-Leste,SEARO,0,80,0,0
2021-02-09,Timor-Leste,SEARO,6,86,0,0
2021-02-10,Timor-Leste,SEARO,0,86,0,0
2021-02-11,Timor-Leste,SEARO,14,100,0,0
2021-02-12,Timor-Leste,SEARO,0,100,0,0
2021-02-13,Timor-Leste,SEARO,1,101,0,0
2021-02-14,Timor-Leste,SEARO,1,102,0,0
2021-02-15,Timor-Leste,SEARO,0,102,0,0
2021-02-16,Timor-Leste,SEARO,0,102,0,0
2021-02-17,Timor-Leste,SEARO,0,102,0,0
2021-02-18,Timor-Leste,SEARO,1,103,0,0
2021-02-19,Timor-Leste,SEARO,0,103,0,0
2021-02-20,Timor-Leste,SEARO,0,103,0,0
2021-02-21,Timor-Leste,SEARO,0,103,0,0
2021-02-22,Timor-Leste,SEARO,0,103,0,0
2021-02-23,Timor-Leste,SEARO,4,107,0,0
2021-02-24,Timor-Leste,SEARO,2,109,0,0
2021-02-25,Timor-Leste,SEARO,1,110,0,0
2021-02-26,Timor-Leste,SEARO,0,110,0,0
2021-02-27,Timor-Leste,SEARO,1,111,0,0
2021-02-28,Timor-Leste,SEARO,2,113,0,0
2021-03-01,Timor-Leste,SEARO,0,113,0,0
2021-03-02,Timor-Leste,SEARO,0,113,0,0
2021-03-03,Timor-Leste,SEARO,0,113,0,0
2021-03-04,Timor-Leste,SEARO,0,113,0,0
2021-03-05,Timor-Leste,SEARO,6,119,0,0
2021-03-06,Timor-Leste,SEARO,0,119,0,0
2021-03-07,Timor-Leste,SEARO,3,122,0,0
2021-03-08,Timor-Leste,SEARO,7,129,0,0
2021-03-09,Timor-Leste,SEARO,13,142,0,0
2021-03-10,Timor-Leste,SEARO,3,145,0,0
2021-03-11,Timor-Leste,SEARO,14,159,0,0
2021-03-12,Timor-Leste,SEARO,11,170,0,0
2021-03-13,Timor-Leste,SEARO,8,178,0,0
2021-03-14,Timor-Leste,SEARO,18,196,0,0
2021-03-15,Timor-Leste,SEARO,7,203,0,0
2021-03-16,Timor-Leste,SEARO,5,208,0,0
2021-03-17,Timor-Leste,SEARO,8,216,0,0
2021-03-18,Timor-Leste,SEARO,13,229,0,0
2021-03-19,Timor-Leste,SEARO,23,252,0,0
2021-03-20,Timor-Leste,SEARO,19,271,0,0
2021-03-21,Timor-Leste,SEARO,55,326,0,0
2021-03-22,Timor-Leste,SEARO,9,335,0,0
2021-03-23,Timor-Leste,SEARO,16,351,0,0
2021-03-24,Timor-Leste,SEARO,21,372,0,0
2021-03-25,Timor-Leste,SEARO,22,394,0,0
2021-03-26,Timor-Leste,SEARO,58,452,0,0
2021-03-27,Timor-Leste,SEARO,28,480,0,0
2021-03-28,Timor-Leste,SEARO,11,491,0,0
2021-03-29,Timor-Leste,SEARO,21,512,0,0
2021-03-30,Timor-Leste,SEARO,51,563,0,0
2021-03-31,Timor-Leste,SEARO,41,604,0,0
2021-04-01,Timor-Leste,SEARO,39,643,0,0
2021-04-02,Timor-Leste,SEARO,34,677,0,0
2021-04-03,Timor-Leste,SEARO,37,714,0,0
2021-04-04,Timor-Leste,SEARO,0,714,0,0
2021-04-05,Timor-Leste,SEARO,52,766,0,0
2021-04-06,Timor-Leste,SEARO,13,779,1,1
2021-04-07,Timor-Leste,SEARO,56,835,0,1
2021-04-08,Timor-Leste,SEARO,42,877,0,1
2021-04-09,Timor-Leste,SEARO,70,947,0,1
2021-04-10,Timor-Leste,SEARO,61,1008,0,1
2021-04-11,Timor-Leste,SEARO,38,1046,0,1
2021-04-12,Timor-Leste,SEARO,28,1074,1,2
2021-04-13,Timor-Leste,SEARO,12,1086,0,2
2021-04-14,Timor-Leste,SEARO,17,1103,0,2
2021-04-15,Timor-Leste,SEARO,35,1138,0,2
2021-04-16,Timor-Leste,SEARO,55,1193,0,2
2021-04-17,Timor-Leste,SEARO,43,1236,0,2
2021-04-18,Timor-Leste,SEARO,70,1306,0,2
2021-04-19,Timor-Leste,SEARO,62,1368,0,2
2021-04-20,Timor-Leste,SEARO,84,1452,0,2
2021-04-21,Timor-Leste,SEARO,57,1509,0,2
2021-04-22,Timor-Leste,SEARO,148,1657,1,3
2021-04-23,Timor-Leste,SEARO,82,1739,0,3
2021-04-24,Timor-Leste,SEARO,69,1808,0,3
2021-04-25,Timor-Leste,SEARO,89,1897,0,3
2021-04-26,Timor-Leste,SEARO,52,1949,0,3
2021-04-27,Timor-Leste,SEARO,99,2048,0,3
2021-04-28,Timor-Leste,SEARO,76,2124,0,3
2021-04-29,Timor-Leste,SEARO,66,2190,0,3
2021-04-30,Timor-Leste,SEARO,86,2276,0,3
2021-05-01,Timor-Leste,SEARO,120,2396,0,3
2021-05-02,Timor-Leste,SEARO,48,2444,1,4
2021-05-03,Timor-Leste,SEARO,80,2524,0,4
2021-05-04,Timor-Leste,SEARO,129,2653,0,4
2021-05-05,Timor-Leste,SEARO,133,2786,0,4
2021-05-06,Timor-Leste,SEARO,84,2870,0,4
2021-05-07,Timor-Leste,SEARO,95,2965,0,4
2021-05-08,Timor-Leste,SEARO,146,3111,1,5
2021-05-09,Timor-Leste,SEARO,116,3227,0,5
2021-05-10,Timor-Leste,SEARO,126,3353,0,5
2021-05-11,Timor-Leste,SEARO,140,3493,0,5
2021-05-12,Timor-Leste,SEARO,133,3626,0,5
2021-05-13,Timor-Leste,SEARO,253,3879,3,8
2021-05-14,Timor-Leste,SEARO,239,4118,0,8
2021-05-15,Timor-Leste,SEARO,161,4279,0,8
2021-05-16,Timor-Leste,SEARO,179,4458,2,10
2021-05-17,Timor-Leste,SEARO,131,4589,0,10
2021-05-18,Timor-Leste,SEARO,176,4765,0,10
2021-05-19,Timor-Leste,SEARO,184,4949,1,11
2021-05-20,Timor-Leste,SEARO,172,5121,0,11
2021-05-21,Timor-Leste,SEARO,166,5287,0,11
2021-05-22,Timor-Leste,SEARO,194,5481,0,11
2021-05-23,Timor-Leste,SEARO,156,5637,2,13
2021-05-24,Timor-Leste,SEARO,179,5816,0,13
2021-05-25,Timor-Leste,SEARO,198,6014,1,14
2021-05-26,Timor-Leste,SEARO,231,6245,0,14
2021-05-27,Timor-Leste,SEARO,214,6459,1,15
2021-05-28,Timor-Leste,SEARO,163,6622,0,15
2021-05-29,Timor-Leste,SEARO,130,6752,1,16
2021-05-30,Timor-Leste,SEARO,145,6897,0,16
2021-01-01,Togo,AFRO,29,3633,0,68
2021-01-02,Togo,AFRO,0,3633,0,68
2021-01-03,Togo,AFRO,50,3683,0,68
2021-01-04,Togo,AFRO,19,3702,0,68
2021-01-05,Togo,AFRO,20,3722,1,69
2021-01-06,Togo,AFRO,0,3722,0,69
2021-01-07,Togo,AFRO,85,3807,1,70
2021-01-08,Togo,AFRO,0,3807,0,70
2021-01-09,Togo,AFRO,38,3845,2,72
2021-01-10,Togo,AFRO,87,3932,0,72
2021-01-11,Togo,AFRO,25,3957,0,72
2021-01-12,Togo,AFRO,21,3978,1,73
2021-01-13,Togo,AFRO,67,4045,0,73
2021-01-14,Togo,AFRO,64,4109,0,73
2021-01-15,Togo,AFRO,0,4109,0,73
2021-01-16,Togo,AFRO,111,4220,0,73
2021-01-17,Togo,AFRO,52,4272,0,73
2021-01-18,Togo,AFRO,30,4302,0,73
2021-01-19,Togo,AFRO,22,4324,1,74
2021-01-20,Togo,AFRO,59,4383,0,74
2021-01-21,Togo,AFRO,76,4459,0,74
2021-01-22,Togo,AFRO,46,4505,0,74
2021-01-23,Togo,AFRO,0,4505,0,74
2021-01-24,Togo,AFRO,131,4636,0,74
2021-01-25,Togo,AFRO,26,4662,1,75
2021-01-26,Togo,AFRO,0,4662,0,75
2021-01-27,Togo,AFRO,20,4682,1,76
2021-01-28,Togo,AFRO,188,4870,0,76
2021-01-29,Togo,AFRO,52,4922,0,76
2021-01-30,Togo,AFRO,0,4922,0,76
2021-01-31,Togo,AFRO,119,5041,1,77
2021-02-01,Togo,AFRO,33,5074,0,77
2021-02-02,Togo,AFRO,18,5092,2,79
2021-02-03,Togo,AFRO,74,5166,0,79
2021-02-04,Togo,AFRO,58,5224,0,79
2021-02-05,Togo,AFRO,66,5290,0,79
2021-02-06,Togo,AFRO,66,5356,0,79
2021-02-07,Togo,AFRO,80,5436,0,79
2021-02-08,Togo,AFRO,47,5483,1,80
2021-02-09,Togo,AFRO,13,5496,0,80
2021-02-10,Togo,AFRO,80,5576,0,80
2021-02-11,Togo,AFRO,30,5606,0,80
2021-02-12,Togo,AFRO,81,5687,0,80
2021-02-13,Togo,AFRO,0,5687,0,80
2021-02-14,Togo,AFRO,136,5823,0,80
2021-02-15,Togo,AFRO,51,5874,1,81
2021-02-16,Togo,AFRO,8,5882,0,81
2021-02-17,Togo,AFRO,0,5882,0,81
2021-02-18,Togo,AFRO,0,5882,0,81
2021-02-19,Togo,AFRO,203,6085,0,81
2021-02-20,Togo,AFRO,97,6182,0,81
2021-02-21,Togo,AFRO,86,6268,0,81
2021-02-22,Togo,AFRO,51,6319,0,81
2021-02-23,Togo,AFRO,29,6348,0,81
2021-02-24,Togo,AFRO,118,6466,0,81
2021-02-25,Togo,AFRO,82,6548,1,82
2021-02-26,Togo,AFRO,89,6637,0,82
2021-02-27,Togo,AFRO,93,6730,0,82
2021-02-28,Togo,AFRO,121,6851,1,83
2021-03-01,Togo,AFRO,50,6901,1,84
2021-03-02,Togo,AFRO,32,6933,1,85
2021-03-03,Togo,AFRO,153,7086,0,85
2021-03-04,Togo,AFRO,102,7188,0,85
2021-03-05,Togo,AFRO,135,7323,3,88
2021-03-06,Togo,AFRO,105,7428,0,88
2021-03-07,Togo,AFRO,93,7521,2,90
2021-03-08,Togo,AFRO,49,7570,2,92
2021-03-09,Togo,AFRO,28,7598,0,92
2021-03-10,Togo,AFRO,82,7680,0,92
2021-03-11,Togo,AFRO,57,7737,0,92
2021-03-12,Togo,AFRO,0,7737,0,92
2021-03-13,Togo,AFRO,216,7953,1,93
2021-03-14,Togo,AFRO,96,8049,0,93
2021-03-15,Togo,AFRO,0,8049,0,93
2021-03-16,Togo,AFRO,0,8049,0,93
2021-03-17,Togo,AFRO,251,8300,0,93
2021-03-18,Togo,AFRO,172,8472,1,94
2021-03-19,Togo,AFRO,110,8582,8,102
2021-03-20,Togo,AFRO,113,8695,0,102
2021-03-21,Togo,AFRO,144,8839,0,102
2021-03-22,Togo,AFRO,79,8918,2,104
2021-03-23,Togo,AFRO,42,8960,0,104
2021-03-24,Togo,AFRO,117,9077,0,104
2021-03-25,Togo,AFRO,70,9147,1,105
2021-03-26,Togo,AFRO,359,9506,2,107
2021-03-27,Togo,AFRO,170,9676,0,107
2021-03-28,Togo,AFRO,0,9676,0,107
2021-03-29,Togo,AFRO,279,9955,0,107
2021-03-30,Togo,AFRO,37,9992,0,107
2021-03-31,Togo,AFRO,257,10249,2,109
2021-04-01,Togo,AFRO,0,10249,0,109
2021-04-02,Togo,AFRO,231,10480,0,109
2021-04-03,Togo,AFRO,368,10848,1,110
2021-04-04,Togo,AFRO,216,11064,0,110
2021-04-05,Togo,AFRO,123,11187,2,112
2021-04-06,Togo,AFRO,62,11249,0,112
2021-04-07,Togo,AFRO,61,11310,1,113
2021-04-08,Togo,AFRO,191,11501,0,113
2021-04-09,Togo,AFRO,148,11649,2,115
2021-04-10,Togo,AFRO,165,11814,1,116
2021-04-11,Togo,AFRO,133,11947,0,116
2021-04-12,Togo,AFRO,59,12006,0,116
2021-04-13,Togo,AFRO,28,12034,0,116
2021-04-14,Togo,AFRO,0,12034,0,116
2021-04-15,Togo,AFRO,180,12214,1,117
2021-04-16,Togo,AFRO,0,12214,0,117
2021-04-17,Togo,AFRO,177,12391,2,119
2021-04-18,Togo,AFRO,105,12496,0,119
2021-04-19,Togo,AFRO,37,12533,0,119
2021-04-20,Togo,AFRO,20,12553,1,120
2021-04-21,Togo,AFRO,0,12553,0,120
2021-04-22,Togo,AFRO,104,12657,1,121
2021-04-23,Togo,AFRO,41,12698,0,121
2021-04-24,Togo,AFRO,44,12742,0,121
2021-04-25,Togo,AFRO,45,12787,0,121
2021-04-26,Togo,AFRO,0,12787,0,121
2021-04-27,Togo,AFRO,40,12827,1,122
2021-04-28,Togo,AFRO,57,12884,0,122
2021-04-29,Togo,AFRO,14,12898,0,122
2021-04-30,Togo,AFRO,33,12931,1,123
2021-05-01,Togo,AFRO,36,12967,0,123
2021-05-02,Togo,AFRO,25,12992,0,123
2021-05-03,Togo,AFRO,18,13010,0,123
2021-05-04,Togo,AFRO,0,13010,0,123
2021-05-05,Togo,AFRO,27,13037,0,123
2021-05-06,Togo,AFRO,31,13068,0,123
2021-05-07,Togo,AFRO,22,13090,1,124
2021-05-08,Togo,AFRO,16,13106,0,124
2021-05-09,Togo,AFRO,35,13141,0,124
2021-05-10,Togo,AFRO,13,13154,0,124
2021-05-11,Togo,AFRO,13,13167,1,125
2021-05-12,Togo,AFRO,0,13167,0,125
2021-05-13,Togo,AFRO,43,13210,0,125
2021-05-14,Togo,AFRO,28,13238,0,125
2021-05-15,Togo,AFRO,6,13244,0,125
2021-05-16,Togo,AFRO,0,13244,0,125
2021-05-17,Togo,AFRO,31,13275,0,125
2021-05-18,Togo,AFRO,4,13279,0,125
2021-05-19,Togo,AFRO,7,13286,0,125
2021-05-20,Togo,AFRO,13,13299,0,125
2021-05-21,Togo,AFRO,41,13340,0,125
2021-05-22,Togo,AFRO,12,13352,0,125
2021-05-23,Togo,AFRO,0,13352,0,125
2021-05-24,Togo,AFRO,22,13374,0,125
2021-05-25,Togo,AFRO,0,13374,0,125
2021-05-26,Togo,AFRO,10,13384,0,125
2021-05-27,Togo,AFRO,12,13396,0,125
2021-05-28,Togo,AFRO,24,13420,0,125
2021-05-29,Togo,AFRO,12,13432,0,125
2021-05-30,Togo,AFRO,0,13432,0,125
2021-01-01,Tokelau,WPRO,0,0,0,0
2021-01-02,Tokelau,WPRO,0,0,0,0
2021-01-03,Tokelau,WPRO,0,0,0,0
2021-01-04,Tokelau,WPRO,0,0,0,0
2021-01-05,Tokelau,WPRO,0,0,0,0
2021-01-06,Tokelau,WPRO,0,0,0,0
2021-01-07,Tokelau,WPRO,0,0,0,0
2021-01-08,Tokelau,WPRO,0,0,0,0
2021-01-09,Tokelau,WPRO,0,0,0,0
2021-01-10,Tokelau,WPRO,0,0,0,0
2021-01-11,Tokelau,WPRO,0,0,0,0
2021-01-12,Tokelau,WPRO,0,0,0,0
2021-01-13,Tokelau,WPRO,0,0,0,0
2021-01-14,Tokelau,WPRO,0,0,0,0
2021-01-15,Tokelau,WPRO,0,0,0,0
2021-01-16,Tokelau,WPRO,0,0,0,0
2021-01-17,Tokelau,WPRO,0,0,0,0
2021-01-18,Tokelau,WPRO,0,0,0,0
2021-01-19,Tokelau,WPRO,0,0,0,0
2021-01-20,Tokelau,WPRO,0,0,0,0
2021-01-21,Tokelau,WPRO,0,0,0,0
2021-01-22,Tokelau,WPRO,0,0,0,0
2021-01-23,Tokelau,WPRO,0,0,0,0
2021-01-24,Tokelau,WPRO,0,0,0,0
2021-01-25,Tokelau,WPRO,0,0,0,0
2021-01-26,Tokelau,WPRO,0,0,0,0
2021-01-27,Tokelau,WPRO,0,0,0,0
2021-01-28,Tokelau,WPRO,0,0,0,0
2021-01-29,Tokelau,WPRO,0,0,0,0
2021-01-30,Tokelau,WPRO,0,0,0,0
2021-01-31,Tokelau,WPRO,0,0,0,0
2021-02-01,Tokelau,WPRO,0,0,0,0
2021-02-02,Tokelau,WPRO,0,0,0,0
2021-02-03,Tokelau,WPRO,0,0,0,0
2021-02-04,Tokelau,WPRO,0,0,0,0
2021-02-05,Tokelau,WPRO,0,0,0,0
2021-02-06,Tokelau,WPRO,0,0,0,0
2021-02-07,Tokelau,WPRO,0,0,0,0
2021-02-08,Tokelau,WPRO,0,0,0,0
2021-02-09,Tokelau,WPRO,0,0,0,0
2021-02-10,Tokelau,WPRO,0,0,0,0
2021-02-11,Tokelau,WPRO,0,0,0,0
2021-02-12,Tokelau,WPRO,0,0,0,0
2021-02-13,Tokelau,WPRO,0,0,0,0
2021-02-14,Tokelau,WPRO,0,0,0,0
2021-02-15,Tokelau,WPRO,0,0,0,0
2021-02-16,Tokelau,WPRO,0,0,0,0
2021-02-17,Tokelau,WPRO,0,0,0,0
2021-02-18,Tokelau,WPRO,0,0,0,0
2021-02-19,Tokelau,WPRO,0,0,0,0
2021-02-20,Tokelau,WPRO,0,0,0,0
2021-02-21,Tokelau,WPRO,0,0,0,0
2021-02-22,Tokelau,WPRO,0,0,0,0
2021-02-23,Tokelau,WPRO,0,0,0,0
2021-02-24,Tokelau,WPRO,0,0,0,0
2021-02-25,Tokelau,WPRO,0,0,0,0
2021-02-26,Tokelau,WPRO,0,0,0,0
2021-02-27,Tokelau,WPRO,0,0,0,0
2021-02-28,Tokelau,WPRO,0,0,0,0
2021-03-01,Tokelau,WPRO,0,0,0,0
2021-03-02,Tokelau,WPRO,0,0,0,0
2021-03-03,Tokelau,WPRO,0,0,0,0
2021-03-04,Tokelau,WPRO,0,0,0,0
2021-03-05,Tokelau,WPRO,0,0,0,0
2021-03-06,Tokelau,WPRO,0,0,0,0
2021-03-07,Tokelau,WPRO,0,0,0,0
2021-03-08,Tokelau,WPRO,0,0,0,0
2021-03-09,Tokelau,WPRO,0,0,0,0
2021-03-10,Tokelau,WPRO,0,0,0,0
2021-03-11,Tokelau,WPRO,0,0,0,0
2021-03-12,Tokelau,WPRO,0,0,0,0
2021-03-13,Tokelau,WPRO,0,0,0,0
2021-03-14,Tokelau,WPRO,0,0,0,0
2021-03-15,Tokelau,WPRO,0,0,0,0
2021-03-16,Tokelau,WPRO,0,0,0,0
2021-03-17,Tokelau,WPRO,0,0,0,0
2021-03-18,Tokelau,WPRO,0,0,0,0
2021-03-19,Tokelau,WPRO,0,0,0,0
2021-03-20,Tokelau,WPRO,0,0,0,0
2021-03-21,Tokelau,WPRO,0,0,0,0
2021-03-22,Tokelau,WPRO,0,0,0,0
2021-03-23,Tokelau,WPRO,0,0,0,0
2021-03-24,Tokelau,WPRO,0,0,0,0
2021-03-25,Tokelau,WPRO,0,0,0,0
2021-03-26,Tokelau,WPRO,0,0,0,0
2021-03-27,Tokelau,WPRO,0,0,0,0
2021-03-28,Tokelau,WPRO,0,0,0,0
2021-03-29,Tokelau,WPRO,0,0,0,0
2021-03-30,Tokelau,WPRO,0,0,0,0
2021-03-31,Tokelau,WPRO,0,0,0,0
2021-04-01,Tokelau,WPRO,0,0,0,0
2021-04-02,Tokelau,WPRO,0,0,0,0
2021-04-03,Tokelau,WPRO,0,0,0,0
2021-04-04,Tokelau,WPRO,0,0,0,0
2021-04-05,Tokelau,WPRO,0,0,0,0
2021-04-06,Tokelau,WPRO,0,0,0,0
2021-04-07,Tokelau,WPRO,0,0,0,0
2021-04-08,Tokelau,WPRO,0,0,0,0
2021-04-09,Tokelau,WPRO,0,0,0,0
2021-04-10,Tokelau,WPRO,0,0,0,0
2021-04-11,Tokelau,WPRO,0,0,0,0
2021-04-12,Tokelau,WPRO,0,0,0,0
2021-04-13,Tokelau,WPRO,0,0,0,0
2021-04-14,Tokelau,WPRO,0,0,0,0
2021-04-15,Tokelau,WPRO,0,0,0,0
2021-04-16,Tokelau,WPRO,0,0,0,0
2021-04-17,Tokelau,WPRO,0,0,0,0
2021-04-18,Tokelau,WPRO,0,0,0,0
2021-04-19,Tokelau,WPRO,0,0,0,0
2021-04-20,Tokelau,WPRO,0,0,0,0
2021-04-21,Tokelau,WPRO,0,0,0,0
2021-04-22,Tokelau,WPRO,0,0,0,0
2021-04-23,Tokelau,WPRO,0,0,0,0
2021-04-24,Tokelau,WPRO,0,0,0,0
2021-04-25,Tokelau,WPRO,0,0,0,0
2021-04-26,Tokelau,WPRO,0,0,0,0
2021-04-27,Tokelau,WPRO,0,0,0,0
2021-04-28,Tokelau,WPRO,0,0,0,0
2021-04-29,Tokelau,WPRO,0,0,0,0
2021-04-30,Tokelau,WPRO,0,0,0,0
2021-05-01,Tokelau,WPRO,0,0,0,0
2021-05-02,Tokelau,WPRO,0,0,0,0
2021-05-03,Tokelau,WPRO,0,0,0,0
2021-05-04,Tokelau,WPRO,0,0,0,0
2021-05-05,Tokelau,WPRO,0,0,0,0
2021-05-06,Tokelau,WPRO,0,0,0,0
2021-05-07,Tokelau,WPRO,0,0,0,0
2021-05-08,Tokelau,WPRO,0,0,0,0
2021-05-09,Tokelau,WPRO,0,0,0,0
2021-05-10,Tokelau,WPRO,0,0,0,0
2021-05-11,Tokelau,WPRO,0,0,0,0
2021-05-12,Tokelau,WPRO,0,0,0,0
2021-05-13,Tokelau,WPRO,0,0,0,0
2021-05-14,Tokelau,WPRO,0,0,0,0
2021-05-15,Tokelau,WPRO,0,0,0,0
2021-05-16,Tokelau,WPRO,0,0,0,0
2021-05-17,Tokelau,WPRO,0,0,0,0
2021-05-18,Tokelau,WPRO,0,0,0,0
2021-05-19,Tokelau,WPRO,0,0,0,0
2021-05-20,Tokelau,WPRO,0,0,0,0
2021-05-21,Tokelau,WPRO,0,0,0,0
2021-05-22,Tokelau,WPRO,0,0,0,0
2021-05-23,Tokelau,WPRO,0,0,0,0
2021-05-24,Tokelau,WPRO,0,0,0,0
2021-05-25,Tokelau,WPRO,0,0,0,0
2021-05-26,Tokelau,WPRO,0,0,0,0
2021-05-27,Tokelau,WPRO,0,0,0,0
2021-05-28,Tokelau,WPRO,0,0,0,0
2021-05-29,Tokelau,WPRO,0,0,0,0
2021-05-30,Tokelau,WPRO,0,0,0,0
2021-01-01,Tonga,WPRO,0,0,0,0
2021-01-02,Tonga,WPRO,0,0,0,0
2021-01-03,Tonga,WPRO,0,0,0,0
2021-01-04,Tonga,WPRO,0,0,0,0
2021-01-05,Tonga,WPRO,0,0,0,0
2021-01-06,Tonga,WPRO,0,0,0,0
2021-01-07,Tonga,WPRO,0,0,0,0
2021-01-08,Tonga,WPRO,0,0,0,0
2021-01-09,Tonga,WPRO,0,0,0,0
2021-01-10,Tonga,WPRO,0,0,0,0
2021-01-11,Tonga,WPRO,0,0,0,0
2021-01-12,Tonga,WPRO,0,0,0,0
2021-01-13,Tonga,WPRO,0,0,0,0
2021-01-14,Tonga,WPRO,0,0,0,0
2021-01-15,Tonga,WPRO,0,0,0,0
2021-01-16,Tonga,WPRO,0,0,0,0
2021-01-17,Tonga,WPRO,0,0,0,0
2021-01-18,Tonga,WPRO,0,0,0,0
2021-01-19,Tonga,WPRO,0,0,0,0
2021-01-20,Tonga,WPRO,0,0,0,0
2021-01-21,Tonga,WPRO,0,0,0,0
2021-01-22,Tonga,WPRO,0,0,0,0
2021-01-23,Tonga,WPRO,0,0,0,0
2021-01-24,Tonga,WPRO,0,0,0,0
2021-01-25,Tonga,WPRO,0,0,0,0
2021-01-26,Tonga,WPRO,0,0,0,0
2021-01-27,Tonga,WPRO,0,0,0,0
2021-01-28,Tonga,WPRO,0,0,0,0
2021-01-29,Tonga,WPRO,0,0,0,0
2021-01-30,Tonga,WPRO,0,0,0,0
2021-01-31,Tonga,WPRO,0,0,0,0
2021-02-01,Tonga,WPRO,0,0,0,0
2021-02-02,Tonga,WPRO,0,0,0,0
2021-02-03,Tonga,WPRO,0,0,0,0
2021-02-04,Tonga,WPRO,0,0,0,0
2021-02-05,Tonga,WPRO,0,0,0,0
2021-02-06,Tonga,WPRO,0,0,0,0
2021-02-07,Tonga,WPRO,0,0,0,0
2021-02-08,Tonga,WPRO,0,0,0,0
2021-02-09,Tonga,WPRO,0,0,0,0
2021-02-10,Tonga,WPRO,0,0,0,0
2021-02-11,Tonga,WPRO,0,0,0,0
2021-02-12,Tonga,WPRO,0,0,0,0
2021-02-13,Tonga,WPRO,0,0,0,0
2021-02-14,Tonga,WPRO,0,0,0,0
2021-02-15,Tonga,WPRO,0,0,0,0
2021-02-16,Tonga,WPRO,0,0,0,0
2021-02-17,Tonga,WPRO,0,0,0,0
2021-02-18,Tonga,WPRO,0,0,0,0
2021-02-19,Tonga,WPRO,0,0,0,0
2021-02-20,Tonga,WPRO,0,0,0,0
2021-02-21,Tonga,WPRO,0,0,0,0
2021-02-22,Tonga,WPRO,0,0,0,0
2021-02-23,Tonga,WPRO,0,0,0,0
2021-02-24,Tonga,WPRO,0,0,0,0
2021-02-25,Tonga,WPRO,0,0,0,0
2021-02-26,Tonga,WPRO,0,0,0,0
2021-02-27,Tonga,WPRO,0,0,0,0
2021-02-28,Tonga,WPRO,0,0,0,0
2021-03-01,Tonga,WPRO,0,0,0,0
2021-03-02,Tonga,WPRO,0,0,0,0
2021-03-03,Tonga,WPRO,0,0,0,0
2021-03-04,Tonga,WPRO,0,0,0,0
2021-03-05,Tonga,WPRO,0,0,0,0
2021-03-06,Tonga,WPRO,0,0,0,0
2021-03-07,Tonga,WPRO,0,0,0,0
2021-03-08,Tonga,WPRO,0,0,0,0
2021-03-09,Tonga,WPRO,0,0,0,0
2021-03-10,Tonga,WPRO,0,0,0,0
2021-03-11,Tonga,WPRO,0,0,0,0
2021-03-12,Tonga,WPRO,0,0,0,0
2021-03-13,Tonga,WPRO,0,0,0,0
2021-03-14,Tonga,WPRO,0,0,0,0
2021-03-15,Tonga,WPRO,0,0,0,0
2021-03-16,Tonga,WPRO,0,0,0,0
2021-03-17,Tonga,WPRO,0,0,0,0
2021-03-18,Tonga,WPRO,0,0,0,0
2021-03-19,Tonga,WPRO,0,0,0,0
2021-03-20,Tonga,WPRO,0,0,0,0
2021-03-21,Tonga,WPRO,0,0,0,0
2021-03-22,Tonga,WPRO,0,0,0,0
2021-03-23,Tonga,WPRO,0,0,0,0
2021-03-24,Tonga,WPRO,0,0,0,0
2021-03-25,Tonga,WPRO,0,0,0,0
2021-03-26,Tonga,WPRO,0,0,0,0
2021-03-27,Tonga,WPRO,0,0,0,0
2021-03-28,Tonga,WPRO,0,0,0,0
2021-03-29,Tonga,WPRO,0,0,0,0
2021-03-30,Tonga,WPRO,0,0,0,0
2021-03-31,Tonga,WPRO,0,0,0,0
2021-04-01,Tonga,WPRO,0,0,0,0
2021-04-02,Tonga,WPRO,0,0,0,0
2021-04-03,Tonga,WPRO,0,0,0,0
2021-04-04,Tonga,WPRO,0,0,0,0
2021-04-05,Tonga,WPRO,0,0,0,0
2021-04-06,Tonga,WPRO,0,0,0,0
2021-04-07,Tonga,WPRO,0,0,0,0
2021-04-08,Tonga,WPRO,0,0,0,0
2021-04-09,Tonga,WPRO,0,0,0,0
2021-04-10,Tonga,WPRO,0,0,0,0
2021-04-11,Tonga,WPRO,0,0,0,0
2021-04-12,Tonga,WPRO,0,0,0,0
2021-04-13,Tonga,WPRO,0,0,0,0
2021-04-14,Tonga,WPRO,0,0,0,0
2021-04-15,Tonga,WPRO,0,0,0,0
2021-04-16,Tonga,WPRO,0,0,0,0
2021-04-17,Tonga,WPRO,0,0,0,0
2021-04-18,Tonga,WPRO,0,0,0,0
2021-04-19,Tonga,WPRO,0,0,0,0
2021-04-20,Tonga,WPRO,0,0,0,0
2021-04-21,Tonga,WPRO,0,0,0,0
2021-04-22,Tonga,WPRO,0,0,0,0
2021-04-23,Tonga,WPRO,0,0,0,0
2021-04-24,Tonga,WPRO,0,0,0,0
2021-04-25,Tonga,WPRO,0,0,0,0
2021-04-26,Tonga,WPRO,0,0,0,0
2021-04-27,Tonga,WPRO,0,0,0,0
2021-04-28,Tonga,WPRO,0,0,0,0
2021-04-29,Tonga,WPRO,0,0,0,0
2021-04-30,Tonga,WPRO,0,0,0,0
2021-05-01,Tonga,WPRO,0,0,0,0
2021-05-02,Tonga,WPRO,0,0,0,0
2021-05-03,Tonga,WPRO,0,0,0,0
2021-05-04,Tonga,WPRO,0,0,0,0
2021-05-05,Tonga,WPRO,0,0,0,0
2021-05-06,Tonga,WPRO,0,0,0,0
2021-05-07,Tonga,WPRO,0,0,0,0
2021-05-08,Tonga,WPRO,0,0,0,0
2021-05-09,Tonga,WPRO,0,0,0,0
2021-05-10,Tonga,WPRO,0,0,0,0
2021-05-11,Tonga,WPRO,0,0,0,0
2021-05-12,Tonga,WPRO,0,0,0,0
2021-05-13,Tonga,WPRO,0,0,0,0
2021-05-14,Tonga,WPRO,0,0,0,0
2021-05-15,Tonga,WPRO,0,0,0,0
2021-05-16,Tonga,WPRO,0,0,0,0
2021-05-17,Tonga,WPRO,0,0,0,0
2021-05-18,Tonga,WPRO,0,0,0,0
2021-05-19,Tonga,WPRO,0,0,0,0
2021-05-20,Tonga,WPRO,0,0,0,0
2021-05-21,Tonga,WPRO,0,0,0,0
2021-05-22,Tonga,WPRO,0,0,0,0
2021-05-23,Tonga,WPRO,0,0,0,0
2021-05-24,Tonga,WPRO,0,0,0,0
2021-05-25,Tonga,WPRO,0,0,0,0
2021-05-26,Tonga,WPRO,0,0,0,0
2021-05-27,Tonga,WPRO,0,0,0,0
2021-05-28,Tonga,WPRO,0,0,0,0
2021-05-29,Tonga,WPRO,0,0,0,0
2021-05-30,Tonga,WPRO,0,0,0,0
2021-01-01,Trinidad and Tobago,AMRO,0,7132,0,126
2021-01-02,Trinidad and Tobago,AMRO,18,7150,1,127
2021-01-03,Trinidad and Tobago,AMRO,8,7158,0,127
2021-01-04,Trinidad and Tobago,AMRO,4,7162,0,127
2021-01-05,Trinidad and Tobago,AMRO,6,7168,0,127
2021-01-06,Trinidad and Tobago,AMRO,10,7178,0,127
2021-01-07,Trinidad and Tobago,AMRO,8,7186,0,127
2021-01-08,Trinidad and Tobago,AMRO,10,7196,0,127
2021-01-09,Trinidad and Tobago,AMRO,14,7210,0,127
2021-01-10,Trinidad and Tobago,AMRO,9,7219,0,127
2021-01-11,Trinidad and Tobago,AMRO,25,7244,1,128
2021-01-12,Trinidad and Tobago,AMRO,21,7265,0,128
2021-01-13,Trinidad and Tobago,AMRO,8,7273,0,128
2021-01-14,Trinidad and Tobago,AMRO,13,7286,0,128
2021-01-15,Trinidad and Tobago,AMRO,19,7305,1,129
2021-01-16,Trinidad and Tobago,AMRO,15,7320,1,130
2021-01-17,Trinidad and Tobago,AMRO,23,7343,0,130
2021-01-18,Trinidad and Tobago,AMRO,27,7370,1,131
2021-01-19,Trinidad and Tobago,AMRO,23,7393,1,132
2021-01-20,Trinidad and Tobago,AMRO,6,7399,0,132
2021-01-21,Trinidad and Tobago,AMRO,16,7415,0,132
2021-01-22,Trinidad and Tobago,AMRO,15,7430,1,133
2021-01-23,Trinidad and Tobago,AMRO,20,7450,0,133
2021-01-24,Trinidad and Tobago,AMRO,6,7456,0,133
2021-01-25,Trinidad and Tobago,AMRO,6,7462,1,134
2021-01-26,Trinidad and Tobago,AMRO,11,7473,0,134
2021-01-27,Trinidad and Tobago,AMRO,17,7490,0,134
2021-01-28,Trinidad and Tobago,AMRO,6,7496,0,134
2021-01-29,Trinidad and Tobago,AMRO,13,7509,0,134
2021-01-30,Trinidad and Tobago,AMRO,11,7520,0,134
2021-01-31,Trinidad and Tobago,AMRO,13,7533,0,134
2021-02-01,Trinidad and Tobago,AMRO,9,7542,0,134
2021-02-02,Trinidad and Tobago,AMRO,22,7564,0,134
2021-02-03,Trinidad and Tobago,AMRO,2,7566,0,134
2021-02-04,Trinidad and Tobago,AMRO,12,7578,0,134
2021-02-05,Trinidad and Tobago,AMRO,8,7586,1,135
2021-02-06,Trinidad and Tobago,AMRO,21,7607,0,135
2021-02-07,Trinidad and Tobago,AMRO,0,7607,0,135
2021-02-08,Trinidad and Tobago,AMRO,9,7616,0,135
2021-02-09,Trinidad and Tobago,AMRO,0,7616,0,135
2021-02-10,Trinidad and Tobago,AMRO,0,7616,0,135
2021-02-11,Trinidad and Tobago,AMRO,1,7617,1,136
2021-02-12,Trinidad and Tobago,AMRO,14,7631,0,136
2021-02-13,Trinidad and Tobago,AMRO,1,7632,0,136
2021-02-14,Trinidad and Tobago,AMRO,5,7637,1,137
2021-02-15,Trinidad and Tobago,AMRO,5,7642,1,138
2021-02-16,Trinidad and Tobago,AMRO,0,7642,0,138
2021-02-17,Trinidad and Tobago,AMRO,4,7646,0,138
2021-02-18,Trinidad and Tobago,AMRO,10,7656,0,138
2021-02-19,Trinidad and Tobago,AMRO,7,7663,0,138
2021-02-20,Trinidad and Tobago,AMRO,3,7666,0,138
2021-02-21,Trinidad and Tobago,AMRO,0,7666,1,139
2021-02-22,Trinidad and Tobago,AMRO,10,7676,0,139
2021-02-23,Trinidad and Tobago,AMRO,6,7682,0,139
2021-02-24,Trinidad and Tobago,AMRO,0,7682,0,139
2021-02-25,Trinidad and Tobago,AMRO,4,7686,0,139
2021-02-26,Trinidad and Tobago,AMRO,4,7690,0,139
2021-02-27,Trinidad and Tobago,AMRO,7,7697,0,139
2021-02-28,Trinidad and Tobago,AMRO,7,7704,0,139
2021-03-01,Trinidad and Tobago,AMRO,1,7705,0,139
2021-03-02,Trinidad and Tobago,AMRO,8,7713,0,139
2021-03-03,Trinidad and Tobago,AMRO,3,7716,0,139
2021-03-04,Trinidad and Tobago,AMRO,1,7717,0,139
2021-03-05,Trinidad and Tobago,AMRO,6,7723,0,139
2021-03-06,Trinidad and Tobago,AMRO,4,7727,0,139
2021-03-07,Trinidad and Tobago,AMRO,2,7729,0,139
2021-03-08,Trinidad and Tobago,AMRO,3,7732,0,139
2021-03-09,Trinidad and Tobago,AMRO,4,7736,0,139
2021-03-10,Trinidad and Tobago,AMRO,0,7736,1,140
2021-03-11,Trinidad and Tobago,AMRO,0,7736,0,140
2021-03-12,Trinidad and Tobago,AMRO,7,7743,0,140
2021-03-13,Trinidad and Tobago,AMRO,10,7753,0,140
2021-03-14,Trinidad and Tobago,AMRO,16,7769,0,140
2021-03-15,Trinidad and Tobago,AMRO,0,7769,0,140
2021-03-16,Trinidad and Tobago,AMRO,14,7783,0,140
2021-03-17,Trinidad and Tobago,AMRO,5,7788,0,140
2021-03-18,Trinidad and Tobago,AMRO,2,7790,0,140
2021-03-19,Trinidad and Tobago,AMRO,17,7807,0,140
2021-03-20,Trinidad and Tobago,AMRO,5,7812,0,140
2021-03-21,Trinidad and Tobago,AMRO,9,7821,0,140
2021-03-22,Trinidad and Tobago,AMRO,18,7839,0,140
2021-03-23,Trinidad and Tobago,AMRO,16,7855,0,140
2021-03-24,Trinidad and Tobago,AMRO,6,7861,0,140
2021-03-25,Trinidad and Tobago,AMRO,4,7865,1,141
2021-03-26,Trinidad and Tobago,AMRO,38,7903,0,141
2021-03-27,Trinidad and Tobago,AMRO,21,7924,0,141
2021-03-28,Trinidad and Tobago,AMRO,15,7939,0,141
2021-03-29,Trinidad and Tobago,AMRO,15,7954,1,142
2021-03-30,Trinidad and Tobago,AMRO,23,7977,0,142
2021-03-31,Trinidad and Tobago,AMRO,9,7986,0,142
2021-04-01,Trinidad and Tobago,AMRO,18,8004,0,142
2021-04-02,Trinidad and Tobago,AMRO,22,8026,0,142
2021-04-03,Trinidad and Tobago,AMRO,46,8072,3,145
2021-04-04,Trinidad and Tobago,AMRO,44,8116,0,145
2021-04-05,Trinidad and Tobago,AMRO,20,8136,0,145
2021-04-06,Trinidad and Tobago,AMRO,42,8178,0,145
2021-04-07,Trinidad and Tobago,AMRO,14,8192,0,145
2021-04-08,Trinidad and Tobago,AMRO,22,8214,0,145
2021-04-09,Trinidad and Tobago,AMRO,21,8235,0,145
2021-04-10,Trinidad and Tobago,AMRO,41,8276,0,145
2021-04-11,Trinidad and Tobago,AMRO,47,8323,0,145
2021-04-12,Trinidad and Tobago,AMRO,59,8382,1,146
2021-04-13,Trinidad and Tobago,AMRO,22,8404,0,146
2021-04-14,Trinidad and Tobago,AMRO,37,8441,0,146
2021-04-15,Trinidad and Tobago,AMRO,70,8511,0,146
2021-04-16,Trinidad and Tobago,AMRO,85,8596,2,148
2021-04-17,Trinidad and Tobago,AMRO,82,8678,2,150
2021-04-18,Trinidad and Tobago,AMRO,64,8742,0,150
2021-04-19,Trinidad and Tobago,AMRO,64,8806,0,150
2021-04-20,Trinidad and Tobago,AMRO,134,8940,3,153
2021-04-21,Trinidad and Tobago,AMRO,24,8964,1,154
2021-04-22,Trinidad and Tobago,AMRO,171,9135,3,157
2021-04-23,Trinidad and Tobago,AMRO,81,9216,0,157
2021-04-24,Trinidad and Tobago,AMRO,167,9383,0,157
2021-04-25,Trinidad and Tobago,AMRO,104,9487,0,157
2021-04-26,Trinidad and Tobago,AMRO,105,9592,1,158
2021-04-27,Trinidad and Tobago,AMRO,84,9676,1,159
2021-04-28,Trinidad and Tobago,AMRO,120,9796,0,159
2021-04-29,Trinidad and Tobago,AMRO,151,9947,2,161
2021-04-30,Trinidad and Tobago,AMRO,223,10170,2,163
2021-05-01,Trinidad and Tobago,AMRO,328,10498,2,165
2021-05-02,Trinidad and Tobago,AMRO,326,10824,4,169
2021-05-03,Trinidad and Tobago,AMRO,248,11072,2,171
2021-05-04,Trinidad and Tobago,AMRO,241,11313,3,174
2021-05-05,Trinidad and Tobago,AMRO,158,11471,5,179
2021-05-06,Trinidad and Tobago,AMRO,235,11706,6,185
2021-05-07,Trinidad and Tobago,AMRO,399,12105,4,189
2021-05-08,Trinidad and Tobago,AMRO,291,12396,2,191
2021-05-09,Trinidad and Tobago,AMRO,324,12720,5,196
2021-05-10,Trinidad and Tobago,AMRO,402,13122,7,203
2021-05-11,Trinidad and Tobago,AMRO,233,13355,8,211
2021-05-12,Trinidad and Tobago,AMRO,99,13454,4,215
2021-05-13,Trinidad and Tobago,AMRO,348,13802,9,224
2021-05-14,Trinidad and Tobago,AMRO,615,14417,11,235
2021-05-15,Trinidad and Tobago,AMRO,397,14814,21,256
2021-05-16,Trinidad and Tobago,AMRO,565,15379,9,265
2021-05-17,Trinidad and Tobago,AMRO,520,15899,11,276
2021-05-18,Trinidad and Tobago,AMRO,356,16255,9,285
2021-05-19,Trinidad and Tobago,AMRO,294,16549,9,294
2021-05-20,Trinidad and Tobago,AMRO,601,17150,23,317
2021-05-21,Trinidad and Tobago,AMRO,519,17669,14,331
2021-05-22,Trinidad and Tobago,AMRO,558,18227,10,341
2021-05-23,Trinidad and Tobago,AMRO,708,18935,7,348
2021-05-24,Trinidad and Tobago,AMRO,509,19444,17,365
2021-05-25,Trinidad and Tobago,AMRO,573,20017,10,375
2021-05-26,Trinidad and Tobago,AMRO,250,20267,15,390
2021-05-27,Trinidad and Tobago,AMRO,612,20879,18,408
2021-05-28,Trinidad and Tobago,AMRO,582,21461,17,425
2021-05-29,Trinidad and Tobago,AMRO,526,21987,15,440
2021-05-30,Trinidad and Tobago,AMRO,633,22620,18,458
2021-01-01,Tunisia,EMRO,1924,139140,56,4676
2021-01-02,Tunisia,EMRO,1417,140557,54,4730
2021-01-03,Tunisia,EMRO,1422,141979,35,4765
2021-01-04,Tunisia,EMRO,1565,143544,35,4800
2021-01-05,Tunisia,EMRO,1252,144796,62,4862
2021-01-06,Tunisia,EMRO,2265,147061,72,4934
2021-01-07,Tunisia,EMRO,2820,149881,70,5004
2021-01-08,Tunisia,EMRO,2373,152254,48,5052
2021-01-09,Tunisia,EMRO,2649,154903,56,5108
2021-01-10,Tunisia,EMRO,2611,157514,45,5153
2021-01-11,Tunisia,EMRO,1762,159276,62,5215
2021-01-12,Tunisia,EMRO,3074,162350,69,5284
2021-01-13,Tunisia,EMRO,2586,164936,59,5343
2021-01-14,Tunisia,EMRO,3632,168568,72,5415
2021-01-15,Tunisia,EMRO,2327,170895,63,5478
2021-01-16,Tunisia,EMRO,4170,175065,50,5528
2021-01-17,Tunisia,EMRO,2166,177231,88,5616
2021-01-18,Tunisia,EMRO,2859,180090,76,5692
2021-01-19,Tunisia,EMRO,1795,181885,58,5750
2021-01-20,Tunisia,EMRO,2598,184483,94,5844
2021-01-21,Tunisia,EMRO,3890,188373,77,5921
2021-01-22,Tunisia,EMRO,2511,190884,68,5989
2021-01-23,Tunisia,EMRO,2389,193273,103,6092
2021-01-24,Tunisia,EMRO,2041,195314,62,6154
2021-01-25,Tunisia,EMRO,2059,197373,80,6234
2021-01-26,Tunisia,EMRO,1263,198636,53,6287
2021-01-27,Tunisia,EMRO,2026,200662,83,6370
2021-01-28,Tunisia,EMRO,1661,202323,76,6446
2021-01-29,Tunisia,EMRO,2028,204351,62,6508
2021-01-30,Tunisia,EMRO,1679,206030,91,6599
2021-01-31,Tunisia,EMRO,1438,207468,81,6680
2021-02-01,Tunisia,EMRO,1417,208885,74,6754
2021-02-02,Tunisia,EMRO,1160,210045,48,6802
2021-02-03,Tunisia,EMRO,1367,211412,91,6893
2021-02-04,Tunisia,EMRO,1267,212679,87,6980
2021-02-05,Tunisia,EMRO,1270,213949,68,7048
2021-02-06,Tunisia,EMRO,1163,215112,51,7099
2021-02-07,Tunisia,EMRO,1064,216176,63,7162
2021-02-08,Tunisia,EMRO,910,217086,52,7214
2021-02-09,Tunisia,EMRO,667,217753,43,7257
2021-02-10,Tunisia,EMRO,811,218564,75,7332
2021-02-11,Tunisia,EMRO,1086,219650,46,7378
2021-02-12,Tunisia,EMRO,828,220478,51,7429
2021-02-13,Tunisia,EMRO,977,221455,32,7461
2021-02-14,Tunisia,EMRO,1049,222504,47,7508
2021-02-15,Tunisia,EMRO,740,223244,36,7544
2021-02-16,Tunisia,EMRO,305,223549,31,7575
2021-02-17,Tunisia,EMRO,780,224329,42,7617
2021-02-18,Tunisia,EMRO,787,225116,34,7651
2021-02-19,Tunisia,EMRO,899,226015,33,7684
2021-02-20,Tunisia,EMRO,725,226740,35,7719
2021-02-21,Tunisia,EMRO,903,227643,36,7755
2021-02-22,Tunisia,EMRO,719,228362,38,7793
2021-02-23,Tunisia,EMRO,575,228937,18,7811
2021-02-24,Tunisia,EMRO,844,229781,32,7843
2021-02-25,Tunisia,EMRO,662,230443,26,7869
2021-02-26,Tunisia,EMRO,855,231298,42,7911
2021-02-27,Tunisia,EMRO,666,231964,31,7942
2021-02-28,Tunisia,EMRO,651,232615,32,7974
2021-03-01,Tunisia,EMRO,662,233277,27,8001
2021-03-02,Tunisia,EMRO,392,233669,21,8022
2021-03-03,Tunisia,EMRO,562,234231,25,8047
2021-03-04,Tunisia,EMRO,777,235008,27,8074
2021-03-05,Tunisia,EMRO,635,235643,32,8106
2021-03-06,Tunisia,EMRO,713,236356,24,8130
2021-03-07,Tunisia,EMRO,672,237028,37,8167
2021-03-08,Tunisia,EMRO,676,237704,34,8201
2021-03-09,Tunisia,EMRO,313,238017,24,8225
2021-03-10,Tunisia,EMRO,614,238631,43,8268
2021-03-11,Tunisia,EMRO,719,239350,24,8292
2021-03-12,Tunisia,EMRO,627,239977,21,8313
2021-03-13,Tunisia,EMRO,640,240617,16,8329
2021-03-14,Tunisia,EMRO,640,241257,30,8359
2021-03-15,Tunisia,EMRO,577,241834,30,8389
2021-03-16,Tunisia,EMRO,290,242124,15,8404
2021-03-17,Tunisia,EMRO,549,242673,25,8429
2021-03-18,Tunisia,EMRO,766,243439,34,8463
2021-03-19,Tunisia,EMRO,496,243935,27,8490
2021-03-20,Tunisia,EMRO,841,244776,16,8506
2021-03-21,Tunisia,EMRO,629,245405,20,8526
2021-03-22,Tunisia,EMRO,301,245706,20,8546
2021-03-23,Tunisia,EMRO,217,245923,23,8569
2021-03-24,Tunisia,EMRO,584,246507,41,8610
2021-03-25,Tunisia,EMRO,747,247254,27,8637
2021-03-26,Tunisia,EMRO,783,248037,26,8663
2021-03-27,Tunisia,EMRO,745,248782,21,8684
2021-03-28,Tunisia,EMRO,921,249703,21,8705
2021-03-29,Tunisia,EMRO,862,250565,30,8735
2021-03-30,Tunisia,EMRO,604,251169,25,8760
2021-03-31,Tunisia,EMRO,1002,252171,28,8788
2021-04-01,Tunisia,EMRO,1847,254018,24,8812
2021-04-02,Tunisia,EMRO,1290,255308,31,8843
2021-04-03,Tunisia,EMRO,1623,256931,47,8890
2021-04-04,Tunisia,EMRO,1404,258335,41,8931
2021-04-05,Tunisia,EMRO,1709,260044,34,8965
2021-04-06,Tunisia,EMRO,1133,261177,28,8993
2021-04-07,Tunisia,EMRO,1866,263043,46,9039
2021-04-08,Tunisia,EMRO,1951,264994,48,9087
2021-04-09,Tunisia,EMRO,1833,266827,49,9136
2021-04-10,Tunisia,EMRO,2010,268837,43,9179
2021-04-11,Tunisia,EMRO,1460,270297,56,9235
2021-04-12,Tunisia,EMRO,1564,271861,58,9293
2021-04-13,Tunisia,EMRO,1079,272940,39,9332
2021-04-14,Tunisia,EMRO,1664,274604,64,9396
2021-04-15,Tunisia,EMRO,2123,276727,84,9480
2021-04-16,Tunisia,EMRO,2649,279376,73,9553
2021-04-17,Tunisia,EMRO,2401,281777,86,9639
2021-04-18,Tunisia,EMRO,2199,283976,78,9717
2021-04-19,Tunisia,EMRO,1514,285490,66,9783
2021-04-20,Tunisia,EMRO,1571,287061,42,9825
2021-04-21,Tunisia,EMRO,2169,289230,93,9918
2021-04-22,Tunisia,EMRO,2603,291833,75,9993
2021-04-23,Tunisia,EMRO,2305,294138,70,10063
2021-04-24,Tunisia,EMRO,2205,296343,107,10170
2021-04-25,Tunisia,EMRO,2229,298572,61,10231
2021-04-26,Tunisia,EMRO,1770,300342,73,10304
2021-04-27,Tunisia,EMRO,1285,301627,48,10352
2021-04-28,Tunisia,EMRO,1957,303584,92,10444
2021-04-29,Tunisia,EMRO,1729,305313,119,10563
2021-04-30,Tunisia,EMRO,1902,307215,78,10641
2021-05-01,Tunisia,EMRO,1904,309119,81,10722
2021-05-02,Tunisia,EMRO,1615,310734,86,10808
2021-05-03,Tunisia,EMRO,1009,311743,60,10868
2021-05-04,Tunisia,EMRO,1004,312747,47,10915
2021-05-05,Tunisia,EMRO,1405,314152,101,11016
2021-05-06,Tunisia,EMRO,1448,315600,106,11122
2021-05-07,Tunisia,EMRO,1410,317010,86,11208
2021-05-08,Tunisia,EMRO,1226,318236,69,11277
2021-05-09,Tunisia,EMRO,1276,319512,73,11350
2021-05-10,Tunisia,EMRO,1301,320813,79,11429
2021-05-11,Tunisia,EMRO,1024,321837,39,11468
2021-05-12,Tunisia,EMRO,1161,322998,88,11556
2021-05-13,Tunisia,EMRO,1105,324103,81,11637
2021-05-14,Tunisia,EMRO,720,324823,56,11693
2021-05-15,Tunisia,EMRO,457,325280,34,11727
2021-05-16,Tunisia,EMRO,552,325832,52,11779
2021-05-17,Tunisia,EMRO,740,326572,70,11849
2021-05-18,Tunisia,EMRO,901,327473,50,11899
2021-05-19,Tunisia,EMRO,1055,328528,72,11971
2021-05-20,Tunisia,EMRO,1397,329925,61,12032
2021-05-21,Tunisia,EMRO,1749,331674,57,12089
2021-05-22,Tunisia,EMRO,1159,332833,52,12141
2021-05-23,Tunisia,EMRO,1266,334099,41,12182
2021-05-24,Tunisia,EMRO,1246,335345,54,12236
2021-05-25,Tunisia,EMRO,1069,336414,37,12273
2021-05-26,Tunisia,EMRO,1115,337529,69,12342
2021-05-27,Tunisia,EMRO,1324,338853,56,12398
2021-05-28,Tunisia,EMRO,1397,340250,53,12451
2021-05-29,Tunisia,EMRO,1702,341952,62,12513
2021-05-30,Tunisia,EMRO,1422,343374,61,12574
2021-01-01,Turkey,EURO,14380,2208652,239,20881
2021-01-02,Turkey,EURO,12203,2220855,212,21093
2021-01-03,Turkey,EURO,11180,2232035,202,21295
2021-01-04,Turkey,EURO,9877,2241912,193,21488
2021-01-05,Turkey,EURO,13695,2255607,197,21685
2021-01-06,Turkey,EURO,14494,2270101,194,21879
2021-01-07,Turkey,EURO,13830,2283931,191,22070
2021-01-08,Turkey,EURO,12171,2296102,194,22264
2021-01-09,Turkey,EURO,11479,2307581,186,22450
2021-01-10,Turkey,EURO,9537,2317118,181,22631
2021-01-11,Turkey,EURO,9138,2326256,176,22807
2021-01-12,Turkey,EURO,10220,2336476,174,22981
2021-01-13,Turkey,EURO,9809,2346285,171,23152
2021-01-14,Turkey,EURO,9554,2355839,173,23325
2021-01-15,Turkey,EURO,8962,2364801,170,23495
2021-01-16,Turkey,EURO,8314,2373115,169,23664
2021-01-17,Turkey,EURO,7550,2380665,168,23832
2021-01-18,Turkey,EURO,6436,2387101,165,23997
2021-01-19,Turkey,EURO,5862,2392963,164,24161
2021-01-20,Turkey,EURO,6818,2399781,167,24328
2021-01-21,Turkey,EURO,6435,2406216,159,24487
2021-01-22,Turkey,EURO,6289,2412505,153,24640
2021-01-23,Turkey,EURO,5967,2418472,149,24789
2021-01-24,Turkey,EURO,5856,2424328,144,24933
2021-01-25,Turkey,EURO,5277,2429605,140,25073
2021-01-26,Turkey,EURO,5642,2435247,137,25210
2021-01-27,Turkey,EURO,7103,2442350,134,25344
2021-01-28,Turkey,EURO,7489,2449839,132,25476
2021-01-29,Turkey,EURO,7279,2457118,129,25605
2021-01-30,Turkey,EURO,6912,2464030,131,25736
2021-01-31,Turkey,EURO,6871,2470901,129,25865
2021-02-01,Turkey,EURO,6562,2477463,128,25993
2021-02-02,Turkey,EURO,7719,2485182,124,26117
2021-02-03,Turkey,EURO,7795,2492977,120,26237
2021-02-04,Turkey,EURO,8102,2501079,117,26354
2021-02-05,Turkey,EURO,7909,2508988,113,26467
2021-02-06,Turkey,EURO,7901,2516889,110,26577
2021-02-07,Turkey,EURO,7897,2524786,108,26685
2021-02-08,Turkey,EURO,6670,2531456,112,26797
2021-02-09,Turkey,EURO,8103,2539559,103,26900
2021-02-10,Turkey,EURO,8636,2548195,98,26998
2021-02-11,Turkey,EURO,8642,2556837,95,27093
2021-02-12,Turkey,EURO,7590,2564427,94,27187
2021-02-13,Turkey,EURO,7763,2572190,97,27284
2021-02-14,Turkey,EURO,7706,2579896,93,27377
2021-02-15,Turkey,EURO,6287,2586183,94,27471
2021-02-16,Turkey,EURO,7945,2594128,91,27562
2021-02-17,Turkey,EURO,7906,2602034,90,27652
2021-02-18,Turkey,EURO,7325,2609359,86,27738
2021-02-19,Turkey,EURO,7241,2616600,83,27821
2021-02-20,Turkey,EURO,7419,2624019,82,27903
2021-02-21,Turkey,EURO,7857,2631876,80,27983
2021-02-22,Turkey,EURO,6546,2638422,77,28060
2021-02-23,Turkey,EURO,8104,2646526,78,28138
2021-02-24,Turkey,EURO,9107,2655633,75,28213
2021-02-25,Turkey,EURO,9561,2665194,72,28285
2021-02-26,Turkey,EURO,9572,2674766,73,28358
2021-02-27,Turkey,EURO,9205,2683971,74,28432
2021-02-28,Turkey,EURO,9193,2693164,71,28503
2021-03-01,Turkey,EURO,8424,2701588,66,28569
2021-03-02,Turkey,EURO,9891,2711479,69,28638
2021-03-03,Turkey,EURO,11837,2723316,68,28706
2021-03-04,Turkey,EURO,11520,2734836,65,28771
2021-03-05,Turkey,EURO,11322,2746158,68,28839
2021-03-06,Turkey,EURO,11302,2757460,62,28901
2021-03-07,Turkey,EURO,11770,2769230,64,28965
2021-03-08,Turkey,EURO,11187,2780417,65,29030
2021-03-09,Turkey,EURO,13215,2793632,64,29094
2021-03-10,Turkey,EURO,13755,2807387,66,29160
2021-03-11,Turkey,EURO,14556,2821943,67,29227
2021-03-12,Turkey,EURO,14046,2835989,63,29290
2021-03-13,Turkey,EURO,14941,2850930,66,29356
2021-03-14,Turkey,EURO,15082,2866012,65,29421
2021-03-15,Turkey,EURO,13378,2879390,68,29489
2021-03-16,Turkey,EURO,15503,2894893,63,29552
2021-03-17,Turkey,EURO,16749,2911642,71,29623
2021-03-18,Turkey,EURO,18912,2930554,73,29696
2021-03-19,Turkey,EURO,20049,2950603,81,29777
2021-03-20,Turkey,EURO,21030,2971633,87,29864
2021-03-21,Turkey,EURO,21061,2992694,95,29959
2021-03-22,Turkey,EURO,20428,3013122,102,30061
2021-03-23,Turkey,EURO,22216,3035338,117,30178
2021-03-24,Turkey,EURO,26182,3061520,138,30316
2021-03-25,Turkey,EURO,29762,3091282,146,30462
2021-03-26,Turkey,EURO,28731,3120013,157,30619
2021-03-27,Turkey,EURO,29081,3149094,153,30772
2021-03-28,Turkey,EURO,30021,3179115,151,30923
2021-03-29,Turkey,EURO,29058,3208173,153,31076
2021-03-30,Turkey,EURO,32404,3240577,154,31230
2021-03-31,Turkey,EURO,37303,3277880,155,31385
2021-04-01,Turkey,EURO,39302,3317182,152,31537
2021-04-02,Turkey,EURO,40806,3357988,176,31713
2021-04-03,Turkey,EURO,42308,3400296,179,31892
2021-04-04,Turkey,EURO,44756,3445052,186,32078
2021-04-05,Turkey,EURO,41998,3487050,185,32263
2021-04-06,Turkey,EURO,42551,3529601,193,32456
2021-04-07,Turkey,EURO,49584,3579185,211,32667
2021-04-08,Turkey,EURO,54740,3633925,276,32943
2021-04-09,Turkey,EURO,55941,3689866,258,33201
2021-04-10,Turkey,EURO,55791,3745657,253,33454
2021-04-11,Turkey,EURO,52676,3798333,248,33702
2021-04-12,Turkey,EURO,50678,3849011,237,33939
2021-04-13,Turkey,EURO,54562,3903573,243,34182
2021-04-14,Turkey,EURO,59187,3962760,273,34455
2021-04-15,Turkey,EURO,62797,4025557,279,34734
2021-04-16,Turkey,EURO,61400,4086957,297,35031
2021-04-17,Turkey,EURO,63082,4150039,289,35320
2021-04-18,Turkey,EURO,62606,4212645,288,35608
2021-04-19,Turkey,EURO,55802,4268447,318,35926
2021-04-20,Turkey,EURO,55149,4323596,341,36267
2021-04-21,Turkey,EURO,61028,4384624,346,36613
2021-04-22,Turkey,EURO,61967,4446591,362,36975
2021-04-23,Turkey,EURO,54791,4501382,354,37329
2021-04-24,Turkey,EURO,49438,4550820,343,37672
2021-04-25,Turkey,EURO,40596,4591416,339,38011
2021-04-26,Turkey,EURO,38553,4629969,347,38358
2021-04-27,Turkey,EURO,37312,4667281,353,38711
2021-04-28,Turkey,EURO,43301,4710582,346,39057
2021-04-29,Turkey,EURO,40444,4751026,341,39398
2021-04-30,Turkey,EURO,37674,4788700,339,39737
2021-05-01,Turkey,EURO,31891,4820591,394,40131
2021-05-02,Turkey,EURO,28817,4849408,373,40504
2021-05-03,Turkey,EURO,25980,4875388,340,40844
2021-05-04,Turkey,EURO,24733,4900121,347,41191
2021-05-05,Turkey,EURO,28997,4929118,336,41527
2021-05-06,Turkey,EURO,26476,4955594,356,41883
2021-05-07,Turkey,EURO,22388,4977982,304,42187
2021-05-08,Turkey,EURO,20107,4998089,278,42465
2021-05-09,Turkey,EURO,18052,5016141,281,42746
2021-05-10,Turkey,EURO,15191,5031332,283,43029
2021-05-11,Turkey,EURO,13604,5044936,282,43311
2021-05-12,Turkey,EURO,14497,5059433,278,43589
2021-05-13,Turkey,EURO,13029,5072462,232,43821
2021-05-14,Turkey,EURO,11534,5083996,238,44059
2021-05-15,Turkey,EURO,11394,5095390,242,44301
2021-05-16,Turkey,EURO,11472,5106862,236,44537
2021-05-17,Turkey,EURO,10512,5117374,223,44760
2021-05-18,Turkey,EURO,10174,5127548,223,44983
2021-05-19,Turkey,EURO,11937,5139485,203,45186
2021-05-20,Turkey,EURO,11553,5151038,233,45419
2021-05-21,Turkey,EURO,9385,5160423,207,45626
2021-05-22,Turkey,EURO,9528,5169951,214,45840
2021-05-23,Turkey,EURO,8697,5178648,231,46071
2021-05-24,Turkey,EURO,7839,5186487,197,46268
2021-05-25,Turkey,EURO,7523,5194010,178,46446
2021-05-26,Turkey,EURO,9375,5203385,175,46621
2021-05-27,Turkey,EURO,8738,5212123,166,46787
2021-05-28,Turkey,EURO,8426,5220549,183,46970
2021-05-29,Turkey,EURO,7773,5228322,164,47134
2021-05-30,Turkey,EURO,7656,5235978,137,47271
2021-01-01,Turkmenistan,EURO,0,0,0,0
2021-01-02,Turkmenistan,EURO,0,0,0,0
2021-01-03,Turkmenistan,EURO,0,0,0,0
2021-01-04,Turkmenistan,EURO,0,0,0,0
2021-01-05,Turkmenistan,EURO,0,0,0,0
2021-01-06,Turkmenistan,EURO,0,0,0,0
2021-01-07,Turkmenistan,EURO,0,0,0,0
2021-01-08,Turkmenistan,EURO,0,0,0,0
2021-01-09,Turkmenistan,EURO,0,0,0,0
2021-01-10,Turkmenistan,EURO,0,0,0,0
2021-01-11,Turkmenistan,EURO,0,0,0,0
2021-01-12,Turkmenistan,EURO,0,0,0,0
2021-01-13,Turkmenistan,EURO,0,0,0,0
2021-01-14,Turkmenistan,EURO,0,0,0,0
2021-01-15,Turkmenistan,EURO,0,0,0,0
2021-01-16,Turkmenistan,EURO,0,0,0,0
2021-01-17,Turkmenistan,EURO,0,0,0,0
2021-01-18,Turkmenistan,EURO,0,0,0,0
2021-01-19,Turkmenistan,EURO,0,0,0,0
2021-01-20,Turkmenistan,EURO,0,0,0,0
2021-01-21,Turkmenistan,EURO,0,0,0,0
2021-01-22,Turkmenistan,EURO,0,0,0,0
2021-01-23,Turkmenistan,EURO,0,0,0,0
2021-01-24,Turkmenistan,EURO,0,0,0,0
2021-01-25,Turkmenistan,EURO,0,0,0,0
2021-01-26,Turkmenistan,EURO,0,0,0,0
2021-01-27,Turkmenistan,EURO,0,0,0,0
2021-01-28,Turkmenistan,EURO,0,0,0,0
2021-01-29,Turkmenistan,EURO,0,0,0,0
2021-01-30,Turkmenistan,EURO,0,0,0,0
2021-01-31,Turkmenistan,EURO,0,0,0,0
2021-02-01,Turkmenistan,EURO,0,0,0,0
2021-02-02,Turkmenistan,EURO,0,0,0,0
2021-02-03,Turkmenistan,EURO,0,0,0,0
2021-02-04,Turkmenistan,EURO,0,0,0,0
2021-02-05,Turkmenistan,EURO,0,0,0,0
2021-02-06,Turkmenistan,EURO,0,0,0,0
2021-02-07,Turkmenistan,EURO,0,0,0,0
2021-02-08,Turkmenistan,EURO,0,0,0,0
2021-02-09,Turkmenistan,EURO,0,0,0,0
2021-02-10,Turkmenistan,EURO,0,0,0,0
2021-02-11,Turkmenistan,EURO,0,0,0,0
2021-02-12,Turkmenistan,EURO,0,0,0,0
2021-02-13,Turkmenistan,EURO,0,0,0,0
2021-02-14,Turkmenistan,EURO,0,0,0,0
2021-02-15,Turkmenistan,EURO,0,0,0,0
2021-02-16,Turkmenistan,EURO,0,0,0,0
2021-02-17,Turkmenistan,EURO,0,0,0,0
2021-02-18,Turkmenistan,EURO,0,0,0,0
2021-02-19,Turkmenistan,EURO,0,0,0,0
2021-02-20,Turkmenistan,EURO,0,0,0,0
2021-02-21,Turkmenistan,EURO,0,0,0,0
2021-02-22,Turkmenistan,EURO,0,0,0,0
2021-02-23,Turkmenistan,EURO,0,0,0,0
2021-02-24,Turkmenistan,EURO,0,0,0,0
2021-02-25,Turkmenistan,EURO,0,0,0,0
2021-02-26,Turkmenistan,EURO,0,0,0,0
2021-02-27,Turkmenistan,EURO,0,0,0,0
2021-02-28,Turkmenistan,EURO,0,0,0,0
2021-03-01,Turkmenistan,EURO,0,0,0,0
2021-03-02,Turkmenistan,EURO,0,0,0,0
2021-03-03,Turkmenistan,EURO,0,0,0,0
2021-03-04,Turkmenistan,EURO,0,0,0,0
2021-03-05,Turkmenistan,EURO,0,0,0,0
2021-03-06,Turkmenistan,EURO,0,0,0,0
2021-03-07,Turkmenistan,EURO,0,0,0,0
2021-03-08,Turkmenistan,EURO,0,0,0,0
2021-03-09,Turkmenistan,EURO,0,0,0,0
2021-03-10,Turkmenistan,EURO,0,0,0,0
2021-03-11,Turkmenistan,EURO,0,0,0,0
2021-03-12,Turkmenistan,EURO,0,0,0,0
2021-03-13,Turkmenistan,EURO,0,0,0,0
2021-03-14,Turkmenistan,EURO,0,0,0,0
2021-03-15,Turkmenistan,EURO,0,0,0,0
2021-03-16,Turkmenistan,EURO,0,0,0,0
2021-03-17,Turkmenistan,EURO,0,0,0,0
2021-03-18,Turkmenistan,EURO,0,0,0,0
2021-03-19,Turkmenistan,EURO,0,0,0,0
2021-03-20,Turkmenistan,EURO,0,0,0,0
2021-03-21,Turkmenistan,EURO,0,0,0,0
2021-03-22,Turkmenistan,EURO,0,0,0,0
2021-03-23,Turkmenistan,EURO,0,0,0,0
2021-03-24,Turkmenistan,EURO,0,0,0,0
2021-03-25,Turkmenistan,EURO,0,0,0,0
2021-03-26,Turkmenistan,EURO,0,0,0,0
2021-03-27,Turkmenistan,EURO,0,0,0,0
2021-03-28,Turkmenistan,EURO,0,0,0,0
2021-03-29,Turkmenistan,EURO,0,0,0,0
2021-03-30,Turkmenistan,EURO,0,0,0,0
2021-03-31,Turkmenistan,EURO,0,0,0,0
2021-04-01,Turkmenistan,EURO,0,0,0,0
2021-04-02,Turkmenistan,EURO,0,0,0,0
2021-04-03,Turkmenistan,EURO,0,0,0,0
2021-04-04,Turkmenistan,EURO,0,0,0,0
2021-04-05,Turkmenistan,EURO,0,0,0,0
2021-04-06,Turkmenistan,EURO,0,0,0,0
2021-04-07,Turkmenistan,EURO,0,0,0,0
2021-04-08,Turkmenistan,EURO,0,0,0,0
2021-04-09,Turkmenistan,EURO,0,0,0,0
2021-04-10,Turkmenistan,EURO,0,0,0,0
2021-04-11,Turkmenistan,EURO,0,0,0,0
2021-04-12,Turkmenistan,EURO,0,0,0,0
2021-04-13,Turkmenistan,EURO,0,0,0,0
2021-04-14,Turkmenistan,EURO,0,0,0,0
2021-04-15,Turkmenistan,EURO,0,0,0,0
2021-04-16,Turkmenistan,EURO,0,0,0,0
2021-04-17,Turkmenistan,EURO,0,0,0,0
2021-04-18,Turkmenistan,EURO,0,0,0,0
2021-04-19,Turkmenistan,EURO,0,0,0,0
2021-04-20,Turkmenistan,EURO,0,0,0,0
2021-04-21,Turkmenistan,EURO,0,0,0,0
2021-04-22,Turkmenistan,EURO,0,0,0,0
2021-04-23,Turkmenistan,EURO,0,0,0,0
2021-04-24,Turkmenistan,EURO,0,0,0,0
2021-04-25,Turkmenistan,EURO,0,0,0,0
2021-04-26,Turkmenistan,EURO,0,0,0,0
2021-04-27,Turkmenistan,EURO,0,0,0,0
2021-04-28,Turkmenistan,EURO,0,0,0,0
2021-04-29,Turkmenistan,EURO,0,0,0,0
2021-04-30,Turkmenistan,EURO,0,0,0,0
2021-05-01,Turkmenistan,EURO,0,0,0,0
2021-05-02,Turkmenistan,EURO,0,0,0,0
2021-05-03,Turkmenistan,EURO,0,0,0,0
2021-05-04,Turkmenistan,EURO,0,0,0,0
2021-05-05,Turkmenistan,EURO,0,0,0,0
2021-05-06,Turkmenistan,EURO,0,0,0,0
2021-05-07,Turkmenistan,EURO,0,0,0,0
2021-05-08,Turkmenistan,EURO,0,0,0,0
2021-05-09,Turkmenistan,EURO,0,0,0,0
2021-05-10,Turkmenistan,EURO,0,0,0,0
2021-05-11,Turkmenistan,EURO,0,0,0,0
2021-05-12,Turkmenistan,EURO,0,0,0,0
2021-05-13,Turkmenistan,EURO,0,0,0,0
2021-05-14,Turkmenistan,EURO,0,0,0,0
2021-05-15,Turkmenistan,EURO,0,0,0,0
2021-05-16,Turkmenistan,EURO,0,0,0,0
2021-05-17,Turkmenistan,EURO,0,0,0,0
2021-05-18,Turkmenistan,EURO,0,0,0,0
2021-05-19,Turkmenistan,EURO,0,0,0,0
2021-05-20,Turkmenistan,EURO,0,0,0,0
2021-05-21,Turkmenistan,EURO,0,0,0,0
2021-05-22,Turkmenistan,EURO,0,0,0,0
2021-05-23,Turkmenistan,EURO,0,0,0,0
2021-05-24,Turkmenistan,EURO,0,0,0,0
2021-05-25,Turkmenistan,EURO,0,0,0,0
2021-05-26,Turkmenistan,EURO,0,0,0,0
2021-05-27,Turkmenistan,EURO,0,0,0,0
2021-05-28,Turkmenistan,EURO,0,0,0,0
2021-05-29,Turkmenistan,EURO,0,0,0,0
2021-05-30,Turkmenistan,EURO,0,0,0,0
2021-01-01,Turks and Caicos Islands,AMRO,9,874,0,6
2021-01-02,Turks and Caicos Islands,AMRO,19,893,0,6
2021-01-03,Turks and Caicos Islands,AMRO,15,908,0,6
2021-01-04,Turks and Caicos Islands,AMRO,1,909,0,6
2021-01-05,Turks and Caicos Islands,AMRO,1,910,0,6
2021-01-06,Turks and Caicos Islands,AMRO,0,910,0,6
2021-01-07,Turks and Caicos Islands,AMRO,8,918,0,6
2021-01-08,Turks and Caicos Islands,AMRO,23,941,0,6
2021-01-09,Turks and Caicos Islands,AMRO,15,956,0,6
2021-01-10,Turks and Caicos Islands,AMRO,9,965,0,6
2021-01-11,Turks and Caicos Islands,AMRO,29,994,0,6
2021-01-12,Turks and Caicos Islands,AMRO,0,994,0,6
2021-01-13,Turks and Caicos Islands,AMRO,0,994,0,6
2021-01-14,Turks and Caicos Islands,AMRO,17,1011,0,6
2021-01-15,Turks and Caicos Islands,AMRO,19,1030,0,6
2021-01-16,Turks and Caicos Islands,AMRO,32,1062,0,6
2021-01-17,Turks and Caicos Islands,AMRO,17,1079,0,6
2021-01-18,Turks and Caicos Islands,AMRO,23,1102,0,6
2021-01-19,Turks and Caicos Islands,AMRO,0,1102,0,6
2021-01-20,Turks and Caicos Islands,AMRO,3,1105,1,7
2021-01-21,Turks and Caicos Islands,AMRO,20,1125,0,7
2021-01-22,Turks and Caicos Islands,AMRO,39,1164,0,7
2021-01-23,Turks and Caicos Islands,AMRO,29,1193,0,7
2021-01-24,Turks and Caicos Islands,AMRO,51,1244,0,7
2021-01-25,Turks and Caicos Islands,AMRO,43,1287,0,7
2021-01-26,Turks and Caicos Islands,AMRO,0,1287,0,7
2021-01-27,Turks and Caicos Islands,AMRO,0,1287,1,8
2021-01-28,Turks and Caicos Islands,AMRO,25,1312,0,8
2021-01-29,Turks and Caicos Islands,AMRO,75,1387,0,8
2021-01-30,Turks and Caicos Islands,AMRO,48,1435,0,8
2021-01-31,Turks and Caicos Islands,AMRO,24,1459,0,8
2021-02-01,Turks and Caicos Islands,AMRO,44,1503,1,9
2021-02-02,Turks and Caicos Islands,AMRO,1,1504,0,9
2021-02-03,Turks and Caicos Islands,AMRO,0,1504,0,9
2021-02-04,Turks and Caicos Islands,AMRO,0,1504,0,9
2021-02-05,Turks and Caicos Islands,AMRO,49,1553,0,9
2021-02-06,Turks and Caicos Islands,AMRO,37,1590,0,9
2021-02-07,Turks and Caicos Islands,AMRO,64,1654,0,9
2021-02-08,Turks and Caicos Islands,AMRO,41,1695,0,9
2021-02-09,Turks and Caicos Islands,AMRO,0,1695,0,9
2021-02-10,Turks and Caicos Islands,AMRO,0,1695,0,9
2021-02-11,Turks and Caicos Islands,AMRO,43,1738,0,9
2021-02-12,Turks and Caicos Islands,AMRO,46,1784,1,10
2021-02-13,Turks and Caicos Islands,AMRO,28,1812,2,12
2021-02-14,Turks and Caicos Islands,AMRO,21,1833,0,12
2021-02-15,Turks and Caicos Islands,AMRO,36,1869,0,12
2021-02-16,Turks and Caicos Islands,AMRO,4,1873,1,13
2021-02-17,Turks and Caicos Islands,AMRO,1,1874,0,13
2021-02-18,Turks and Caicos Islands,AMRO,35,1909,0,13
2021-02-19,Turks and Caicos Islands,AMRO,19,1928,0,13
2021-02-20,Turks and Caicos Islands,AMRO,56,1984,0,13
2021-02-21,Turks and Caicos Islands,AMRO,14,1998,1,14
2021-02-22,Turks and Caicos Islands,AMRO,30,2028,0,14
2021-02-23,Turks and Caicos Islands,AMRO,1,2029,0,14
2021-02-24,Turks and Caicos Islands,AMRO,0,2029,0,14
2021-02-25,Turks and Caicos Islands,AMRO,22,2051,0,14
2021-02-26,Turks and Caicos Islands,AMRO,19,2070,0,14
2021-02-27,Turks and Caicos Islands,AMRO,18,2088,0,14
2021-02-28,Turks and Caicos Islands,AMRO,11,2099,0,14
2021-03-01,Turks and Caicos Islands,AMRO,15,2114,0,14
2021-03-02,Turks and Caicos Islands,AMRO,0,2114,0,14
2021-03-03,Turks and Caicos Islands,AMRO,0,2114,0,14
2021-03-04,Turks and Caicos Islands,AMRO,1,2115,0,14
2021-03-05,Turks and Caicos Islands,AMRO,27,2142,0,14
2021-03-06,Turks and Caicos Islands,AMRO,19,2161,0,14
2021-03-07,Turks and Caicos Islands,AMRO,11,2172,0,14
2021-03-08,Turks and Caicos Islands,AMRO,5,2177,1,15
2021-03-09,Turks and Caicos Islands,AMRO,0,2177,0,15
2021-03-10,Turks and Caicos Islands,AMRO,0,2177,0,15
2021-03-11,Turks and Caicos Islands,AMRO,0,2177,0,15
2021-03-12,Turks and Caicos Islands,AMRO,13,2190,0,15
2021-03-13,Turks and Caicos Islands,AMRO,10,2200,0,15
2021-03-14,Turks and Caicos Islands,AMRO,0,2200,0,15
2021-03-15,Turks and Caicos Islands,AMRO,33,2233,0,15
2021-03-16,Turks and Caicos Islands,AMRO,0,2233,0,15
2021-03-17,Turks and Caicos Islands,AMRO,0,2233,0,15
2021-03-18,Turks and Caicos Islands,AMRO,17,2250,0,15
2021-03-19,Turks and Caicos Islands,AMRO,3,2253,0,15
2021-03-20,Turks and Caicos Islands,AMRO,21,2274,0,15
2021-03-21,Turks and Caicos Islands,AMRO,16,2290,0,15
2021-03-22,Turks and Caicos Islands,AMRO,4,2294,1,16
2021-03-23,Turks and Caicos Islands,AMRO,0,2294,0,16
2021-03-24,Turks and Caicos Islands,AMRO,0,2294,1,17
2021-03-25,Turks and Caicos Islands,AMRO,13,2307,0,17
2021-03-26,Turks and Caicos Islands,AMRO,8,2315,0,17
2021-03-27,Turks and Caicos Islands,AMRO,3,2318,0,17
2021-03-28,Turks and Caicos Islands,AMRO,7,2325,0,17
2021-03-29,Turks and Caicos Islands,AMRO,1,2326,0,17
2021-03-30,Turks and Caicos Islands,AMRO,1,2327,0,17
2021-03-31,Turks and Caicos Islands,AMRO,0,2327,0,17
2021-04-01,Turks and Caicos Islands,AMRO,2,2329,0,17
2021-04-02,Turks and Caicos Islands,AMRO,2,2331,0,17
2021-04-03,Turks and Caicos Islands,AMRO,6,2337,0,17
2021-04-04,Turks and Caicos Islands,AMRO,7,2344,0,17
2021-04-05,Turks and Caicos Islands,AMRO,0,2344,0,17
2021-04-06,Turks and Caicos Islands,AMRO,0,2344,0,17
2021-04-07,Turks and Caicos Islands,AMRO,0,2344,0,17
2021-04-08,Turks and Caicos Islands,AMRO,0,2344,0,17
2021-04-09,Turks and Caicos Islands,AMRO,0,2344,0,17
2021-04-10,Turks and Caicos Islands,AMRO,0,2344,0,17
2021-04-11,Turks and Caicos Islands,AMRO,0,2344,0,17
2021-04-12,Turks and Caicos Islands,AMRO,13,2357,0,17
2021-04-13,Turks and Caicos Islands,AMRO,0,2357,0,17
2021-04-14,Turks and Caicos Islands,AMRO,0,2357,0,17
2021-04-15,Turks and Caicos Islands,AMRO,3,2360,0,17
2021-04-16,Turks and Caicos Islands,AMRO,7,2367,0,17
2021-04-17,Turks and Caicos Islands,AMRO,0,2367,0,17
2021-04-18,Turks and Caicos Islands,AMRO,2,2369,0,17
2021-04-19,Turks and Caicos Islands,AMRO,0,2369,0,17
2021-04-20,Turks and Caicos Islands,AMRO,0,2369,0,17
2021-04-21,Turks and Caicos Islands,AMRO,0,2369,0,17
2021-04-22,Turks and Caicos Islands,AMRO,2,2371,0,17
2021-04-23,Turks and Caicos Islands,AMRO,0,2371,0,17
2021-04-24,Turks and Caicos Islands,AMRO,4,2375,0,17
2021-04-25,Turks and Caicos Islands,AMRO,1,2376,0,17
2021-04-26,Turks and Caicos Islands,AMRO,0,2376,0,17
2021-04-27,Turks and Caicos Islands,AMRO,0,2376,0,17
2021-04-28,Turks and Caicos Islands,AMRO,3,2379,0,17
2021-04-29,Turks and Caicos Islands,AMRO,5,2384,0,17
2021-04-30,Turks and Caicos Islands,AMRO,2,2386,0,17
2021-05-01,Turks and Caicos Islands,AMRO,2,2388,0,17
2021-05-02,Turks and Caicos Islands,AMRO,2,2390,0,17
2021-05-03,Turks and Caicos Islands,AMRO,0,2390,0,17
2021-05-04,Turks and Caicos Islands,AMRO,3,2393,0,17
2021-05-05,Turks and Caicos Islands,AMRO,0,2393,0,17
2021-05-06,Turks and Caicos Islands,AMRO,3,2396,0,17
2021-05-07,Turks and Caicos Islands,AMRO,4,2400,0,17
2021-05-08,Turks and Caicos Islands,AMRO,2,2402,0,17
2021-05-09,Turks and Caicos Islands,AMRO,0,2402,0,17
2021-05-10,Turks and Caicos Islands,AMRO,0,2402,0,17
2021-05-11,Turks and Caicos Islands,AMRO,0,2402,0,17
2021-05-12,Turks and Caicos Islands,AMRO,0,2402,0,17
2021-05-13,Turks and Caicos Islands,AMRO,2,2404,0,17
2021-05-14,Turks and Caicos Islands,AMRO,0,2404,0,17
2021-05-15,Turks and Caicos Islands,AMRO,0,2404,0,17
2021-05-16,Turks and Caicos Islands,AMRO,0,2404,0,17
2021-05-17,Turks and Caicos Islands,AMRO,0,2404,0,17
2021-05-18,Turks and Caicos Islands,AMRO,0,2404,0,17
2021-05-19,Turks and Caicos Islands,AMRO,0,2404,0,17
2021-05-20,Turks and Caicos Islands,AMRO,2,2406,0,17
2021-05-21,Turks and Caicos Islands,AMRO,1,2407,0,17
2021-05-22,Turks and Caicos Islands,AMRO,0,2407,0,17
2021-05-23,Turks and Caicos Islands,AMRO,1,2408,0,17
2021-05-24,Turks and Caicos Islands,AMRO,1,2409,0,17
2021-05-25,Turks and Caicos Islands,AMRO,0,2409,0,17
2021-05-26,Turks and Caicos Islands,AMRO,0,2409,0,17
2021-05-27,Turks and Caicos Islands,AMRO,0,2409,0,17
2021-05-28,Turks and Caicos Islands,AMRO,0,2409,0,17
2021-05-29,Turks and Caicos Islands,AMRO,2,2411,0,17
2021-05-30,Turks and Caicos Islands,AMRO,1,2412,0,17
2021-01-01,Tuvalu,WPRO,0,0,0,0
2021-01-02,Tuvalu,WPRO,0,0,0,0
2021-01-03,Tuvalu,WPRO,0,0,0,0
2021-01-04,Tuvalu,WPRO,0,0,0,0
2021-01-05,Tuvalu,WPRO,0,0,0,0
2021-01-06,Tuvalu,WPRO,0,0,0,0
2021-01-07,Tuvalu,WPRO,0,0,0,0
2021-01-08,Tuvalu,WPRO,0,0,0,0
2021-01-09,Tuvalu,WPRO,0,0,0,0
2021-01-10,Tuvalu,WPRO,0,0,0,0
2021-01-11,Tuvalu,WPRO,0,0,0,0
2021-01-12,Tuvalu,WPRO,0,0,0,0
2021-01-13,Tuvalu,WPRO,0,0,0,0
2021-01-14,Tuvalu,WPRO,0,0,0,0
2021-01-15,Tuvalu,WPRO,0,0,0,0
2021-01-16,Tuvalu,WPRO,0,0,0,0
2021-01-17,Tuvalu,WPRO,0,0,0,0
2021-01-18,Tuvalu,WPRO,0,0,0,0
2021-01-19,Tuvalu,WPRO,0,0,0,0
2021-01-20,Tuvalu,WPRO,0,0,0,0
2021-01-21,Tuvalu,WPRO,0,0,0,0
2021-01-22,Tuvalu,WPRO,0,0,0,0
2021-01-23,Tuvalu,WPRO,0,0,0,0
2021-01-24,Tuvalu,WPRO,0,0,0,0
2021-01-25,Tuvalu,WPRO,0,0,0,0
2021-01-26,Tuvalu,WPRO,0,0,0,0
2021-01-27,Tuvalu,WPRO,0,0,0,0
2021-01-28,Tuvalu,WPRO,0,0,0,0
2021-01-29,Tuvalu,WPRO,0,0,0,0
2021-01-30,Tuvalu,WPRO,0,0,0,0
2021-01-31,Tuvalu,WPRO,0,0,0,0
2021-02-01,Tuvalu,WPRO,0,0,0,0
2021-02-02,Tuvalu,WPRO,0,0,0,0
2021-02-03,Tuvalu,WPRO,0,0,0,0
2021-02-04,Tuvalu,WPRO,0,0,0,0
2021-02-05,Tuvalu,WPRO,0,0,0,0
2021-02-06,Tuvalu,WPRO,0,0,0,0
2021-02-07,Tuvalu,WPRO,0,0,0,0
2021-02-08,Tuvalu,WPRO,0,0,0,0
2021-02-09,Tuvalu,WPRO,0,0,0,0
2021-02-10,Tuvalu,WPRO,0,0,0,0
2021-02-11,Tuvalu,WPRO,0,0,0,0
2021-02-12,Tuvalu,WPRO,0,0,0,0
2021-02-13,Tuvalu,WPRO,0,0,0,0
2021-02-14,Tuvalu,WPRO,0,0,0,0
2021-02-15,Tuvalu,WPRO,0,0,0,0
2021-02-16,Tuvalu,WPRO,0,0,0,0
2021-02-17,Tuvalu,WPRO,0,0,0,0
2021-02-18,Tuvalu,WPRO,0,0,0,0
2021-02-19,Tuvalu,WPRO,0,0,0,0
2021-02-20,Tuvalu,WPRO,0,0,0,0
2021-02-21,Tuvalu,WPRO,0,0,0,0
2021-02-22,Tuvalu,WPRO,0,0,0,0
2021-02-23,Tuvalu,WPRO,0,0,0,0
2021-02-24,Tuvalu,WPRO,0,0,0,0
2021-02-25,Tuvalu,WPRO,0,0,0,0
2021-02-26,Tuvalu,WPRO,0,0,0,0
2021-02-27,Tuvalu,WPRO,0,0,0,0
2021-02-28,Tuvalu,WPRO,0,0,0,0
2021-03-01,Tuvalu,WPRO,0,0,0,0
2021-03-02,Tuvalu,WPRO,0,0,0,0
2021-03-03,Tuvalu,WPRO,0,0,0,0
2021-03-04,Tuvalu,WPRO,0,0,0,0
2021-03-05,Tuvalu,WPRO,0,0,0,0
2021-03-06,Tuvalu,WPRO,0,0,0,0
2021-03-07,Tuvalu,WPRO,0,0,0,0
2021-03-08,Tuvalu,WPRO,0,0,0,0
2021-03-09,Tuvalu,WPRO,0,0,0,0
2021-03-10,Tuvalu,WPRO,0,0,0,0
2021-03-11,Tuvalu,WPRO,0,0,0,0
2021-03-12,Tuvalu,WPRO,0,0,0,0
2021-03-13,Tuvalu,WPRO,0,0,0,0
2021-03-14,Tuvalu,WPRO,0,0,0,0
2021-03-15,Tuvalu,WPRO,0,0,0,0
2021-03-16,Tuvalu,WPRO,0,0,0,0
2021-03-17,Tuvalu,WPRO,0,0,0,0
2021-03-18,Tuvalu,WPRO,0,0,0,0
2021-03-19,Tuvalu,WPRO,0,0,0,0
2021-03-20,Tuvalu,WPRO,0,0,0,0
2021-03-21,Tuvalu,WPRO,0,0,0,0
2021-03-22,Tuvalu,WPRO,0,0,0,0
2021-03-23,Tuvalu,WPRO,0,0,0,0
2021-03-24,Tuvalu,WPRO,0,0,0,0
2021-03-25,Tuvalu,WPRO,0,0,0,0
2021-03-26,Tuvalu,WPRO,0,0,0,0
2021-03-27,Tuvalu,WPRO,0,0,0,0
2021-03-28,Tuvalu,WPRO,0,0,0,0
2021-03-29,Tuvalu,WPRO,0,0,0,0
2021-03-30,Tuvalu,WPRO,0,0,0,0
2021-03-31,Tuvalu,WPRO,0,0,0,0
2021-04-01,Tuvalu,WPRO,0,0,0,0
2021-04-02,Tuvalu,WPRO,0,0,0,0
2021-04-03,Tuvalu,WPRO,0,0,0,0
2021-04-04,Tuvalu,WPRO,0,0,0,0
2021-04-05,Tuvalu,WPRO,0,0,0,0
2021-04-06,Tuvalu,WPRO,0,0,0,0
2021-04-07,Tuvalu,WPRO,0,0,0,0
2021-04-08,Tuvalu,WPRO,0,0,0,0
2021-04-09,Tuvalu,WPRO,0,0,0,0
2021-04-10,Tuvalu,WPRO,0,0,0,0
2021-04-11,Tuvalu,WPRO,0,0,0,0
2021-04-12,Tuvalu,WPRO,0,0,0,0
2021-04-13,Tuvalu,WPRO,0,0,0,0
2021-04-14,Tuvalu,WPRO,0,0,0,0
2021-04-15,Tuvalu,WPRO,0,0,0,0
2021-04-16,Tuvalu,WPRO,0,0,0,0
2021-04-17,Tuvalu,WPRO,0,0,0,0
2021-04-18,Tuvalu,WPRO,0,0,0,0
2021-04-19,Tuvalu,WPRO,0,0,0,0
2021-04-20,Tuvalu,WPRO,0,0,0,0
2021-04-21,Tuvalu,WPRO,0,0,0,0
2021-04-22,Tuvalu,WPRO,0,0,0,0
2021-04-23,Tuvalu,WPRO,0,0,0,0
2021-04-24,Tuvalu,WPRO,0,0,0,0
2021-04-25,Tuvalu,WPRO,0,0,0,0
2021-04-26,Tuvalu,WPRO,0,0,0,0
2021-04-27,Tuvalu,WPRO,0,0,0,0
2021-04-28,Tuvalu,WPRO,0,0,0,0
2021-04-29,Tuvalu,WPRO,0,0,0,0
2021-04-30,Tuvalu,WPRO,0,0,0,0
2021-05-01,Tuvalu,WPRO,0,0,0,0
2021-05-02,Tuvalu,WPRO,0,0,0,0
2021-05-03,Tuvalu,WPRO,0,0,0,0
2021-05-04,Tuvalu,WPRO,0,0,0,0
2021-05-05,Tuvalu,WPRO,0,0,0,0
2021-05-06,Tuvalu,WPRO,0,0,0,0
2021-05-07,Tuvalu,WPRO,0,0,0,0
2021-05-08,Tuvalu,WPRO,0,0,0,0
2021-05-09,Tuvalu,WPRO,0,0,0,0
2021-05-10,Tuvalu,WPRO,0,0,0,0
2021-05-11,Tuvalu,WPRO,0,0,0,0
2021-05-12,Tuvalu,WPRO,0,0,0,0
2021-05-13,Tuvalu,WPRO,0,0,0,0
2021-05-14,Tuvalu,WPRO,0,0,0,0
2021-05-15,Tuvalu,WPRO,0,0,0,0
2021-05-16,Tuvalu,WPRO,0,0,0,0
2021-05-17,Tuvalu,WPRO,0,0,0,0
2021-05-18,Tuvalu,WPRO,0,0,0,0
2021-05-19,Tuvalu,WPRO,0,0,0,0
2021-05-20,Tuvalu,WPRO,0,0,0,0
2021-05-21,Tuvalu,WPRO,0,0,0,0
2021-05-22,Tuvalu,WPRO,0,0,0,0
2021-05-23,Tuvalu,WPRO,0,0,0,0
2021-05-24,Tuvalu,WPRO,0,0,0,0
2021-05-25,Tuvalu,WPRO,0,0,0,0
2021-05-26,Tuvalu,WPRO,0,0,0,0
2021-05-27,Tuvalu,WPRO,0,0,0,0
2021-05-28,Tuvalu,WPRO,0,0,0,0
2021-05-29,Tuvalu,WPRO,0,0,0,0
2021-05-30,Tuvalu,WPRO,0,0,0,0
2021-01-01,Uganda,AFRO,539,35216,2,251
2021-01-02,Uganda,AFRO,0,35216,0,251
2021-01-03,Uganda,AFRO,496,35712,23,274
2021-01-04,Uganda,AFRO,210,35922,0,274
2021-01-05,Uganda,AFRO,128,36050,0,274
2021-01-06,Uganda,AFRO,0,36050,0,274
2021-01-07,Uganda,AFRO,652,36702,20,294
2021-01-08,Uganda,AFRO,372,37074,3,297
2021-01-09,Uganda,AFRO,222,37296,3,300
2021-01-10,Uganda,AFRO,258,37554,1,301
2021-01-11,Uganda,AFRO,188,37742,0,301
2021-01-12,Uganda,AFRO,66,37808,1,302
2021-01-13,Uganda,AFRO,140,37948,1,303
2021-01-14,Uganda,AFRO,137,38085,1,304
2021-01-15,Uganda,AFRO,0,38085,0,304
2021-01-16,Uganda,AFRO,0,38085,0,304
2021-01-17,Uganda,AFRO,0,38085,0,304
2021-01-18,Uganda,AFRO,0,38085,0,304
2021-01-19,Uganda,AFRO,0,38085,0,304
2021-01-20,Uganda,AFRO,449,38534,1,305
2021-01-21,Uganda,AFRO,94,38628,0,305
2021-01-22,Uganda,AFRO,178,38806,11,316
2021-01-23,Uganda,AFRO,129,38935,1,317
2021-01-24,Uganda,AFRO,109,39044,0,317
2021-01-25,Uganda,AFRO,105,39149,0,317
2021-01-26,Uganda,AFRO,39,39188,1,318
2021-01-27,Uganda,AFRO,73,39261,0,318
2021-01-28,Uganda,AFRO,53,39314,0,318
2021-01-29,Uganda,AFRO,110,39424,0,318
2021-01-30,Uganda,AFRO,66,39490,6,324
2021-01-31,Uganda,AFRO,43,39533,0,324
2021-02-01,Uganda,AFRO,46,39579,0,324
2021-02-02,Uganda,AFRO,27,39606,1,325
2021-02-03,Uganda,AFRO,45,39651,0,325
2021-02-04,Uganda,AFRO,34,39685,2,327
2021-02-05,Uganda,AFRO,50,39735,0,327
2021-02-06,Uganda,AFRO,54,39789,0,327
2021-02-07,Uganda,AFRO,32,39821,0,327
2021-02-08,Uganda,AFRO,27,39848,0,327
2021-02-09,Uganda,AFRO,12,39860,0,327
2021-02-10,Uganda,AFRO,23,39883,0,327
2021-02-11,Uganda,AFRO,28,39911,1,328
2021-02-12,Uganda,AFRO,31,39942,0,328
2021-02-13,Uganda,AFRO,37,39979,0,328
2021-02-14,Uganda,AFRO,40,40019,0,328
2021-02-15,Uganda,AFRO,0,40019,0,328
2021-02-16,Uganda,AFRO,36,40055,0,328
2021-02-17,Uganda,AFRO,26,40081,3,331
2021-02-18,Uganda,AFRO,21,40102,0,331
2021-02-19,Uganda,AFRO,52,40154,0,331
2021-02-20,Uganda,AFRO,14,40168,0,331
2021-02-21,Uganda,AFRO,31,40199,2,333
2021-02-22,Uganda,AFRO,14,40213,0,333
2021-02-23,Uganda,AFRO,8,40221,0,333
2021-02-24,Uganda,AFRO,22,40243,0,333
2021-02-25,Uganda,AFRO,18,40261,1,334
2021-02-26,Uganda,AFRO,39,40300,0,334
2021-02-27,Uganda,AFRO,22,40322,0,334
2021-02-28,Uganda,AFRO,13,40335,0,334
2021-03-01,Uganda,AFRO,22,40357,0,334
2021-03-02,Uganda,AFRO,10,40367,0,334
2021-03-03,Uganda,AFRO,28,40395,0,334
2021-03-04,Uganda,AFRO,13,40408,0,334
2021-03-05,Uganda,AFRO,18,40426,0,334
2021-03-06,Uganda,AFRO,26,40452,0,334
2021-03-07,Uganda,AFRO,0,40452,0,334
2021-03-08,Uganda,AFRO,12,40464,0,334
2021-03-09,Uganda,AFRO,21,40485,0,334
2021-03-10,Uganda,AFRO,5,40490,0,334
2021-03-11,Uganda,AFRO,30,40520,0,334
2021-03-12,Uganda,AFRO,15,40535,0,334
2021-03-13,Uganda,AFRO,9,40544,0,334
2021-03-14,Uganda,AFRO,0,40544,0,334
2021-03-15,Uganda,AFRO,37,40581,0,334
2021-03-16,Uganda,AFRO,10,40591,0,334
2021-03-17,Uganda,AFRO,2,40593,0,334
2021-03-18,Uganda,AFRO,14,40607,0,334
2021-03-19,Uganda,AFRO,18,40625,0,334
2021-03-20,Uganda,AFRO,26,40651,0,334
2021-03-21,Uganda,AFRO,0,40651,0,334
2021-03-22,Uganda,AFRO,20,40671,5,339
2021-03-23,Uganda,AFRO,16,40687,0,339
2021-03-24,Uganda,AFRO,32,40719,-5,334
2021-03-25,Uganda,AFRO,0,40719,0,334
2021-03-26,Uganda,AFRO,14,40733,0,334
2021-03-27,Uganda,AFRO,17,40750,1,335
2021-03-28,Uganda,AFRO,17,40767,0,335
2021-03-29,Uganda,AFRO,53,40820,0,335
2021-03-30,Uganda,AFRO,0,40820,0,335
2021-03-31,Uganda,AFRO,19,40839,0,335
2021-04-01,Uganda,AFRO,28,40867,0,335
2021-04-02,Uganda,AFRO,22,40889,0,335
2021-04-03,Uganda,AFRO,35,40924,0,335
2021-04-04,Uganda,AFRO,38,40962,0,335
2021-04-05,Uganda,AFRO,0,40962,0,335
2021-04-06,Uganda,AFRO,54,41016,0,335
2021-04-07,Uganda,AFRO,7,41023,0,335
2021-04-08,Uganda,AFRO,23,41046,2,337
2021-04-09,Uganda,AFRO,16,41062,0,337
2021-04-10,Uganda,AFRO,24,41086,0,337
2021-04-11,Uganda,AFRO,27,41113,0,337
2021-04-12,Uganda,AFRO,27,41140,0,337
2021-04-13,Uganda,AFRO,34,41174,0,337
2021-04-14,Uganda,AFRO,30,41204,0,337
2021-04-15,Uganda,AFRO,33,41237,1,338
2021-04-16,Uganda,AFRO,26,41263,0,338
2021-04-17,Uganda,AFRO,47,41310,0,338
2021-04-18,Uganda,AFRO,30,41340,0,338
2021-04-19,Uganda,AFRO,38,41378,0,338
2021-04-20,Uganda,AFRO,18,41396,1,339
2021-04-21,Uganda,AFRO,26,41422,2,341
2021-04-22,Uganda,AFRO,53,41475,0,341
2021-04-23,Uganda,AFRO,54,41529,0,341
2021-04-24,Uganda,AFRO,46,41575,0,341
2021-04-25,Uganda,AFRO,0,41575,0,341
2021-04-26,Uganda,AFRO,80,41655,0,341
2021-04-27,Uganda,AFRO,60,41715,0,341
2021-04-28,Uganda,AFRO,22,41737,0,341
2021-04-29,Uganda,AFRO,29,41766,0,341
2021-04-30,Uganda,AFRO,31,41797,1,342
2021-05-01,Uganda,AFRO,110,41907,1,343
2021-05-02,Uganda,AFRO,0,41907,0,343
2021-05-03,Uganda,AFRO,66,41973,-1,342
2021-05-04,Uganda,AFRO,0,41973,0,342
2021-05-05,Uganda,AFRO,59,42032,0,342
2021-05-06,Uganda,AFRO,70,42102,1,343
2021-05-07,Uganda,AFRO,50,42152,2,345
2021-05-08,Uganda,AFRO,72,42224,1,346
2021-05-09,Uganda,AFRO,84,42308,0,346
2021-05-10,Uganda,AFRO,76,42384,0,346
2021-05-11,Uganda,AFRO,0,42384,0,346
2021-05-12,Uganda,AFRO,43,42427,0,346
2021-05-13,Uganda,AFRO,60,42487,0,346
2021-05-14,Uganda,AFRO,91,42578,0,346
2021-05-15,Uganda,AFRO,96,42674,1,347
2021-05-16,Uganda,AFRO,0,42674,0,347
2021-05-17,Uganda,AFRO,105,42779,0,347
2021-05-18,Uganda,AFRO,80,42859,0,347
2021-05-19,Uganda,AFRO,71,42930,2,349
2021-05-20,Uganda,AFRO,164,43094,1,350
2021-05-21,Uganda,AFRO,129,43223,0,350
2021-05-22,Uganda,AFRO,147,43370,0,350
2021-05-23,Uganda,AFRO,137,43507,0,350
2021-05-24,Uganda,AFRO,227,43734,6,356
2021-05-25,Uganda,AFRO,185,43919,1,357
2021-05-26,Uganda,AFRO,155,44074,1,358
2021-05-27,Uganda,AFRO,207,44281,1,359
2021-05-28,Uganda,AFRO,313,44594,2,361
2021-05-29,Uganda,AFRO,637,45231,0,361
2021-05-30,Uganda,AFRO,700,45931,1,362
2021-01-01,Ukraine,EURO,9432,1064479,147,18680
2021-01-02,Ukraine,EURO,5038,1069517,51,18731
2021-01-03,Ukraine,EURO,4576,1074093,123,18854
2021-01-04,Ukraine,EURO,4158,1078251,73,18927
2021-01-05,Ukraine,EURO,5334,1083585,202,19129
2021-01-06,Ukraine,EURO,6911,1090496,228,19357
2021-01-07,Ukraine,EURO,8997,1099493,148,19505
2021-01-08,Ukraine,EURO,5676,1105169,83,19588
2021-01-09,Ukraine,EURO,4846,1110015,80,19668
2021-01-10,Ukraine,EURO,5011,1115026,99,19767
2021-01-11,Ukraine,EURO,4288,1119314,68,19835
2021-01-12,Ukraine,EURO,5116,1124430,184,20019
2021-01-13,Ukraine,EURO,6409,1130839,195,20214
2021-01-14,Ukraine,EURO,7925,1138764,162,20376
2021-01-15,Ukraine,EURO,8199,1146963,166,20542
2021-01-16,Ukraine,EURO,7729,1154692,144,20686
2021-01-17,Ukraine,EURO,5990,1160682,116,20802
2021-01-18,Ukraine,EURO,3034,1163716,67,20869
2021-01-19,Ukraine,EURO,3939,1167655,177,21046
2021-01-20,Ukraine,EURO,4383,1172038,212,21258
2021-01-21,Ukraine,EURO,5583,1177621,241,21499
2021-01-22,Ukraine,EURO,5348,1182969,163,21662
2021-01-23,Ukraine,EURO,4928,1187897,116,21778
2021-01-24,Ukraine,EURO,3915,1191812,83,21861
2021-01-25,Ukraine,EURO,2516,1194328,63,21924
2021-01-26,Ukraine,EURO,2779,1197107,133,22057
2021-01-27,Ukraine,EURO,3776,1200883,145,22202
2021-01-28,Ukraine,EURO,5529,1206412,149,22351
2021-01-29,Ukraine,EURO,5181,1211593,128,22479
2021-01-30,Ukraine,EURO,4685,1216278,149,22628
2021-01-31,Ukraine,EURO,3177,1219455,79,22707
2021-02-01,Ukraine,EURO,2030,1221485,61,22768
2021-02-02,Ukraine,EURO,2394,1223879,156,22924
2021-02-03,Ukraine,EURO,3285,1227164,165,23089
2021-02-04,Ukraine,EURO,5082,1232246,140,23229
2021-02-05,Ukraine,EURO,4923,1237169,158,23387
2021-02-06,Ukraine,EURO,4310,1241479,129,23516
2021-02-07,Ukraine,EURO,3370,1244849,81,23597
2021-02-08,Ukraine,EURO,2141,1246990,47,23644
2021-02-09,Ukraine,EURO,2656,1249646,127,23771
2021-02-10,Ukraine,EURO,3409,1253055,163,23934
2021-02-11,Ukraine,EURO,5039,1258094,124,24058
2021-02-12,Ukraine,EURO,4773,1262867,116,24174
2021-02-13,Ukraine,EURO,5182,1268049,111,24285
2021-02-14,Ukraine,EURO,3094,1271143,45,24330
2021-02-15,Ukraine,EURO,2332,1273475,62,24392
2021-02-16,Ukraine,EURO,3143,1276618,150,24542
2021-02-17,Ukraine,EURO,4286,1280904,147,24689
2021-02-18,Ukraine,EURO,6237,1287141,163,24852
2021-02-19,Ukraine,EURO,6531,1293672,120,24972
2021-02-20,Ukraine,EURO,6295,1299967,73,25045
2021-02-21,Ukraine,EURO,4489,1304456,58,25103
2021-02-22,Ukraine,EURO,3206,1307662,53,25156
2021-02-23,Ukraine,EURO,4182,1311844,153,25309
2021-02-24,Ukraine,EURO,5850,1317694,152,25461
2021-02-25,Ukraine,EURO,8147,1325841,135,25596
2021-02-26,Ukraine,EURO,8003,1333844,146,25742
2021-02-27,Ukraine,EURO,8172,1342016,151,25893
2021-02-28,Ukraine,EURO,5833,1347849,89,25982
2021-03-01,Ukraine,EURO,4285,1352134,68,26050
2021-03-02,Ukraine,EURO,5336,1357470,162,26212
2021-03-03,Ukraine,EURO,7235,1364705,185,26397
2021-03-04,Ukraine,EURO,10057,1374762,194,26591
2021-03-05,Ukraine,EURO,10155,1384917,172,26763
2021-03-06,Ukraine,EURO,9144,1394061,156,26919
2021-03-07,Ukraine,EURO,7167,1401228,103,27022
2021-03-08,Ukraine,EURO,5572,1406800,106,27128
2021-03-09,Ukraine,EURO,3261,1410061,76,27204
2021-03-10,Ukraine,EURO,6377,1416438,219,27423
2021-03-11,Ukraine,EURO,9084,1425522,262,27685
2021-03-12,Ukraine,EURO,12946,1438468,230,27915
2021-03-13,Ukraine,EURO,13276,1451744,243,28158
2021-03-14,Ukraine,EURO,9012,1460756,145,28303
2021-03-15,Ukraine,EURO,6792,1467548,130,28433
2021-03-16,Ukraine,EURO,9642,1477190,264,28697
2021-03-17,Ukraine,EURO,11833,1489023,289,28986
2021-03-18,Ukraine,EURO,15053,1504076,267,29253
2021-03-19,Ukraine,EURO,15850,1519926,262,29515
2021-03-20,Ukraine,EURO,15292,1535218,260,29775
2021-03-21,Ukraine,EURO,11145,1546363,166,29941
2021-03-22,Ukraine,EURO,7893,1554256,157,30098
2021-03-23,Ukraine,EURO,11476,1565732,333,30431
2021-03-24,Ukraine,EURO,14174,1579906,342,30773
2021-03-25,Ukraine,EURO,16669,1596575,362,31135
2021-03-26,Ukraine,EURO,18132,1614707,326,31461
2021-03-27,Ukraine,EURO,17424,1632131,290,31751
2021-03-28,Ukraine,EURO,11932,1644063,203,31954
2021-03-29,Ukraine,EURO,8346,1652409,178,32132
2021-03-30,Ukraine,EURO,10533,1662942,286,32418
2021-03-31,Ukraine,EURO,11226,1674168,407,32825
2021-04-01,Ukraine,EURO,17569,1691737,421,33246
2021-04-02,Ukraine,EURO,19893,1711630,433,33679
2021-04-03,Ukraine,EURO,20341,1731971,396,34075
2021-04-04,Ukraine,EURO,13738,1745709,258,34333
2021-04-05,Ukraine,EURO,10179,1755888,254,34587
2021-04-06,Ukraine,EURO,13276,1769164,430,35017
2021-04-07,Ukraine,EURO,15415,1784579,481,35498
2021-04-08,Ukraine,EURO,19419,1803998,464,35962
2021-04-09,Ukraine,EURO,19676,1823674,419,36381
2021-04-10,Ukraine,EURO,17463,1841137,398,36779
2021-04-11,Ukraine,EURO,12112,1853249,235,37014
2021-04-12,Ukraine,EURO,7856,1861105,287,37301
2021-04-13,Ukraine,EURO,11680,1872785,457,37758
2021-04-14,Ukraine,EURO,14553,1887338,467,38225
2021-04-15,Ukraine,EURO,16427,1903765,433,38658
2021-04-16,Ukraine,EURO,17479,1921244,438,39096
2021-04-17,Ukraine,EURO,14984,1936228,440,39536
2021-04-18,Ukraine,EURO,10282,1946510,250,39786
2021-04-19,Ukraine,EURO,6506,1953016,214,40000
2021-04-20,Ukraine,EURO,8940,1961956,367,40367
2021-04-21,Ukraine,EURO,12162,1974118,429,40796
2021-04-22,Ukraine,EURO,16235,1990353,470,41266
2021-04-23,Ukraine,EURO,14277,2004630,434,41700
2021-04-24,Ukraine,EURO,12711,2017341,392,42092
2021-04-25,Ukraine,EURO,7930,2025271,231,42323
2021-04-26,Ukraine,EURO,5062,2030333,195,42518
2021-04-27,Ukraine,EURO,7915,2038248,432,42950
2021-04-28,Ukraine,EURO,9590,2047838,441,43391
2021-04-29,Ukraine,EURO,11627,2059465,387,43778
2021-04-30,Ukraine,EURO,10072,2069537,307,44085
2021-05-01,Ukraine,EURO,8549,2078086,351,44436
2021-05-02,Ukraine,EURO,5094,2083180,160,44596
2021-05-03,Ukraine,EURO,2758,2085938,154,44750
2021-05-04,Ukraine,EURO,2472,2088410,166,44916
2021-05-05,Ukraine,EURO,2576,2090986,161,45077
2021-05-06,Ukraine,EURO,6038,2097024,374,45451
2021-05-07,Ukraine,EURO,8404,2105428,379,45830
2021-05-08,Ukraine,EURO,8710,2114138,370,46200
2021-05-09,Ukraine,EURO,5372,2119510,193,46393
2021-05-10,Ukraine,EURO,2817,2122327,119,46512
2021-05-11,Ukraine,EURO,2208,2124535,119,46631
2021-05-12,Ukraine,EURO,4538,2129073,356,46987
2021-05-13,Ukraine,EURO,6813,2135886,346,47333
2021-05-14,Ukraine,EURO,7562,2143448,287,47620
2021-05-15,Ukraine,EURO,6796,2150244,322,47942
2021-05-16,Ukraine,EURO,3620,2153864,133,48075
2021-05-17,Ukraine,EURO,2136,2156000,109,48184
2021-05-18,Ukraine,EURO,4095,2160095,285,48469
2021-05-19,Ukraine,EURO,5138,2165233,227,48696
2021-05-20,Ukraine,EURO,5165,2170398,203,48899
2021-05-21,Ukraine,EURO,4984,2175382,202,49101
2021-05-22,Ukraine,EURO,4606,2179988,178,49279
2021-05-23,Ukraine,EURO,2533,2182521,89,49368
2021-05-24,Ukraine,EURO,1334,2183855,68,49436
2021-05-25,Ukraine,EURO,2608,2186463,249,49685
2021-05-26,Ukraine,EURO,3395,2189858,208,49893
2021-05-27,Ukraine,EURO,3509,2193367,183,50076
2021-05-28,Ukraine,EURO,3306,2196673,156,50232
2021-05-29,Ukraine,EURO,3096,2199769,156,50388
2021-05-30,Ukraine,EURO,1703,2201472,84,50472
2021-01-01,United Arab Emirates,EMRO,1730,207822,4,669
2021-01-02,United Arab Emirates,EMRO,1856,209678,2,671
2021-01-03,United Arab Emirates,EMRO,1963,211641,3,674
2021-01-04,United Arab Emirates,EMRO,1590,213231,5,679
2021-01-05,United Arab Emirates,EMRO,1501,214732,3,682
2021-01-06,United Arab Emirates,EMRO,1967,216699,3,685
2021-01-07,United Arab Emirates,EMRO,2067,218766,4,689
2021-01-08,United Arab Emirates,EMRO,2988,221754,5,694
2021-01-09,United Arab Emirates,EMRO,2950,224704,3,697
2021-01-10,United Arab Emirates,EMRO,2998,227702,5,702
2021-01-11,United Arab Emirates,EMRO,2876,230578,6,708
2021-01-12,United Arab Emirates,EMRO,2404,232982,3,711
2021-01-13,United Arab Emirates,EMRO,3243,236225,6,717
2021-01-14,United Arab Emirates,EMRO,3362,239587,6,723
2021-01-15,United Arab Emirates,EMRO,3382,242969,3,726
2021-01-16,United Arab Emirates,EMRO,3407,246376,7,733
2021-01-17,United Arab Emirates,EMRO,3432,249808,7,740
2021-01-18,United Arab Emirates,EMRO,3453,253261,5,745
2021-01-19,United Arab Emirates,EMRO,3471,256732,6,751
2021-01-20,United Arab Emirates,EMRO,3491,260223,5,756
2021-01-21,United Arab Emirates,EMRO,3506,263729,6,762
2021-01-22,United Arab Emirates,EMRO,3529,267258,4,766
2021-01-23,United Arab Emirates,EMRO,3552,270810,10,776
2021-01-24,United Arab Emirates,EMRO,3566,274376,7,783
2021-01-25,United Arab Emirates,EMRO,3579,277955,9,792
2021-01-26,United Arab Emirates,EMRO,3591,281546,6,798
2021-01-27,United Arab Emirates,EMRO,3601,285147,7,805
2021-01-28,United Arab Emirates,EMRO,3939,289086,6,811
2021-01-29,United Arab Emirates,EMRO,3966,293052,8,819
2021-01-30,United Arab Emirates,EMRO,3962,297014,7,826
2021-01-31,United Arab Emirates,EMRO,3647,300661,12,838
2021-02-01,United Arab Emirates,EMRO,2948,303609,12,850
2021-02-02,United Arab Emirates,EMRO,2730,306339,9,859
2021-02-03,United Arab Emirates,EMRO,3310,309649,7,866
2021-02-04,United Arab Emirates,EMRO,3977,313626,12,878
2021-02-05,United Arab Emirates,EMRO,3249,316875,10,888
2021-02-06,United Arab Emirates,EMRO,3251,320126,14,902
2021-02-07,United Arab Emirates,EMRO,3276,323402,12,914
2021-02-08,United Arab Emirates,EMRO,3093,326495,7,921
2021-02-09,United Arab Emirates,EMRO,2798,329293,9,930
2021-02-10,United Arab Emirates,EMRO,3310,332603,17,947
2021-02-11,United Arab Emirates,EMRO,3539,336142,9,956
2021-02-12,United Arab Emirates,EMRO,3525,339667,18,974
2021-02-13,United Arab Emirates,EMRO,3307,342974,12,986
2021-02-14,United Arab Emirates,EMRO,2631,345605,15,1001
2021-02-15,United Arab Emirates,EMRO,3167,348772,13,1014
2021-02-16,United Arab Emirates,EMRO,3123,351895,13,1027
2021-02-17,United Arab Emirates,EMRO,3236,355131,14,1041
2021-02-18,United Arab Emirates,EMRO,3452,358583,14,1055
2021-02-19,United Arab Emirates,EMRO,3294,361877,18,1073
2021-02-20,United Arab Emirates,EMRO,3140,365017,20,1093
2021-02-21,United Arab Emirates,EMRO,3158,368175,15,1108
2021-02-22,United Arab Emirates,EMRO,2250,370425,17,1125
2021-02-23,United Arab Emirates,EMRO,2105,372530,15,1140
2021-02-24,United Arab Emirates,EMRO,3005,375535,5,1145
2021-02-25,United Arab Emirates,EMRO,3102,378637,19,1164
2021-02-26,United Arab Emirates,EMRO,3025,381662,18,1182
2021-02-27,United Arab Emirates,EMRO,3498,385160,16,1198
2021-02-28,United Arab Emirates,EMRO,3434,388594,15,1213
2021-03-01,United Arab Emirates,EMRO,2930,391524,8,1221
2021-03-02,United Arab Emirates,EMRO,2526,394050,17,1238
2021-03-03,United Arab Emirates,EMRO,2721,396771,15,1253
2021-03-04,United Arab Emirates,EMRO,2692,399463,16,1269
2021-03-05,United Arab Emirates,EMRO,2742,402205,17,1286
2021-03-06,United Arab Emirates,EMRO,3072,405277,10,1296
2021-03-07,United Arab Emirates,EMRO,2959,408236,14,1310
2021-03-08,United Arab Emirates,EMRO,2613,410849,12,1322
2021-03-09,United Arab Emirates,EMRO,2483,413332,13,1335
2021-03-10,United Arab Emirates,EMRO,2373,415705,10,1345
2021-03-11,United Arab Emirates,EMRO,2204,417909,8,1353
2021-03-12,United Arab Emirates,EMRO,2087,419996,16,1369
2021-03-13,United Arab Emirates,EMRO,2250,422246,9,1378
2021-03-14,United Arab Emirates,EMRO,2159,424405,10,1388
2021-03-15,United Arab Emirates,EMRO,1992,426397,7,1395
2021-03-16,United Arab Emirates,EMRO,1898,428295,7,1402
2021-03-17,United Arab Emirates,EMRO,2018,430313,4,1406
2021-03-18,United Arab Emirates,EMRO,2051,432364,8,1414
2021-03-19,United Arab Emirates,EMRO,2101,434465,10,1424
2021-03-20,United Arab Emirates,EMRO,2160,436625,4,1428
2021-03-21,United Arab Emirates,EMRO,2013,438638,5,1433
2021-03-22,United Arab Emirates,EMRO,1717,440355,5,1438
2021-03-23,United Arab Emirates,EMRO,1871,442226,7,1445
2021-03-24,United Arab Emirates,EMRO,2172,444398,6,1451
2021-03-25,United Arab Emirates,EMRO,2196,446594,5,1456
2021-03-26,United Arab Emirates,EMRO,2043,448637,10,1466
2021-03-27,United Arab Emirates,EMRO,2128,450765,6,1472
2021-03-28,United Arab Emirates,EMRO,2304,453069,5,1477
2021-03-29,United Arab Emirates,EMRO,2128,455197,4,1481
2021-03-30,United Arab Emirates,EMRO,1874,457071,5,1486
2021-03-31,United Arab Emirates,EMRO,2289,459360,6,1492
2021-04-01,United Arab Emirates,EMRO,2084,461444,5,1497
2021-04-02,United Arab Emirates,EMRO,2315,463759,2,1499
2021-04-03,United Arab Emirates,EMRO,2180,465939,3,1502
2021-04-04,United Arab Emirates,EMRO,2084,468023,2,1504
2021-04-05,United Arab Emirates,EMRO,2113,470136,6,1510
2021-04-06,United Arab Emirates,EMRO,2012,472148,2,1512
2021-04-07,United Arab Emirates,EMRO,1988,474136,4,1516
2021-04-08,United Arab Emirates,EMRO,1883,476019,4,1520
2021-04-09,United Arab Emirates,EMRO,2112,478131,3,1523
2021-04-10,United Arab Emirates,EMRO,1875,480006,3,1526
2021-04-11,United Arab Emirates,EMRO,1931,481937,3,1529
2021-04-12,United Arab Emirates,EMRO,1810,483747,2,1531
2021-04-13,United Arab Emirates,EMRO,1928,485675,2,1533
2021-04-14,United Arab Emirates,EMRO,2022,487697,4,1537
2021-04-15,United Arab Emirates,EMRO,1798,489495,4,1541
2021-04-16,United Arab Emirates,EMRO,1928,491423,4,1545
2021-04-17,United Arab Emirates,EMRO,1843,493266,2,1547
2021-04-18,United Arab Emirates,EMRO,1958,495224,3,1550
2021-04-19,United Arab Emirates,EMRO,1930,497154,4,1554
2021-04-20,United Arab Emirates,EMRO,1803,498957,2,1556
2021-04-21,United Arab Emirates,EMRO,1903,500860,3,1559
2021-04-22,United Arab Emirates,EMRO,1931,502791,2,1561
2021-04-23,United Arab Emirates,EMRO,2081,504872,4,1565
2021-04-24,United Arab Emirates,EMRO,1973,506845,2,1567
2021-04-25,United Arab Emirates,EMRO,2080,508925,2,1569
2021-04-26,United Arab Emirates,EMRO,1813,510738,2,1571
2021-04-27,United Arab Emirates,EMRO,1759,512497,2,1573
2021-04-28,United Arab Emirates,EMRO,2094,514591,5,1578
2021-04-29,United Arab Emirates,EMRO,1710,516301,2,1580
2021-04-30,United Arab Emirates,EMRO,1961,518262,4,1584
2021-05-01,United Arab Emirates,EMRO,1974,520236,3,1587
2021-05-02,United Arab Emirates,EMRO,1712,521948,4,1591
2021-05-03,United Arab Emirates,EMRO,1847,523795,2,1593
2021-05-04,United Arab Emirates,EMRO,1772,525567,3,1596
2021-05-05,United Arab Emirates,EMRO,1699,527266,2,1598
2021-05-06,United Arab Emirates,EMRO,1954,529220,3,1601
2021-05-07,United Arab Emirates,EMRO,1724,530944,3,1604
2021-05-08,United Arab Emirates,EMRO,1766,532710,3,1607
2021-05-09,United Arab Emirates,EMRO,1735,534445,3,1610
2021-05-10,United Arab Emirates,EMRO,1572,536017,3,1613
2021-05-11,United Arab Emirates,EMRO,1507,537524,2,1615
2021-05-12,United Arab Emirates,EMRO,1614,539138,2,1617
2021-05-13,United Arab Emirates,EMRO,1508,540646,2,1619
2021-05-14,United Arab Emirates,EMRO,1512,542158,4,1623
2021-05-15,United Arab Emirates,EMRO,1452,543610,3,1626
2021-05-16,United Arab Emirates,EMRO,1321,544931,3,1629
2021-05-17,United Arab Emirates,EMRO,1251,546182,2,1631
2021-05-18,United Arab Emirates,EMRO,1229,547411,2,1633
2021-05-19,United Arab Emirates,EMRO,1270,548681,4,1637
2021-05-20,United Arab Emirates,EMRO,1348,550029,2,1639
2021-05-21,United Arab Emirates,EMRO,1401,551430,3,1642
2021-05-22,United Arab Emirates,EMRO,1490,552920,2,1644
2021-05-23,United Arab Emirates,EMRO,1596,554516,4,1648
2021-05-24,United Arab Emirates,EMRO,1591,556107,3,1651
2021-05-25,United Arab Emirates,EMRO,1512,557619,3,1654
2021-05-26,United Arab Emirates,EMRO,1672,559291,4,1658
2021-05-27,United Arab Emirates,EMRO,1757,561048,3,1661
2021-05-28,United Arab Emirates,EMRO,2167,563215,3,1664
2021-05-29,United Arab Emirates,EMRO,2236,565451,4,1668
2021-05-30,United Arab Emirates,EMRO,1812,567263,5,1673
2021-01-01,United Republic of Tanzania,AFRO,0,509,0,21
2021-01-02,United Republic of Tanzania,AFRO,0,509,0,21
2021-01-03,United Republic of Tanzania,AFRO,0,509,0,21
2021-01-04,United Republic of Tanzania,AFRO,0,509,0,21
2021-01-05,United Republic of Tanzania,AFRO,0,509,0,21
2021-01-06,United Republic of Tanzania,AFRO,0,509,0,21
2021-01-07,United Republic of Tanzania,AFRO,0,509,0,21
2021-01-08,United Republic of Tanzania,AFRO,0,509,0,21
2021-01-09,United Republic of Tanzania,AFRO,0,509,0,21
2021-01-10,United Republic of Tanzania,AFRO,0,509,0,21
2021-01-11,United Republic of Tanzania,AFRO,0,509,0,21
2021-01-12,United Republic of Tanzania,AFRO,0,509,0,21
2021-01-13,United Republic of Tanzania,AFRO,0,509,0,21
2021-01-14,United Republic of Tanzania,AFRO,0,509,0,21
2021-01-15,United Republic of Tanzania,AFRO,0,509,0,21
2021-01-16,United Republic of Tanzania,AFRO,0,509,0,21
2021-01-17,United Republic of Tanzania,AFRO,0,509,0,21
2021-01-18,United Republic of Tanzania,AFRO,0,509,0,21
2021-01-19,United Republic of Tanzania,AFRO,0,509,0,21
2021-01-20,United Republic of Tanzania,AFRO,0,509,0,21
2021-01-21,United Republic of Tanzania,AFRO,0,509,0,21
2021-01-22,United Republic of Tanzania,AFRO,0,509,0,21
2021-01-23,United Republic of Tanzania,AFRO,0,509,0,21
2021-01-24,United Republic of Tanzania,AFRO,0,509,0,21
2021-01-25,United Republic of Tanzania,AFRO,0,509,0,21
2021-01-26,United Republic of Tanzania,AFRO,0,509,0,21
2021-01-27,United Republic of Tanzania,AFRO,0,509,0,21
2021-01-28,United Republic of Tanzania,AFRO,0,509,0,21
2021-01-29,United Republic of Tanzania,AFRO,0,509,0,21
2021-01-30,United Republic of Tanzania,AFRO,0,509,0,21
2021-01-31,United Republic of Tanzania,AFRO,0,509,0,21
2021-02-01,United Republic of Tanzania,AFRO,0,509,0,21
2021-02-02,United Republic of Tanzania,AFRO,0,509,0,21
2021-02-03,United Republic of Tanzania,AFRO,0,509,0,21
2021-02-04,United Republic of Tanzania,AFRO,0,509,0,21
2021-02-05,United Republic of Tanzania,AFRO,0,509,0,21
2021-02-06,United Republic of Tanzania,AFRO,0,509,0,21
2021-02-07,United Republic of Tanzania,AFRO,0,509,0,21
2021-02-08,United Republic of Tanzania,AFRO,0,509,0,21
2021-02-09,United Republic of Tanzania,AFRO,0,509,0,21
2021-02-10,United Republic of Tanzania,AFRO,0,509,0,21
2021-02-11,United Republic of Tanzania,AFRO,0,509,0,21
2021-02-12,United Republic of Tanzania,AFRO,0,509,0,21
2021-02-13,United Republic of Tanzania,AFRO,0,509,0,21
2021-02-14,United Republic of Tanzania,AFRO,0,509,0,21
2021-02-15,United Republic of Tanzania,AFRO,0,509,0,21
2021-02-16,United Republic of Tanzania,AFRO,0,509,0,21
2021-02-17,United Republic of Tanzania,AFRO,0,509,0,21
2021-02-18,United Republic of Tanzania,AFRO,0,509,0,21
2021-02-19,United Republic of Tanzania,AFRO,0,509,0,21
2021-02-20,United Republic of Tanzania,AFRO,0,509,0,21
2021-02-21,United Republic of Tanzania,AFRO,0,509,0,21
2021-02-22,United Republic of Tanzania,AFRO,0,509,0,21
2021-02-23,United Republic of Tanzania,AFRO,0,509,0,21
2021-02-24,United Republic of Tanzania,AFRO,0,509,0,21
2021-02-25,United Republic of Tanzania,AFRO,0,509,0,21
2021-02-26,United Republic of Tanzania,AFRO,0,509,0,21
2021-02-27,United Republic of Tanzania,AFRO,0,509,0,21
2021-02-28,United Republic of Tanzania,AFRO,0,509,0,21
2021-03-01,United Republic of Tanzania,AFRO,0,509,0,21
2021-03-02,United Republic of Tanzania,AFRO,0,509,0,21
2021-03-03,United Republic of Tanzania,AFRO,0,509,0,21
2021-03-04,United Republic of Tanzania,AFRO,0,509,0,21
2021-03-05,United Republic of Tanzania,AFRO,0,509,0,21
2021-03-06,United Republic of Tanzania,AFRO,0,509,0,21
2021-03-07,United Republic of Tanzania,AFRO,0,509,0,21
2021-03-08,United Republic of Tanzania,AFRO,0,509,0,21
2021-03-09,United Republic of Tanzania,AFRO,0,509,0,21
2021-03-10,United Republic of Tanzania,AFRO,0,509,0,21
2021-03-11,United Republic of Tanzania,AFRO,0,509,0,21
2021-03-12,United Republic of Tanzania,AFRO,0,509,0,21
2021-03-13,United Republic of Tanzania,AFRO,0,509,0,21
2021-03-14,United Republic of Tanzania,AFRO,0,509,0,21
2021-03-15,United Republic of Tanzania,AFRO,0,509,0,21
2021-03-16,United Republic of Tanzania,AFRO,0,509,0,21
2021-03-17,United Republic of Tanzania,AFRO,0,509,0,21
2021-03-18,United Republic of Tanzania,AFRO,0,509,0,21
2021-03-19,United Republic of Tanzania,AFRO,0,509,0,21
2021-03-20,United Republic of Tanzania,AFRO,0,509,0,21
2021-03-21,United Republic of Tanzania,AFRO,0,509,0,21
2021-03-22,United Republic of Tanzania,AFRO,0,509,0,21
2021-03-23,United Republic of Tanzania,AFRO,0,509,0,21
2021-03-24,United Republic of Tanzania,AFRO,0,509,0,21
2021-03-25,United Republic of Tanzania,AFRO,0,509,0,21
2021-03-26,United Republic of Tanzania,AFRO,0,509,0,21
2021-03-27,United Republic of Tanzania,AFRO,0,509,0,21
2021-03-28,United Republic of Tanzania,AFRO,0,509,0,21
2021-03-29,United Republic of Tanzania,AFRO,0,509,0,21
2021-03-30,United Republic of Tanzania,AFRO,0,509,0,21
2021-03-31,United Republic of Tanzania,AFRO,0,509,0,21
2021-04-01,United Republic of Tanzania,AFRO,0,509,0,21
2021-04-02,United Republic of Tanzania,AFRO,0,509,0,21
2021-04-03,United Republic of Tanzania,AFRO,0,509,0,21
2021-04-04,United Republic of Tanzania,AFRO,0,509,0,21
2021-04-05,United Republic of Tanzania,AFRO,0,509,0,21
2021-04-06,United Republic of Tanzania,AFRO,0,509,0,21
2021-04-07,United Republic of Tanzania,AFRO,0,509,0,21
2021-04-08,United Republic of Tanzania,AFRO,0,509,0,21
2021-04-09,United Republic of Tanzania,AFRO,0,509,0,21
2021-04-10,United Republic of Tanzania,AFRO,0,509,0,21
2021-04-11,United Republic of Tanzania,AFRO,0,509,0,21
2021-04-12,United Republic of Tanzania,AFRO,0,509,0,21
2021-04-13,United Republic of Tanzania,AFRO,0,509,0,21
2021-04-14,United Republic of Tanzania,AFRO,0,509,0,21
2021-04-15,United Republic of Tanzania,AFRO,0,509,0,21
2021-04-16,United Republic of Tanzania,AFRO,0,509,0,21
2021-04-17,United Republic of Tanzania,AFRO,0,509,0,21
2021-04-18,United Republic of Tanzania,AFRO,0,509,0,21
2021-04-19,United Republic of Tanzania,AFRO,0,509,0,21
2021-04-20,United Republic of Tanzania,AFRO,0,509,0,21
2021-04-21,United Republic of Tanzania,AFRO,0,509,0,21
2021-04-22,United Republic of Tanzania,AFRO,0,509,0,21
2021-04-23,United Republic of Tanzania,AFRO,0,509,0,21
2021-04-24,United Republic of Tanzania,AFRO,0,509,0,21
2021-04-25,United Republic of Tanzania,AFRO,0,509,0,21
2021-04-26,United Republic of Tanzania,AFRO,0,509,0,21
2021-04-27,United Republic of Tanzania,AFRO,0,509,0,21
2021-04-28,United Republic of Tanzania,AFRO,0,509,0,21
2021-04-29,United Republic of Tanzania,AFRO,0,509,0,21
2021-04-30,United Republic of Tanzania,AFRO,0,509,0,21
2021-05-01,United Republic of Tanzania,AFRO,0,509,0,21
2021-05-02,United Republic of Tanzania,AFRO,0,509,0,21
2021-05-03,United Republic of Tanzania,AFRO,0,509,0,21
2021-05-04,United Republic of Tanzania,AFRO,0,509,0,21
2021-05-05,United Republic of Tanzania,AFRO,0,509,0,21
2021-05-06,United Republic of Tanzania,AFRO,0,509,0,21
2021-05-07,United Republic of Tanzania,AFRO,0,509,0,21
2021-05-08,United Republic of Tanzania,AFRO,0,509,0,21
2021-05-09,United Republic of Tanzania,AFRO,0,509,0,21
2021-05-10,United Republic of Tanzania,AFRO,0,509,0,21
2021-05-11,United Republic of Tanzania,AFRO,0,509,0,21
2021-05-12,United Republic of Tanzania,AFRO,0,509,0,21
2021-05-13,United Republic of Tanzania,AFRO,0,509,0,21
2021-05-14,United Republic of Tanzania,AFRO,0,509,0,21
2021-05-15,United Republic of Tanzania,AFRO,0,509,0,21
2021-05-16,United Republic of Tanzania,AFRO,0,509,0,21
2021-05-17,United Republic of Tanzania,AFRO,0,509,0,21
2021-05-18,United Republic of Tanzania,AFRO,0,509,0,21
2021-05-19,United Republic of Tanzania,AFRO,0,509,0,21
2021-05-20,United Republic of Tanzania,AFRO,0,509,0,21
2021-05-21,United Republic of Tanzania,AFRO,0,509,0,21
2021-05-22,United Republic of Tanzania,AFRO,0,509,0,21
2021-05-23,United Republic of Tanzania,AFRO,0,509,0,21
2021-05-24,United Republic of Tanzania,AFRO,0,509,0,21
2021-05-25,United Republic of Tanzania,AFRO,0,509,0,21
2021-05-26,United Republic of Tanzania,AFRO,0,509,0,21
2021-05-27,United Republic of Tanzania,AFRO,0,509,0,21
2021-05-28,United Republic of Tanzania,AFRO,0,509,0,21
2021-05-29,United Republic of Tanzania,AFRO,0,509,0,21
2021-05-30,United Republic of Tanzania,AFRO,0,509,0,21
2021-01-01,United States of America,AMRO,237337,19750668,3726,349124
2021-01-02,United States of America,AMRO,230749,19981417,3277,352401
2021-01-03,United States of America,AMRO,172805,20154222,2581,354982
2021-01-04,United States of America,AMRO,280226,20434448,2578,357560
2021-01-05,United States of America,AMRO,207617,20642065,1744,359304
2021-01-06,United States of America,AMRO,182342,20824407,2129,361433
2021-01-07,United States of America,AMRO,234989,21059396,3713,365146
2021-01-08,United States of America,AMRO,249893,21309289,3772,368918
2021-01-09,United States of America,AMRO,278047,21587336,4125,373043
2021-01-10,United States of America,AMRO,312247,21899583,3601,376644
2021-01-11,United States of America,AMRO,242706,22142289,3427,380071
2021-01-12,United States of America,AMRO,217568,22359857,2340,382411
2021-01-13,United States of America,AMRO,202149,22562006,2320,384731
2021-01-14,United States of America,AMRO,222108,22784114,4048,388779
2021-01-15,United States of America,AMRO,224827,23008941,4004,392783
2021-01-16,United States of America,AMRO,224744,23233685,3773,396556
2021-01-17,United States of America,AMRO,245914,23479599,3552,400108
2021-01-18,United States of America,AMRO,212299,23691898,3499,403607
2021-01-19,United States of America,AMRO,183737,23875635,2136,405743
2021-01-20,United States of America,AMRO,152372,24028007,2030,407773
2021-01-21,United States of America,AMRO,149551,24177558,2384,410157
2021-01-22,United States of America,AMRO,188128,24365686,4180,414337
2021-01-23,United States of America,AMRO,188609,24554295,3902,418239
2021-01-24,United States of America,AMRO,189131,24743426,3776,422015
2021-01-25,United States of America,AMRO,168956,24912382,3190,425205
2021-01-26,United States of America,AMRO,139791,25052173,2144,427349
2021-01-27,United States of America,AMRO,134873,25187046,2233,429582
2021-01-28,United States of America,AMRO,149329,25336375,3592,433174
2021-01-29,United States of America,AMRO,155950,25492325,3698,436872
2021-01-30,United States of America,AMRO,156221,25648546,3546,440418
2021-01-31,United States of America,AMRO,148456,25797002,3273,443691
2021-02-01,United States of America,AMRO,156826,25953828,2828,446519
2021-02-02,United States of America,AMRO,109424,26063252,2009,448528
2021-02-03,United States of America,AMRO,126530,26189782,1902,450430
2021-02-04,United States of America,AMRO,119657,26309439,3169,453599
2021-02-05,United States of America,AMRO,118677,26428116,3320,456919
2021-02-06,United States of America,AMRO,124853,26552969,4827,461746
2021-02-07,United States of America,AMRO,127221,26680190,3345,465091
2021-02-08,United States of America,AMRO,107773,26787963,2678,467769
2021-02-09,United States of America,AMRO,90525,26878488,1536,469305
2021-02-10,United States of America,AMRO,82328,26960816,1590,470895
2021-02-11,United States of America,AMRO,91671,27052487,2672,473567
2021-02-12,United States of America,AMRO,96084,27148571,3162,476729
2021-02-13,United States of America,AMRO,100571,27249142,3185,479914
2021-02-14,United States of America,AMRO,97779,27346921,5156,485070
2021-02-15,United States of America,AMRO,87963,27434884,3172,488242
2021-02-16,United States of America,AMRO,65813,27500697,1334,489576
2021-02-17,United States of America,AMRO,55128,27555825,1261,490837
2021-02-18,United States of America,AMRO,56692,27612517,1500,492337
2021-02-19,United States of America,AMRO,70074,27682591,2577,494914
2021-02-20,United States of America,AMRO,67806,27750397,2397,497311
2021-02-21,United States of America,AMRO,72906,27823303,2410,499721
2021-02-22,United States of America,AMRO,69631,27892934,2004,501725
2021-02-23,United States of America,AMRO,53992,27946926,1300,503025
2021-02-24,United States of America,AMRO,55864,28002790,1640,504665
2021-02-25,United States of America,AMRO,69267,28072057,1925,506590
2021-02-26,United States of America,AMRO,75437,28147494,2099,508689
2021-02-27,United States of America,AMRO,73453,28220947,2966,511655
2021-02-28,United States of America,AMRO,72996,28293943,1868,513523
2021-03-01,United States of America,AMRO,69545,28363488,1691,515214
2021-03-02,United States of America,AMRO,50194,28413682,898,516112
2021-03-03,United States of America,AMRO,51100,28464782,1309,517421
2021-03-04,United States of America,AMRO,55363,28520145,1873,519294
2021-03-05,United States of America,AMRO,64273,28584418,1612,520906
2021-03-06,United States of America,AMRO,65806,28650224,1551,522457
2021-03-07,United States of America,AMRO,65637,28715861,2000,524457
2021-03-08,United States of America,AMRO,57906,28773767,1478,525935
2021-03-09,United States of America,AMRO,42111,28815878,876,526811
2021-03-10,United States of America,AMRO,43161,28859039,928,527739
2021-03-11,United States of America,AMRO,53809,28912848,1369,529108
2021-03-12,United States of America,AMRO,60869,28973717,1347,530455
2021-03-13,United States of America,AMRO,60308,29034025,1324,531779
2021-03-14,United States of America,AMRO,62503,29096528,1222,533001
2021-03-15,United States of America,AMRO,52686,29149214,946,533947
2021-03-16,United States of America,AMRO,42393,29191607,588,534535
2021-03-17,United States of America,AMRO,45186,29236793,735,535270
2021-03-18,United States of America,AMRO,52164,29288957,939,536209
2021-03-19,United States of America,AMRO,57808,29346765,1004,537213
2021-03-20,United States of America,AMRO,58402,29405167,1343,538556
2021-03-21,United States of America,AMRO,61405,29466572,1359,539915
2021-03-22,United States of America,AMRO,60643,29527215,712,540627
2021-03-23,United States of America,AMRO,39024,29566239,451,541078
2021-03-24,United States of America,AMRO,55399,29621638,957,542035
2021-03-25,United States of America,AMRO,59983,29681621,729,542764
2021-03-26,United States of America,AMRO,65751,29747372,1091,543855
2021-03-27,United States of America,AMRO,67796,29815168,1237,545092
2021-03-28,United States of America,AMRO,71388,29886556,1170,546262
2021-03-29,United States of America,AMRO,63131,29949687,775,547037
2021-03-30,United States of America,AMRO,47266,29996953,516,547553
2021-03-31,United States of America,AMRO,61844,30058797,626,548179
2021-04-01,United States of America,AMRO,62561,30121358,763,548942
2021-04-02,United States of America,AMRO,69552,30190910,915,549857
2021-04-03,United States of America,AMRO,74707,30265617,815,550672
2021-04-04,United States of America,AMRO,64869,30330486,780,551452
2021-04-05,United States of America,AMRO,67736,30398222,722,552174
2021-04-06,United States of America,AMRO,41253,30439475,400,552574
2021-04-07,United States of America,AMRO,63035,30502510,335,552909
2021-04-08,United States of America,AMRO,61226,30563736,708,553617
2021-04-09,United States of America,AMRO,76069,30639805,772,554389
2021-04-10,United States of America,AMRO,76573,30716378,948,555337
2021-04-11,United States of America,AMRO,80567,30796945,930,556267
2021-04-12,United States of America,AMRO,68114,30865059,792,557059
2021-04-13,United States of America,AMRO,53594,30918653,341,557400
2021-04-14,United States of America,AMRO,57801,30976454,559,557959
2021-04-15,United States of America,AMRO,77231,31053685,746,558705
2021-04-16,United States of America,AMRO,74225,31127910,834,559539
2021-04-17,United States of America,AMRO,72382,31200292,907,560446
2021-04-18,United States of America,AMRO,75086,31275378,910,561356
2021-04-19,United States of America,AMRO,70121,31345499,709,562065
2021-04-20,United States of America,AMRO,53170,31398669,370,562435
2021-04-21,United States of America,AMRO,44409,31443078,443,562878
2021-04-22,United States of America,AMRO,59744,31502822,783,563661
2021-04-23,United States of America,AMRO,63523,31566345,860,564521
2021-04-24,United States of America,AMRO,65060,31631405,825,565346
2021-04-25,United States of America,AMRO,61884,31693289,838,566184
2021-04-26,United States of America,AMRO,56630,31749919,766,566950
2021-04-27,United States of America,AMRO,40961,31790880,307,567257
2021-04-28,United States of America,AMRO,28756,31819636,446,567703
2021-04-29,United States of America,AMRO,51594,31871230,618,568321
2021-04-30,United States of America,AMRO,54600,31925830,846,569167
2021-05-01,United States of America,AMRO,59748,31985578,858,570025
2021-05-02,United States of America,AMRO,53619,32039197,810,570835
2021-05-03,United States of America,AMRO,50396,32089593,765,571600
2021-05-04,United States of America,AMRO,37543,32127136,419,572019
2021-05-05,United States of America,AMRO,32382,32159518,435,572454
2021-05-06,United States of America,AMRO,44514,32204032,798,573252
2021-05-07,United States of America,AMRO,44855,32248887,715,573967
2021-05-08,United States of America,AMRO,44787,32293674,764,574731
2021-05-09,United States of America,AMRO,45192,32338866,790,575521
2021-05-10,United States of America,AMRO,38091,32376957,645,576166
2021-05-11,United States of America,AMRO,27426,32404383,278,576444
2021-05-12,United States of America,AMRO,22334,32426717,402,576846
2021-05-13,United States of America,AMRO,34676,32461393,666,577512
2021-05-14,United States of America,AMRO,35093,32496486,745,578257
2021-05-15,United States of America,AMRO,37587,32534073,727,578984
2021-05-16,United States of America,AMRO,40431,32574504,680,579664
2021-05-17,United States of America,AMRO,30732,32605236,502,580166
2021-05-18,United States of America,AMRO,17984,32623220,302,580468
2021-05-19,United States of America,AMRO,23942,32647162,515,580983
2021-05-20,United States of America,AMRO,29792,32676954,734,581717
2021-05-21,United States of America,AMRO,29296,32706250,629,582346
2021-05-22,United States of America,AMRO,28743,32734993,607,582953
2021-05-23,United States of America,AMRO,27921,32762914,743,583696
2021-05-24,United States of America,AMRO,21034,32783948,457,584153
2021-05-25,United States of America,AMRO,13925,32797873,547,584700
2021-05-26,United States of America,AMRO,22239,32820112,482,585182
2021-05-27,United States of America,AMRO,24435,32844547,588,585770
2021-05-28,United States of America,AMRO,24462,32869009,1120,586890
2021-05-29,United States of America,AMRO,22401,32891410,659,587549
2021-05-30,United States of America,AMRO,25091,32916501,743,588292
2021-01-01,United States Virgin Islands,AMRO,21,2031,0,23
2021-01-02,United States Virgin Islands,AMRO,5,2036,0,23
2021-01-03,United States Virgin Islands,AMRO,0,2036,0,23
2021-01-04,United States Virgin Islands,AMRO,5,2041,0,23
2021-01-05,United States Virgin Islands,AMRO,1,2042,0,23
2021-01-06,United States Virgin Islands,AMRO,13,2055,1,24
2021-01-07,United States Virgin Islands,AMRO,28,2083,0,24
2021-01-08,United States Virgin Islands,AMRO,23,2106,0,24
2021-01-09,United States Virgin Islands,AMRO,24,2130,0,24
2021-01-10,United States Virgin Islands,AMRO,13,2143,0,24
2021-01-11,United States Virgin Islands,AMRO,0,2143,0,24
2021-01-12,United States Virgin Islands,AMRO,0,2143,0,24
2021-01-13,United States Virgin Islands,AMRO,23,2166,0,24
2021-01-14,United States Virgin Islands,AMRO,14,2180,0,24
2021-01-15,United States Virgin Islands,AMRO,38,2218,0,24
2021-01-16,United States Virgin Islands,AMRO,0,2218,0,24
2021-01-17,United States Virgin Islands,AMRO,34,2252,0,24
2021-01-18,United States Virgin Islands,AMRO,8,2260,0,24
2021-01-19,United States Virgin Islands,AMRO,0,2260,0,24
2021-01-20,United States Virgin Islands,AMRO,0,2260,0,24
2021-01-21,United States Virgin Islands,AMRO,23,2283,0,24
2021-01-22,United States Virgin Islands,AMRO,22,2305,0,24
2021-01-23,United States Virgin Islands,AMRO,16,2321,0,24
2021-01-24,United States Virgin Islands,AMRO,14,2335,0,24
2021-01-25,United States Virgin Islands,AMRO,6,2341,0,24
2021-01-26,United States Virgin Islands,AMRO,0,2341,0,24
2021-01-27,United States Virgin Islands,AMRO,9,2350,0,24
2021-01-28,United States Virgin Islands,AMRO,23,2373,0,24
2021-01-29,United States Virgin Islands,AMRO,11,2384,0,24
2021-01-30,United States Virgin Islands,AMRO,14,2398,0,24
2021-01-31,United States Virgin Islands,AMRO,0,2398,0,24
2021-02-01,United States Virgin Islands,AMRO,23,2421,0,24
2021-02-02,United States Virgin Islands,AMRO,0,2421,0,24
2021-02-03,United States Virgin Islands,AMRO,5,2426,0,24
2021-02-04,United States Virgin Islands,AMRO,4,2430,0,24
2021-02-05,United States Virgin Islands,AMRO,10,2440,0,24
2021-02-06,United States Virgin Islands,AMRO,9,2449,0,24
2021-02-07,United States Virgin Islands,AMRO,0,2449,0,24
2021-02-08,United States Virgin Islands,AMRO,17,2466,0,24
2021-02-09,United States Virgin Islands,AMRO,0,2466,0,24
2021-02-10,United States Virgin Islands,AMRO,7,2473,0,24
2021-02-11,United States Virgin Islands,AMRO,12,2485,0,24
2021-02-12,United States Virgin Islands,AMRO,20,2505,1,25
2021-02-13,United States Virgin Islands,AMRO,19,2524,0,25
2021-02-14,United States Virgin Islands,AMRO,0,2524,0,25
2021-02-15,United States Virgin Islands,AMRO,0,2524,0,25
2021-02-16,United States Virgin Islands,AMRO,18,2542,0,25
2021-02-17,United States Virgin Islands,AMRO,0,2542,0,25
2021-02-18,United States Virgin Islands,AMRO,3,2545,0,25
2021-02-19,United States Virgin Islands,AMRO,13,2558,0,25
2021-02-20,United States Virgin Islands,AMRO,7,2565,0,25
2021-02-21,United States Virgin Islands,AMRO,10,2575,0,25
2021-02-22,United States Virgin Islands,AMRO,4,2579,0,25
2021-02-23,United States Virgin Islands,AMRO,0,2579,0,25
2021-02-24,United States Virgin Islands,AMRO,10,2589,0,25
2021-02-25,United States Virgin Islands,AMRO,24,2613,0,25
2021-02-26,United States Virgin Islands,AMRO,10,2623,0,25
2021-02-27,United States Virgin Islands,AMRO,13,2636,0,25
2021-02-28,United States Virgin Islands,AMRO,10,2646,0,25
2021-03-01,United States Virgin Islands,AMRO,0,2646,0,25
2021-03-02,United States Virgin Islands,AMRO,0,2646,0,25
2021-03-03,United States Virgin Islands,AMRO,24,2670,0,25
2021-03-04,United States Virgin Islands,AMRO,25,2695,0,25
2021-03-05,United States Virgin Islands,AMRO,9,2704,0,25
2021-03-06,United States Virgin Islands,AMRO,10,2714,0,25
2021-03-07,United States Virgin Islands,AMRO,0,2714,0,25
2021-03-08,United States Virgin Islands,AMRO,0,2714,0,25
2021-03-09,United States Virgin Islands,AMRO,0,2714,0,25
2021-03-10,United States Virgin Islands,AMRO,30,2744,0,25
2021-03-11,United States Virgin Islands,AMRO,11,2755,0,25
2021-03-12,United States Virgin Islands,AMRO,6,2761,0,25
2021-03-13,United States Virgin Islands,AMRO,0,2761,0,25
2021-03-14,United States Virgin Islands,AMRO,6,2767,0,25
2021-03-15,United States Virgin Islands,AMRO,0,2767,0,25
2021-03-16,United States Virgin Islands,AMRO,0,2767,0,25
2021-03-17,United States Virgin Islands,AMRO,0,2767,0,25
2021-03-18,United States Virgin Islands,AMRO,25,2792,0,25
2021-03-19,United States Virgin Islands,AMRO,6,2798,0,25
2021-03-20,United States Virgin Islands,AMRO,16,2814,0,25
2021-03-21,United States Virgin Islands,AMRO,0,2814,0,25
2021-03-22,United States Virgin Islands,AMRO,0,2814,0,25
2021-03-23,United States Virgin Islands,AMRO,10,2824,0,25
2021-03-24,United States Virgin Islands,AMRO,3,2827,0,25
2021-03-25,United States Virgin Islands,AMRO,50,2877,0,25
2021-03-26,United States Virgin Islands,AMRO,0,2877,0,25
2021-03-27,United States Virgin Islands,AMRO,11,2888,1,26
2021-03-28,United States Virgin Islands,AMRO,13,2901,0,26
2021-03-29,United States Virgin Islands,AMRO,6,2907,0,26
2021-03-30,United States Virgin Islands,AMRO,0,2907,0,26
2021-03-31,United States Virgin Islands,AMRO,0,2907,0,26
2021-04-01,United States Virgin Islands,AMRO,0,2907,0,26
2021-04-02,United States Virgin Islands,AMRO,0,2907,0,26
2021-04-03,United States Virgin Islands,AMRO,0,2907,0,26
2021-04-04,United States Virgin Islands,AMRO,24,2931,0,26
2021-04-05,United States Virgin Islands,AMRO,0,2931,0,26
2021-04-06,United States Virgin Islands,AMRO,8,2939,0,26
2021-04-07,United States Virgin Islands,AMRO,6,2945,0,26
2021-04-08,United States Virgin Islands,AMRO,0,2945,0,26
2021-04-09,United States Virgin Islands,AMRO,9,2954,0,26
2021-04-10,United States Virgin Islands,AMRO,17,2971,0,26
2021-04-11,United States Virgin Islands,AMRO,0,2971,0,26
2021-04-12,United States Virgin Islands,AMRO,0,2971,0,26
2021-04-13,United States Virgin Islands,AMRO,17,2988,0,26
2021-04-14,United States Virgin Islands,AMRO,17,3005,0,26
2021-04-15,United States Virgin Islands,AMRO,5,3010,0,26
2021-04-16,United States Virgin Islands,AMRO,12,3022,0,26
2021-04-17,United States Virgin Islands,AMRO,6,3028,0,26
2021-04-18,United States Virgin Islands,AMRO,0,3028,0,26
2021-04-19,United States Virgin Islands,AMRO,11,3039,1,27
2021-04-20,United States Virgin Islands,AMRO,2,3041,0,27
2021-04-21,United States Virgin Islands,AMRO,3,3044,0,27
2021-04-22,United States Virgin Islands,AMRO,10,3054,0,27
2021-04-23,United States Virgin Islands,AMRO,10,3064,0,27
2021-04-24,United States Virgin Islands,AMRO,4,3068,0,27
2021-04-25,United States Virgin Islands,AMRO,12,3080,0,27
2021-04-26,United States Virgin Islands,AMRO,0,3080,0,27
2021-04-27,United States Virgin Islands,AMRO,10,3090,0,27
2021-04-28,United States Virgin Islands,AMRO,3,3093,0,27
2021-04-29,United States Virgin Islands,AMRO,5,3098,0,27
2021-04-30,United States Virgin Islands,AMRO,12,3110,0,27
2021-05-01,United States Virgin Islands,AMRO,6,3116,0,27
2021-05-02,United States Virgin Islands,AMRO,9,3125,0,27
2021-05-03,United States Virgin Islands,AMRO,13,3138,0,27
2021-05-04,United States Virgin Islands,AMRO,4,3142,0,27
2021-05-05,United States Virgin Islands,AMRO,10,3152,0,27
2021-05-06,United States Virgin Islands,AMRO,26,3178,0,27
2021-05-07,United States Virgin Islands,AMRO,0,3178,0,27
2021-05-08,United States Virgin Islands,AMRO,32,3210,0,27
2021-05-09,United States Virgin Islands,AMRO,0,3210,0,27
2021-05-10,United States Virgin Islands,AMRO,0,3210,0,27
2021-05-11,United States Virgin Islands,AMRO,13,3223,0,27
2021-05-12,United States Virgin Islands,AMRO,10,3233,0,27
2021-05-13,United States Virgin Islands,AMRO,3,3236,0,27
2021-05-14,United States Virgin Islands,AMRO,20,3256,0,27
2021-05-15,United States Virgin Islands,AMRO,5,3261,0,27
2021-05-16,United States Virgin Islands,AMRO,6,3267,0,27
2021-05-17,United States Virgin Islands,AMRO,0,3267,0,27
2021-05-18,United States Virgin Islands,AMRO,3,3270,0,27
2021-05-19,United States Virgin Islands,AMRO,18,3288,0,27
2021-05-20,United States Virgin Islands,AMRO,2,3290,0,27
2021-05-21,United States Virgin Islands,AMRO,18,3308,0,27
2021-05-22,United States Virgin Islands,AMRO,14,3322,0,27
2021-05-23,United States Virgin Islands,AMRO,24,3346,0,27
2021-05-24,United States Virgin Islands,AMRO,7,3353,0,27
2021-05-25,United States Virgin Islands,AMRO,0,3353,0,27
2021-05-26,United States Virgin Islands,AMRO,30,3383,0,27
2021-05-27,United States Virgin Islands,AMRO,16,3399,0,27
2021-05-28,United States Virgin Islands,AMRO,26,3425,0,27
2021-05-29,United States Virgin Islands,AMRO,17,3442,0,27
2021-05-30,United States Virgin Islands,AMRO,23,3465,0,27
2021-01-01,Uruguay,AMRO,518,18480,6,174
2021-01-02,Uruguay,AMRO,639,19119,7,181
2021-01-03,Uruguay,AMRO,634,19753,12,193
2021-01-04,Uruguay,AMRO,522,20275,8,201
2021-01-05,Uruguay,AMRO,548,20823,3,204
2021-01-06,Uruguay,AMRO,603,21426,7,211
2021-01-07,Uruguay,AMRO,678,22104,6,217
2021-01-08,Uruguay,AMRO,944,23048,4,221
2021-01-09,Uruguay,AMRO,759,23807,10,231
2021-01-10,Uruguay,AMRO,532,24339,9,240
2021-01-11,Uruguay,AMRO,635,24974,8,248
2021-01-12,Uruguay,AMRO,1212,26186,8,256
2021-01-13,Uruguay,AMRO,715,26901,6,262
2021-01-14,Uruguay,AMRO,945,27846,7,269
2021-01-15,Uruguay,AMRO,629,28475,6,275
2021-01-16,Uruguay,AMRO,1514,29989,5,280
2021-01-17,Uruguay,AMRO,957,30946,11,291
2021-01-18,Uruguay,AMRO,723,31669,7,298
2021-01-19,Uruguay,AMRO,709,32378,13,311
2021-01-20,Uruguay,AMRO,485,32863,8,319
2021-01-21,Uruguay,AMRO,583,33446,11,330
2021-01-22,Uruguay,AMRO,848,34294,6,336
2021-01-23,Uruguay,AMRO,698,34992,11,347
2021-01-24,Uruguay,AMRO,1178,36170,17,364
2021-01-25,Uruguay,AMRO,797,36967,3,367
2021-01-26,Uruguay,AMRO,666,37633,9,376
2021-01-27,Uruguay,AMRO,408,38041,14,390
2021-01-28,Uruguay,AMRO,639,38680,11,401
2021-01-29,Uruguay,AMRO,648,39328,6,407
2021-01-30,Uruguay,AMRO,559,39887,8,415
2021-01-31,Uruguay,AMRO,642,40529,10,425
2021-02-01,Uruguay,AMRO,652,41181,6,431
2021-02-02,Uruguay,AMRO,557,41738,5,436
2021-02-03,Uruguay,AMRO,390,42128,8,444
2021-02-04,Uruguay,AMRO,539,42667,9,453
2021-02-05,Uruguay,AMRO,548,43215,11,464
2021-02-06,Uruguay,AMRO,589,43804,12,476
2021-02-07,Uruguay,AMRO,499,44303,2,478
2021-02-08,Uruguay,AMRO,509,44812,3,481
2021-02-09,Uruguay,AMRO,499,45311,9,490
2021-02-10,Uruguay,AMRO,339,45650,7,497
2021-02-11,Uruguay,AMRO,503,46153,9,506
2021-02-12,Uruguay,AMRO,625,46778,10,516
2021-02-13,Uruguay,AMRO,476,47254,8,524
2021-02-14,Uruguay,AMRO,574,47828,3,527
2021-02-15,Uruguay,AMRO,631,48459,6,533
2021-02-16,Uruguay,AMRO,450,48909,2,535
2021-02-17,Uruguay,AMRO,451,49360,6,541
2021-02-18,Uruguay,AMRO,365,49725,5,546
2021-02-19,Uruguay,AMRO,483,50208,7,553
2021-02-20,Uruguay,AMRO,544,50752,5,558
2021-02-21,Uruguay,AMRO,625,51377,5,563
2021-02-22,Uruguay,AMRO,786,52163,6,569
2021-02-23,Uruguay,AMRO,652,52815,5,574
2021-02-24,Uruguay,AMRO,495,53310,9,583
2021-02-25,Uruguay,AMRO,663,53973,5,588
2021-02-26,Uruguay,AMRO,901,54874,3,591
2021-02-27,Uruguay,AMRO,821,55695,4,595
2021-02-28,Uruguay,AMRO,847,56542,6,601
2021-03-01,Uruguay,AMRO,820,57362,2,603
2021-03-02,Uruguay,AMRO,632,57994,5,608
2021-03-03,Uruguay,AMRO,595,58589,3,611
2021-03-04,Uruguay,AMRO,582,59171,6,617
2021-03-05,Uruguay,AMRO,903,60074,7,624
2021-03-06,Uruguay,AMRO,871,60945,7,631
2021-03-07,Uruguay,AMRO,984,61929,6,637
2021-03-08,Uruguay,AMRO,1081,63010,8,645
2021-03-09,Uruguay,AMRO,827,63837,6,651
2021-03-10,Uruguay,AMRO,863,64700,7,658
2021-03-11,Uruguay,AMRO,827,65527,8,666
2021-03-12,Uruguay,AMRO,957,66484,12,678
2021-03-13,Uruguay,AMRO,1233,67717,5,683
2021-03-14,Uruguay,AMRO,1357,69074,6,689
2021-03-15,Uruguay,AMRO,1059,70133,9,698
2021-03-16,Uruguay,AMRO,1558,71691,14,712
2021-03-17,Uruguay,AMRO,1171,72862,5,717
2021-03-18,Uruguay,AMRO,908,73770,8,725
2021-03-19,Uruguay,AMRO,1368,75138,15,740
2021-03-20,Uruguay,AMRO,1678,76816,9,749
2021-03-21,Uruguay,AMRO,1585,78401,11,760
2021-03-22,Uruguay,AMRO,1522,79923,16,776
2021-03-23,Uruguay,AMRO,1614,81537,16,792
2021-03-24,Uruguay,AMRO,2675,84212,19,811
2021-03-25,Uruguay,AMRO,1795,86007,16,827
2021-03-26,Uruguay,AMRO,1805,87812,16,843
2021-03-27,Uruguay,AMRO,1646,89458,13,856
2021-03-28,Uruguay,AMRO,2885,92343,19,875
2021-03-29,Uruguay,AMRO,2935,95278,26,901
2021-03-30,Uruguay,AMRO,2128,97406,14,915
2021-03-31,Uruguay,AMRO,2178,99584,13,928
2021-04-01,Uruguay,AMRO,2877,102461,25,953
2021-04-02,Uruguay,AMRO,3088,105549,21,974
2021-04-03,Uruguay,AMRO,2639,108188,35,1009
2021-04-04,Uruguay,AMRO,3380,111568,32,1041
2021-04-05,Uruguay,AMRO,2336,113904,30,1071
2021-04-06,Uruguay,AMRO,3853,117757,30,1101
2021-04-07,Uruguay,AMRO,2201,119958,45,1146
2021-04-08,Uruguay,AMRO,3105,123063,45,1191
2021-04-09,Uruguay,AMRO,3924,126987,40,1231
2021-04-10,Uruguay,AMRO,3670,130657,44,1275
2021-04-11,Uruguay,AMRO,7289,137946,88,1363
2021-04-12,Uruguay,AMRO,3434,141380,51,1414
2021-04-13,Uruguay,AMRO,3262,144642,48,1462
2021-04-14,Uruguay,AMRO,2531,147173,71,1533
2021-04-15,Uruguay,AMRO,2257,149430,62,1595
2021-04-16,Uruguay,AMRO,2659,152089,51,1646
2021-04-17,Uruguay,AMRO,4410,156499,80,1726
2021-04-18,Uruguay,AMRO,3070,159569,62,1788
2021-04-19,Uruguay,AMRO,2831,162400,60,1848
2021-04-20,Uruguay,AMRO,2344,164744,60,1908
2021-04-21,Uruguay,AMRO,2289,167033,63,1971
2021-04-22,Uruguay,AMRO,2294,169327,51,2022
2021-04-23,Uruguay,AMRO,3274,172601,61,2083
2021-04-24,Uruguay,AMRO,3290,175891,77,2160
2021-04-25,Uruguay,AMRO,3646,179537,67,2227
2021-04-26,Uruguay,AMRO,2789,182326,56,2283
2021-04-27,Uruguay,AMRO,2539,184865,43,2326
2021-04-28,Uruguay,AMRO,2484,187349,65,2391
2021-04-29,Uruguay,AMRO,2747,190096,61,2452
2021-04-30,Uruguay,AMRO,2931,193027,45,2497
2021-05-01,Uruguay,AMRO,2707,195734,66,2563
2021-05-02,Uruguay,AMRO,2694,198428,53,2616
2021-05-03,Uruguay,AMRO,2480,200908,53,2669
2021-05-04,Uruguay,AMRO,1584,202492,55,2724
2021-05-05,Uruguay,AMRO,1628,204120,72,2796
2021-05-06,Uruguay,AMRO,2826,206946,65,2861
2021-05-07,Uruguay,AMRO,2921,209867,57,2918
2021-05-08,Uruguay,AMRO,3582,213449,54,2972
2021-05-09,Uruguay,AMRO,2697,216146,60,3032
2021-05-10,Uruguay,AMRO,2654,218800,50,3082
2021-05-11,Uruguay,AMRO,1883,220683,40,3122
2021-05-12,Uruguay,AMRO,2187,222870,49,3171
2021-05-13,Uruguay,AMRO,2977,225847,37,3208
2021-05-14,Uruguay,AMRO,2255,228102,44,3252
2021-05-15,Uruguay,AMRO,3799,231901,66,3318
2021-05-16,Uruguay,AMRO,3305,235206,51,3369
2021-05-17,Uruguay,AMRO,2873,238079,50,3419
2021-05-18,Uruguay,AMRO,2433,240512,40,3459
2021-05-19,Uruguay,AMRO,2394,242906,62,3521
2021-05-20,Uruguay,AMRO,3120,246026,57,3578
2021-05-21,Uruguay,AMRO,3339,249365,60,3638
2021-05-22,Uruguay,AMRO,4576,253941,53,3691
2021-05-23,Uruguay,AMRO,4599,258540,69,3760
2021-05-24,Uruguay,AMRO,3469,262009,51,3811
2021-05-25,Uruguay,AMRO,3089,265098,60,3871
2021-05-26,Uruguay,AMRO,2790,267888,51,3922
2021-05-27,Uruguay,AMRO,3971,271859,51,3973
2021-05-28,Uruguay,AMRO,4576,276435,49,4022
2021-05-29,Uruguay,AMRO,3937,280372,44,4066
2021-05-30,Uruguay,AMRO,1826,282198,52,4118
2021-01-01,Uzbekistan,EURO,66,77126,0,614
2021-01-02,Uzbekistan,EURO,56,77182,0,614
2021-01-03,Uzbekistan,EURO,56,77238,0,614
2021-01-04,Uzbekistan,EURO,20,77258,0,614
2021-01-05,Uzbekistan,EURO,37,77295,0,614
2021-01-06,Uzbekistan,EURO,55,77350,1,615
2021-01-07,Uzbekistan,EURO,62,77412,0,615
2021-01-08,Uzbekistan,EURO,73,77485,1,616
2021-01-09,Uzbekistan,EURO,45,77530,0,616
2021-01-10,Uzbekistan,EURO,42,77572,1,617
2021-01-11,Uzbekistan,EURO,39,77611,0,617
2021-01-12,Uzbekistan,EURO,52,77663,0,617
2021-01-13,Uzbekistan,EURO,53,77716,1,618
2021-01-14,Uzbekistan,EURO,61,77777,0,618
2021-01-15,Uzbekistan,EURO,68,77845,1,619
2021-01-16,Uzbekistan,EURO,59,77904,0,619
2021-01-17,Uzbekistan,EURO,64,77968,0,619
2021-01-18,Uzbekistan,EURO,68,78036,0,619
2021-01-19,Uzbekistan,EURO,55,78091,1,620
2021-01-20,Uzbekistan,EURO,72,78163,0,620
2021-01-21,Uzbekistan,EURO,56,78219,0,620
2021-01-22,Uzbekistan,EURO,53,78272,0,620
2021-01-23,Uzbekistan,EURO,45,78317,1,621
2021-01-24,Uzbekistan,EURO,58,78375,0,621
2021-01-25,Uzbekistan,EURO,54,78429,0,621
2021-01-26,Uzbekistan,EURO,42,78471,0,621
2021-01-27,Uzbekistan,EURO,39,78510,0,621
2021-01-28,Uzbekistan,EURO,46,78556,0,621
2021-01-29,Uzbekistan,EURO,46,78602,0,621
2021-01-30,Uzbekistan,EURO,70,78672,0,621
2021-01-31,Uzbekistan,EURO,39,78711,0,621
2021-02-01,Uzbekistan,EURO,44,78755,0,621
2021-02-02,Uzbekistan,EURO,46,78801,0,621
2021-02-03,Uzbekistan,EURO,58,78859,0,621
2021-02-04,Uzbekistan,EURO,57,78916,0,621
2021-02-05,Uzbekistan,EURO,73,78989,0,621
2021-02-06,Uzbekistan,EURO,56,79045,0,621
2021-02-07,Uzbekistan,EURO,53,79098,0,621
2021-02-08,Uzbekistan,EURO,64,79162,0,621
2021-02-09,Uzbekistan,EURO,42,79204,0,621
2021-02-10,Uzbekistan,EURO,33,79237,0,621
2021-02-11,Uzbekistan,EURO,66,79303,1,622
2021-02-12,Uzbekistan,EURO,37,79340,0,622
2021-02-13,Uzbekistan,EURO,41,79381,0,622
2021-02-14,Uzbekistan,EURO,35,79416,0,622
2021-02-15,Uzbekistan,EURO,26,79442,0,622
2021-02-16,Uzbekistan,EURO,19,79461,0,622
2021-02-17,Uzbekistan,EURO,36,79497,0,622
2021-02-18,Uzbekistan,EURO,51,79548,0,622
2021-02-19,Uzbekistan,EURO,50,79598,0,622
2021-02-20,Uzbekistan,EURO,34,79632,0,622
2021-02-21,Uzbekistan,EURO,22,79654,0,622
2021-02-22,Uzbekistan,EURO,27,79681,0,622
2021-02-23,Uzbekistan,EURO,36,79717,0,622
2021-02-24,Uzbekistan,EURO,32,79749,0,622
2021-02-25,Uzbekistan,EURO,24,79773,0,622
2021-02-26,Uzbekistan,EURO,31,79804,0,622
2021-02-27,Uzbekistan,EURO,32,79836,0,622
2021-02-28,Uzbekistan,EURO,50,79886,0,622
2021-03-01,Uzbekistan,EURO,40,79926,0,622
2021-03-02,Uzbekistan,EURO,35,79961,0,622
2021-03-03,Uzbekistan,EURO,45,80006,0,622
2021-03-04,Uzbekistan,EURO,29,80035,0,622
2021-03-05,Uzbekistan,EURO,46,80081,0,622
2021-03-06,Uzbekistan,EURO,44,80125,0,622
2021-03-07,Uzbekistan,EURO,51,80176,0,622
2021-03-08,Uzbekistan,EURO,43,80219,0,622
2021-03-09,Uzbekistan,EURO,28,80247,0,622
2021-03-10,Uzbekistan,EURO,21,80268,0,622
2021-03-11,Uzbekistan,EURO,79,80347,0,622
2021-03-12,Uzbekistan,EURO,45,80392,0,622
2021-03-13,Uzbekistan,EURO,89,80481,0,622
2021-03-14,Uzbekistan,EURO,86,80567,0,622
2021-03-15,Uzbekistan,EURO,111,80678,0,622
2021-03-16,Uzbekistan,EURO,65,80743,0,622
2021-03-17,Uzbekistan,EURO,115,80858,0,622
2021-03-18,Uzbekistan,EURO,113,80971,0,622
2021-03-19,Uzbekistan,EURO,124,81095,0,622
2021-03-20,Uzbekistan,EURO,126,81221,0,622
2021-03-21,Uzbekistan,EURO,118,81339,0,622
2021-03-22,Uzbekistan,EURO,107,81446,0,622
2021-03-23,Uzbekistan,EURO,113,81559,0,622
2021-03-24,Uzbekistan,EURO,119,81678,1,623
2021-03-25,Uzbekistan,EURO,138,81816,1,624
2021-03-26,Uzbekistan,EURO,144,81960,0,624
2021-03-27,Uzbekistan,EURO,186,82146,1,625
2021-03-28,Uzbekistan,EURO,194,82340,1,626
2021-03-29,Uzbekistan,EURO,196,82536,0,626
2021-03-30,Uzbekistan,EURO,146,82682,2,628
2021-03-31,Uzbekistan,EURO,187,82869,1,629
2021-04-01,Uzbekistan,EURO,181,83050,1,630
2021-04-02,Uzbekistan,EURO,189,83239,0,630
2021-04-03,Uzbekistan,EURO,196,83435,0,630
2021-04-04,Uzbekistan,EURO,188,83623,1,631
2021-04-05,Uzbekistan,EURO,179,83802,0,631
2021-04-06,Uzbekistan,EURO,133,83935,1,632
2021-04-07,Uzbekistan,EURO,192,84127,1,633
2021-04-08,Uzbekistan,EURO,195,84322,1,634
2021-04-09,Uzbekistan,EURO,207,84529,0,634
2021-04-10,Uzbekistan,EURO,195,84724,0,634
2021-04-11,Uzbekistan,EURO,198,84922,0,634
2021-04-12,Uzbekistan,EURO,192,85114,0,634
2021-04-13,Uzbekistan,EURO,177,85291,0,634
2021-04-14,Uzbekistan,EURO,212,85503,0,634
2021-04-15,Uzbekistan,EURO,227,85730,0,634
2021-04-16,Uzbekistan,EURO,292,86022,1,635
2021-04-17,Uzbekistan,EURO,316,86338,0,635
2021-04-18,Uzbekistan,EURO,342,86680,2,637
2021-04-19,Uzbekistan,EURO,302,86982,1,638
2021-04-20,Uzbekistan,EURO,243,87225,1,639
2021-04-21,Uzbekistan,EURO,326,87551,1,640
2021-04-22,Uzbekistan,EURO,384,87935,0,640
2021-04-23,Uzbekistan,EURO,345,88280,1,641
2021-04-24,Uzbekistan,EURO,399,88679,1,642
2021-04-25,Uzbekistan,EURO,348,89027,1,643
2021-04-26,Uzbekistan,EURO,328,89355,2,645
2021-04-27,Uzbekistan,EURO,275,89630,1,646
2021-04-28,Uzbekistan,EURO,378,90008,0,646
2021-04-29,Uzbekistan,EURO,398,90406,1,647
2021-04-30,Uzbekistan,EURO,402,90808,2,649
2021-05-01,Uzbekistan,EURO,442,91250,1,650
2021-05-02,Uzbekistan,EURO,393,91643,2,652
2021-05-03,Uzbekistan,EURO,363,92006,1,653
2021-05-04,Uzbekistan,EURO,314,92320,2,655
2021-05-05,Uzbekistan,EURO,404,92724,0,655
2021-05-06,Uzbekistan,EURO,452,93176,2,657
2021-05-07,Uzbekistan,EURO,421,93597,3,660
2021-05-08,Uzbekistan,EURO,381,93978,2,662
2021-05-09,Uzbekistan,EURO,419,94397,0,662
2021-05-10,Uzbekistan,EURO,362,94759,0,662
2021-05-11,Uzbekistan,EURO,313,95072,2,664
2021-05-12,Uzbekistan,EURO,395,95467,2,666
2021-05-13,Uzbekistan,EURO,359,95826,1,667
2021-05-14,Uzbekistan,EURO,291,96117,0,667
2021-05-15,Uzbekistan,EURO,251,96368,0,667
2021-05-16,Uzbekistan,EURO,302,96670,1,668
2021-05-17,Uzbekistan,EURO,223,96893,2,670
2021-05-18,Uzbekistan,EURO,175,97068,2,672
2021-05-19,Uzbekistan,EURO,212,97280,2,674
2021-05-20,Uzbekistan,EURO,263,97543,2,676
2021-05-21,Uzbekistan,EURO,313,97856,2,678
2021-05-22,Uzbekistan,EURO,308,98164,2,680
2021-05-23,Uzbekistan,EURO,287,98451,0,680
2021-05-24,Uzbekistan,EURO,206,98657,0,680
2021-05-25,Uzbekistan,EURO,192,98849,2,682
2021-05-26,Uzbekistan,EURO,215,99064,2,684
2021-05-27,Uzbekistan,EURO,280,99344,1,685
2021-05-28,Uzbekistan,EURO,236,99580,2,687
2021-05-29,Uzbekistan,EURO,264,99844,1,688
2021-05-30,Uzbekistan,EURO,280,100124,2,690
2021-01-01,Vanuatu,WPRO,0,1,0,0
2021-01-02,Vanuatu,WPRO,0,1,0,0
2021-01-03,Vanuatu,WPRO,0,1,0,0
2021-01-04,Vanuatu,WPRO,0,1,0,0
2021-01-05,Vanuatu,WPRO,0,1,0,0
2021-01-06,Vanuatu,WPRO,0,1,0,0
2021-01-07,Vanuatu,WPRO,0,1,0,0
2021-01-08,Vanuatu,WPRO,0,1,0,0
2021-01-09,Vanuatu,WPRO,0,1,0,0
2021-01-10,Vanuatu,WPRO,0,1,0,0
2021-01-11,Vanuatu,WPRO,0,1,0,0
2021-01-12,Vanuatu,WPRO,0,1,0,0
2021-01-13,Vanuatu,WPRO,0,1,0,0
2021-01-14,Vanuatu,WPRO,0,1,0,0
2021-01-15,Vanuatu,WPRO,0,1,0,0
2021-01-16,Vanuatu,WPRO,0,1,0,0
2021-01-17,Vanuatu,WPRO,0,1,0,0
2021-01-18,Vanuatu,WPRO,0,1,0,0
2021-01-19,Vanuatu,WPRO,0,1,0,0
2021-01-20,Vanuatu,WPRO,0,1,0,0
2021-01-21,Vanuatu,WPRO,0,1,0,0
2021-01-22,Vanuatu,WPRO,0,1,0,0
2021-01-23,Vanuatu,WPRO,0,1,0,0
2021-01-24,Vanuatu,WPRO,0,1,0,0
2021-01-25,Vanuatu,WPRO,0,1,0,0
2021-01-26,Vanuatu,WPRO,0,1,0,0
2021-01-27,Vanuatu,WPRO,0,1,0,0
2021-01-28,Vanuatu,WPRO,0,1,0,0
2021-01-29,Vanuatu,WPRO,0,1,0,0
2021-01-30,Vanuatu,WPRO,0,1,0,0
2021-01-31,Vanuatu,WPRO,0,1,0,0
2021-02-01,Vanuatu,WPRO,0,1,0,0
2021-02-02,Vanuatu,WPRO,0,1,0,0
2021-02-03,Vanuatu,WPRO,0,1,0,0
2021-02-04,Vanuatu,WPRO,0,1,0,0
2021-02-05,Vanuatu,WPRO,0,1,0,0
2021-02-06,Vanuatu,WPRO,0,1,0,0
2021-02-07,Vanuatu,WPRO,0,1,0,0
2021-02-08,Vanuatu,WPRO,0,1,0,0
2021-02-09,Vanuatu,WPRO,0,1,0,0
2021-02-10,Vanuatu,WPRO,0,1,0,0
2021-02-11,Vanuatu,WPRO,0,1,0,0
2021-02-12,Vanuatu,WPRO,0,1,0,0
2021-02-13,Vanuatu,WPRO,0,1,0,0
2021-02-14,Vanuatu,WPRO,0,1,0,0
2021-02-15,Vanuatu,WPRO,0,1,0,0
2021-02-16,Vanuatu,WPRO,0,1,0,0
2021-02-17,Vanuatu,WPRO,0,1,0,0
2021-02-18,Vanuatu,WPRO,0,1,0,0
2021-02-19,Vanuatu,WPRO,0,1,0,0
2021-02-20,Vanuatu,WPRO,0,1,0,0
2021-02-21,Vanuatu,WPRO,0,1,0,0
2021-02-22,Vanuatu,WPRO,0,1,0,0
2021-02-23,Vanuatu,WPRO,0,1,0,0
2021-02-24,Vanuatu,WPRO,0,1,0,0
2021-02-25,Vanuatu,WPRO,0,1,0,0
2021-02-26,Vanuatu,WPRO,0,1,0,0
2021-02-27,Vanuatu,WPRO,0,1,0,0
2021-02-28,Vanuatu,WPRO,0,1,0,0
2021-03-01,Vanuatu,WPRO,0,1,0,0
2021-03-02,Vanuatu,WPRO,0,1,0,0
2021-03-03,Vanuatu,WPRO,0,1,0,0
2021-03-04,Vanuatu,WPRO,0,1,0,0
2021-03-05,Vanuatu,WPRO,0,1,0,0
2021-03-06,Vanuatu,WPRO,0,1,0,0
2021-03-07,Vanuatu,WPRO,0,1,0,0
2021-03-08,Vanuatu,WPRO,2,3,0,0
2021-03-09,Vanuatu,WPRO,0,3,0,0
2021-03-10,Vanuatu,WPRO,0,3,0,0
2021-03-11,Vanuatu,WPRO,0,3,0,0
2021-03-12,Vanuatu,WPRO,0,3,0,0
2021-03-13,Vanuatu,WPRO,0,3,0,0
2021-03-14,Vanuatu,WPRO,0,3,0,0
2021-03-15,Vanuatu,WPRO,0,3,0,0
2021-03-16,Vanuatu,WPRO,0,3,0,0
2021-03-17,Vanuatu,WPRO,0,3,0,0
2021-03-18,Vanuatu,WPRO,0,3,0,0
2021-03-19,Vanuatu,WPRO,0,3,0,0
2021-03-20,Vanuatu,WPRO,0,3,0,0
2021-03-21,Vanuatu,WPRO,0,3,0,0
2021-03-22,Vanuatu,WPRO,0,3,0,0
2021-03-23,Vanuatu,WPRO,0,3,0,0
2021-03-24,Vanuatu,WPRO,0,3,0,0
2021-03-25,Vanuatu,WPRO,0,3,0,0
2021-03-26,Vanuatu,WPRO,0,3,0,0
2021-03-27,Vanuatu,WPRO,0,3,0,0
2021-03-28,Vanuatu,WPRO,0,3,0,0
2021-03-29,Vanuatu,WPRO,0,3,0,0
2021-03-30,Vanuatu,WPRO,0,3,0,0
2021-03-31,Vanuatu,WPRO,0,3,0,0
2021-04-01,Vanuatu,WPRO,0,3,0,0
2021-04-02,Vanuatu,WPRO,0,3,0,0
2021-04-03,Vanuatu,WPRO,0,3,0,0
2021-04-04,Vanuatu,WPRO,0,3,0,0
2021-04-05,Vanuatu,WPRO,0,3,0,0
2021-04-06,Vanuatu,WPRO,0,3,0,0
2021-04-07,Vanuatu,WPRO,0,3,0,0
2021-04-08,Vanuatu,WPRO,0,3,0,0
2021-04-09,Vanuatu,WPRO,0,3,0,0
2021-04-10,Vanuatu,WPRO,0,3,0,0
2021-04-11,Vanuatu,WPRO,0,3,0,0
2021-04-12,Vanuatu,WPRO,0,3,0,0
2021-04-13,Vanuatu,WPRO,0,3,0,0
2021-04-14,Vanuatu,WPRO,0,3,0,0
2021-04-15,Vanuatu,WPRO,0,3,0,0
2021-04-16,Vanuatu,WPRO,0,3,0,0
2021-04-17,Vanuatu,WPRO,0,3,0,0
2021-04-18,Vanuatu,WPRO,0,3,0,0
2021-04-19,Vanuatu,WPRO,0,3,0,0
2021-04-20,Vanuatu,WPRO,0,3,0,0
2021-04-21,Vanuatu,WPRO,0,3,0,0
2021-04-22,Vanuatu,WPRO,0,3,0,0
2021-04-23,Vanuatu,WPRO,0,3,0,0
2021-04-24,Vanuatu,WPRO,0,3,0,0
2021-04-25,Vanuatu,WPRO,0,3,0,0
2021-04-26,Vanuatu,WPRO,0,3,0,0
2021-04-27,Vanuatu,WPRO,0,3,0,0
2021-04-28,Vanuatu,WPRO,0,3,0,0
2021-04-29,Vanuatu,WPRO,0,3,0,0
2021-04-30,Vanuatu,WPRO,0,3,0,0
2021-05-01,Vanuatu,WPRO,0,3,0,0
2021-05-02,Vanuatu,WPRO,0,3,0,0
2021-05-03,Vanuatu,WPRO,0,3,0,0
2021-05-04,Vanuatu,WPRO,0,3,0,0
2021-05-05,Vanuatu,WPRO,0,3,0,0
2021-05-06,Vanuatu,WPRO,0,3,0,0
2021-05-07,Vanuatu,WPRO,0,3,0,0
2021-05-08,Vanuatu,WPRO,0,3,0,0
2021-05-09,Vanuatu,WPRO,0,3,0,0
2021-05-10,Vanuatu,WPRO,0,3,0,0
2021-05-11,Vanuatu,WPRO,0,3,0,0
2021-05-12,Vanuatu,WPRO,0,3,0,0
2021-05-13,Vanuatu,WPRO,0,3,0,0
2021-05-14,Vanuatu,WPRO,0,3,0,0
2021-05-15,Vanuatu,WPRO,0,3,0,0
2021-05-16,Vanuatu,WPRO,0,3,0,0
2021-05-17,Vanuatu,WPRO,0,3,0,0
2021-05-18,Vanuatu,WPRO,0,3,0,0
2021-05-19,Vanuatu,WPRO,0,3,0,0
2021-05-20,Vanuatu,WPRO,0,3,0,0
2021-05-21,Vanuatu,WPRO,0,3,0,0
2021-05-22,Vanuatu,WPRO,0,3,0,0
2021-05-23,Vanuatu,WPRO,0,3,0,0
2021-05-24,Vanuatu,WPRO,0,3,0,0
2021-05-25,Vanuatu,WPRO,0,3,0,0
2021-05-26,Vanuatu,WPRO,0,3,0,0
2021-05-27,Vanuatu,WPRO,0,3,0,0
2021-05-28,Vanuatu,WPRO,0,3,0,0
2021-05-29,Vanuatu,WPRO,0,3,0,0
2021-05-30,Vanuatu,WPRO,0,3,0,0
2021-01-01,Venezuela (Bolivarian Republic of),AMRO,260,113121,4,1025
2021-01-02,Venezuela (Bolivarian Republic of),AMRO,441,113562,3,1028
2021-01-03,Venezuela (Bolivarian Republic of),AMRO,0,113562,0,1028
2021-01-04,Venezuela (Bolivarian Republic of),AMRO,521,114083,4,1032
2021-01-05,Venezuela (Bolivarian Republic of),AMRO,147,114230,2,1034
2021-01-06,Venezuela (Bolivarian Republic of),AMRO,177,114407,4,1038
2021-01-07,Venezuela (Bolivarian Republic of),AMRO,255,114662,4,1042
2021-01-08,Venezuela (Bolivarian Republic of),AMRO,246,114908,5,1047
2021-01-09,Venezuela (Bolivarian Republic of),AMRO,414,115322,5,1052
2021-01-10,Venezuela (Bolivarian Republic of),AMRO,345,115667,4,1056
2021-01-11,Venezuela (Bolivarian Republic of),AMRO,505,116172,5,1061
2021-01-12,Venezuela (Bolivarian Republic of),AMRO,438,116610,6,1067
2021-01-13,Venezuela (Bolivarian Republic of),AMRO,373,116983,6,1073
2021-01-14,Venezuela (Bolivarian Republic of),AMRO,316,117299,5,1078
2021-01-15,Venezuela (Bolivarian Republic of),AMRO,512,117811,6,1084
2021-01-16,Venezuela (Bolivarian Republic of),AMRO,604,118415,6,1090
2021-01-17,Venezuela (Bolivarian Republic of),AMRO,441,118856,5,1095
2021-01-18,Venezuela (Bolivarian Republic of),AMRO,450,119306,6,1101
2021-01-19,Venezuela (Bolivarian Republic of),AMRO,497,119803,5,1106
2021-01-20,Venezuela (Bolivarian Republic of),AMRO,641,120444,6,1112
2021-01-21,Venezuela (Bolivarian Republic of),AMRO,673,121117,4,1116
2021-01-22,Venezuela (Bolivarian Republic of),AMRO,574,121691,6,1122
2021-01-23,Venezuela (Bolivarian Republic of),AMRO,569,122260,7,1129
2021-01-24,Venezuela (Bolivarian Republic of),AMRO,535,122795,7,1136
2021-01-25,Venezuela (Bolivarian Republic of),AMRO,450,123245,6,1142
2021-01-26,Venezuela (Bolivarian Republic of),AMRO,464,123709,6,1148
2021-01-27,Venezuela (Bolivarian Republic of),AMRO,403,124112,6,1154
2021-01-28,Venezuela (Bolivarian Republic of),AMRO,413,124525,5,1159
2021-01-29,Venezuela (Bolivarian Republic of),AMRO,433,124958,6,1165
2021-01-30,Venezuela (Bolivarian Republic of),AMRO,406,125364,6,1171
2021-01-31,Venezuela (Bolivarian Republic of),AMRO,412,125776,6,1177
2021-02-01,Venezuela (Bolivarian Republic of),AMRO,547,126323,6,1183
2021-02-02,Venezuela (Bolivarian Republic of),AMRO,604,126927,6,1189
2021-02-03,Venezuela (Bolivarian Republic of),AMRO,419,127346,7,1196
2021-02-04,Venezuela (Bolivarian Republic of),AMRO,406,127752,6,1202
2021-02-05,Venezuela (Bolivarian Republic of),AMRO,563,128315,7,1209
2021-02-06,Venezuela (Bolivarian Republic of),AMRO,460,128775,7,1216
2021-02-07,Venezuela (Bolivarian Republic of),AMRO,456,129231,7,1223
2021-02-08,Venezuela (Bolivarian Republic of),AMRO,412,129643,5,1228
2021-02-09,Venezuela (Bolivarian Republic of),AMRO,473,130116,5,1233
2021-02-10,Venezuela (Bolivarian Republic of),AMRO,480,130596,7,1240
2021-02-11,Venezuela (Bolivarian Republic of),AMRO,500,131096,7,1247
2021-02-12,Venezuela (Bolivarian Republic of),AMRO,380,131476,6,1253
2021-02-13,Venezuela (Bolivarian Republic of),AMRO,352,131828,7,1260
2021-02-14,Venezuela (Bolivarian Republic of),AMRO,431,132259,7,1267
2021-02-15,Venezuela (Bolivarian Republic of),AMRO,484,132743,6,1273
2021-02-16,Venezuela (Bolivarian Republic of),AMRO,475,133218,6,1279
2021-02-17,Venezuela (Bolivarian Republic of),AMRO,359,133577,6,1285
2021-02-18,Venezuela (Bolivarian Republic of),AMRO,350,133927,7,1292
2021-02-19,Venezuela (Bolivarian Republic of),AMRO,392,134319,5,1297
2021-02-20,Venezuela (Bolivarian Republic of),AMRO,462,134781,6,1303
2021-02-21,Venezuela (Bolivarian Republic of),AMRO,333,135114,5,1308
2021-02-22,Venezuela (Bolivarian Republic of),AMRO,489,135603,4,1312
2021-02-23,Venezuela (Bolivarian Republic of),AMRO,465,136068,4,1316
2021-02-24,Venezuela (Bolivarian Republic of),AMRO,477,136545,4,1320
2021-02-25,Venezuela (Bolivarian Republic of),AMRO,441,136986,5,1325
2021-02-26,Venezuela (Bolivarian Republic of),AMRO,459,137445,6,1331
2021-02-27,Venezuela (Bolivarian Republic of),AMRO,426,137871,3,1334
2021-02-28,Venezuela (Bolivarian Republic of),AMRO,424,138295,4,1338
2021-03-01,Venezuela (Bolivarian Republic of),AMRO,444,138739,0,1338
2021-03-02,Venezuela (Bolivarian Republic of),AMRO,377,139116,6,1344
2021-03-03,Venezuela (Bolivarian Republic of),AMRO,429,139545,4,1348
2021-03-04,Venezuela (Bolivarian Republic of),AMRO,389,139934,5,1353
2021-03-05,Venezuela (Bolivarian Republic of),AMRO,449,140383,5,1358
2021-03-06,Venezuela (Bolivarian Republic of),AMRO,577,140960,6,1364
2021-03-07,Venezuela (Bolivarian Republic of),AMRO,396,141356,7,1371
2021-03-08,Venezuela (Bolivarian Republic of),AMRO,529,141885,7,1378
2021-03-09,Venezuela (Bolivarian Republic of),AMRO,453,142338,6,1384
2021-03-10,Venezuela (Bolivarian Republic of),AMRO,436,142774,7,1391
2021-03-11,Venezuela (Bolivarian Republic of),AMRO,547,143321,8,1399
2021-03-12,Venezuela (Bolivarian Republic of),AMRO,475,143796,8,1407
2021-03-13,Venezuela (Bolivarian Republic of),AMRO,481,144277,8,1415
2021-03-14,Venezuela (Bolivarian Republic of),AMRO,509,144786,7,1422
2021-03-15,Venezuela (Bolivarian Republic of),AMRO,593,145379,8,1430
2021-03-16,Venezuela (Bolivarian Republic of),AMRO,574,145953,7,1437
2021-03-17,Venezuela (Bolivarian Republic of),AMRO,535,146488,7,1444
2021-03-18,Venezuela (Bolivarian Republic of),AMRO,540,147028,7,1451
2021-03-19,Venezuela (Bolivarian Republic of),AMRO,549,147577,8,1459
2021-03-20,Venezuela (Bolivarian Republic of),AMRO,631,148208,8,1467
2021-03-21,Venezuela (Bolivarian Republic of),AMRO,937,149145,8,1475
2021-03-22,Venezuela (Bolivarian Republic of),AMRO,1161,150306,8,1483
2021-03-23,Venezuela (Bolivarian Republic of),AMRO,817,151123,10,1493
2021-03-24,Venezuela (Bolivarian Republic of),AMRO,771,151894,9,1502
2021-03-25,Venezuela (Bolivarian Republic of),AMRO,614,152508,9,1511
2021-03-26,Venezuela (Bolivarian Republic of),AMRO,807,153315,10,1521
2021-03-27,Venezuela (Bolivarian Republic of),AMRO,850,154165,11,1532
2021-03-28,Venezuela (Bolivarian Republic of),AMRO,740,154905,11,1543
2021-03-29,Venezuela (Bolivarian Republic of),AMRO,758,155663,12,1555
2021-03-30,Venezuela (Bolivarian Republic of),AMRO,992,156655,10,1565
2021-03-31,Venezuela (Bolivarian Republic of),AMRO,1288,157943,12,1577
2021-04-01,Venezuela (Bolivarian Republic of),AMRO,1206,159149,12,1589
2021-04-02,Venezuela (Bolivarian Republic of),AMRO,1348,160497,13,1602
2021-04-03,Venezuela (Bolivarian Republic of),AMRO,1254,161751,13,1615
2021-04-04,Venezuela (Bolivarian Republic of),AMRO,979,162730,14,1629
2021-04-05,Venezuela (Bolivarian Republic of),AMRO,1607,164337,18,1647
2021-04-06,Venezuela (Bolivarian Republic of),AMRO,1786,166123,15,1662
2021-04-07,Venezuela (Bolivarian Republic of),AMRO,1425,167548,16,1678
2021-04-08,Venezuela (Bolivarian Republic of),AMRO,1526,169074,15,1693
2021-04-09,Venezuela (Bolivarian Republic of),AMRO,1115,170189,12,1705
2021-04-10,Venezuela (Bolivarian Republic of),AMRO,1184,171373,15,1720
2021-04-11,Venezuela (Bolivarian Republic of),AMRO,1088,172461,19,1739
2021-04-12,Venezuela (Bolivarian Republic of),AMRO,1325,173786,20,1759
2021-04-13,Venezuela (Bolivarian Republic of),AMRO,1101,174887,19,1778
2021-04-14,Venezuela (Bolivarian Republic of),AMRO,925,175812,17,1795
2021-04-15,Venezuela (Bolivarian Republic of),AMRO,1160,176972,20,1815
2021-04-16,Venezuela (Bolivarian Republic of),AMRO,1122,178094,19,1834
2021-04-17,Venezuela (Bolivarian Republic of),AMRO,1271,179365,19,1853
2021-04-18,Venezuela (Bolivarian Republic of),AMRO,1244,180609,17,1870
2021-04-19,Venezuela (Bolivarian Republic of),AMRO,1294,181903,18,1888
2021-04-20,Venezuela (Bolivarian Republic of),AMRO,1287,183190,17,1905
2021-04-21,Venezuela (Bolivarian Republic of),AMRO,1405,184595,20,1925
2021-04-22,Venezuela (Bolivarian Republic of),AMRO,1141,185736,19,1944
2021-04-23,Venezuela (Bolivarian Republic of),AMRO,1009,186745,21,1965
2021-04-24,Venezuela (Bolivarian Republic of),AMRO,1318,188063,22,1987
2021-04-25,Venezuela (Bolivarian Republic of),AMRO,1318,189381,22,2009
2021-04-26,Venezuela (Bolivarian Republic of),AMRO,1142,190523,19,2028
2021-04-27,Venezuela (Bolivarian Republic of),AMRO,995,191518,19,2047
2021-04-28,Venezuela (Bolivarian Republic of),AMRO,980,192498,18,2065
2021-04-29,Venezuela (Bolivarian Republic of),AMRO,1223,193721,17,2082
2021-04-30,Venezuela (Bolivarian Republic of),AMRO,1238,194959,17,2099
2021-05-01,Venezuela (Bolivarian Republic of),AMRO,1427,196386,18,2117
2021-05-02,Venezuela (Bolivarian Republic of),AMRO,1297,197683,19,2136
2021-05-03,Venezuela (Bolivarian Republic of),AMRO,1182,198865,19,2155
2021-05-04,Venezuela (Bolivarian Republic of),AMRO,1202,200067,17,2172
2021-05-05,Venezuela (Bolivarian Republic of),AMRO,864,200931,17,2189
2021-05-06,Venezuela (Bolivarian Republic of),AMRO,876,201807,19,2208
2021-05-07,Venezuela (Bolivarian Republic of),AMRO,951,202758,18,2226
2021-05-08,Venezuela (Bolivarian Republic of),AMRO,1299,204057,18,2244
2021-05-09,Venezuela (Bolivarian Republic of),AMRO,1124,205181,19,2263
2021-05-10,Venezuela (Bolivarian Republic of),AMRO,1368,206549,17,2280
2021-05-11,Venezuela (Bolivarian Republic of),AMRO,1321,207870,11,2291
2021-05-12,Venezuela (Bolivarian Republic of),AMRO,1292,209162,13,2304
2021-05-13,Venezuela (Bolivarian Republic of),AMRO,954,210116,16,2320
2021-05-14,Venezuela (Bolivarian Republic of),AMRO,832,210948,17,2337
2021-05-15,Venezuela (Bolivarian Republic of),AMRO,890,211838,15,2352
2021-05-16,Venezuela (Bolivarian Republic of),AMRO,1160,212998,14,2366
2021-05-17,Venezuela (Bolivarian Republic of),AMRO,1233,214231,16,2382
2021-05-18,Venezuela (Bolivarian Republic of),AMRO,1070,215301,14,2396
2021-05-19,Venezuela (Bolivarian Republic of),AMRO,1114,216415,15,2411
2021-05-20,Venezuela (Bolivarian Republic of),AMRO,1188,217603,17,2428
2021-05-21,Venezuela (Bolivarian Republic of),AMRO,1211,218814,18,2446
2021-05-22,Venezuela (Bolivarian Republic of),AMRO,1050,219864,19,2465
2021-05-23,Venezuela (Bolivarian Republic of),AMRO,1178,221042,18,2483
2021-05-24,Venezuela (Bolivarian Republic of),AMRO,1010,222052,16,2499
2021-05-25,Venezuela (Bolivarian Republic of),AMRO,1293,223345,14,2513
2021-05-26,Venezuela (Bolivarian Republic of),AMRO,1474,224819,15,2528
2021-05-27,Venezuela (Bolivarian Republic of),AMRO,1317,226136,16,2544
2021-05-28,Venezuela (Bolivarian Republic of),AMRO,1271,227407,15,2559
2021-05-29,Venezuela (Bolivarian Republic of),AMRO,1421,228828,17,2576
2021-05-30,Venezuela (Bolivarian Republic of),AMRO,1319,230147,19,2595
2021-01-01,Viet Nam,WPRO,9,1465,0,35
2021-01-02,Viet Nam,WPRO,9,1474,0,35
2021-01-03,Viet Nam,WPRO,8,1482,0,35
2021-01-04,Viet Nam,WPRO,12,1494,0,35
2021-01-05,Viet Nam,WPRO,3,1497,0,35
2021-01-06,Viet Nam,WPRO,7,1504,0,35
2021-01-07,Viet Nam,WPRO,1,1505,0,35
2021-01-08,Viet Nam,WPRO,4,1509,0,35
2021-01-09,Viet Nam,WPRO,3,1512,0,35
2021-01-10,Viet Nam,WPRO,1,1513,0,35
2021-01-11,Viet Nam,WPRO,1,1514,0,35
2021-01-12,Viet Nam,WPRO,1,1515,0,35
2021-01-13,Viet Nam,WPRO,5,1520,0,35
2021-01-14,Viet Nam,WPRO,1,1521,0,35
2021-01-15,Viet Nam,WPRO,10,1531,0,35
2021-01-16,Viet Nam,WPRO,5,1536,0,35
2021-01-17,Viet Nam,WPRO,1,1537,0,35
2021-01-18,Viet Nam,WPRO,0,1537,0,35
2021-01-19,Viet Nam,WPRO,2,1539,0,35
2021-01-20,Viet Nam,WPRO,1,1540,0,35
2021-01-21,Viet Nam,WPRO,4,1544,0,35
2021-01-22,Viet Nam,WPRO,2,1546,0,35
2021-01-23,Viet Nam,WPRO,2,1548,0,35
2021-01-24,Viet Nam,WPRO,0,1548,0,35
2021-01-25,Viet Nam,WPRO,0,1548,0,35
2021-01-26,Viet Nam,WPRO,1,1549,0,35
2021-01-27,Viet Nam,WPRO,2,1551,0,35
2021-01-28,Viet Nam,WPRO,2,1553,0,35
2021-01-29,Viet Nam,WPRO,98,1651,0,35
2021-01-30,Viet Nam,WPRO,88,1739,0,35
2021-01-31,Viet Nam,WPRO,42,1781,0,35
2021-02-01,Viet Nam,WPRO,38,1819,0,35
2021-02-02,Viet Nam,WPRO,32,1851,0,35
2021-02-03,Viet Nam,WPRO,40,1891,0,35
2021-02-04,Viet Nam,WPRO,57,1948,0,35
2021-02-05,Viet Nam,WPRO,9,1957,0,35
2021-02-06,Viet Nam,WPRO,19,1976,0,35
2021-02-07,Viet Nam,WPRO,9,1985,0,35
2021-02-08,Viet Nam,WPRO,20,2005,0,35
2021-02-09,Viet Nam,WPRO,48,2053,0,35
2021-02-10,Viet Nam,WPRO,17,2070,0,35
2021-02-11,Viet Nam,WPRO,39,2109,0,35
2021-02-12,Viet Nam,WPRO,31,2140,0,35
2021-02-13,Viet Nam,WPRO,2,2142,0,35
2021-02-14,Viet Nam,WPRO,53,2195,0,35
2021-02-15,Viet Nam,WPRO,34,2229,0,35
2021-02-16,Viet Nam,WPRO,42,2271,0,35
2021-02-17,Viet Nam,WPRO,40,2311,0,35
2021-02-18,Viet Nam,WPRO,18,2329,0,35
2021-02-19,Viet Nam,WPRO,18,2347,0,35
2021-02-20,Viet Nam,WPRO,15,2362,0,35
2021-02-21,Viet Nam,WPRO,6,2368,0,35
2021-02-22,Viet Nam,WPRO,15,2383,0,35
2021-02-23,Viet Nam,WPRO,12,2395,0,35
2021-02-24,Viet Nam,WPRO,8,2403,0,35
2021-02-25,Viet Nam,WPRO,9,2412,0,35
2021-02-26,Viet Nam,WPRO,9,2421,0,35
2021-02-27,Viet Nam,WPRO,5,2426,0,35
2021-02-28,Viet Nam,WPRO,6,2432,0,35
2021-03-01,Viet Nam,WPRO,16,2448,0,35
2021-03-02,Viet Nam,WPRO,24,2472,0,35
2021-03-03,Viet Nam,WPRO,3,2475,0,35
2021-03-04,Viet Nam,WPRO,7,2482,0,35
2021-03-05,Viet Nam,WPRO,6,2488,0,35
2021-03-06,Viet Nam,WPRO,13,2501,0,35
2021-03-07,Viet Nam,WPRO,8,2509,0,35
2021-03-08,Viet Nam,WPRO,3,2512,0,35
2021-03-09,Viet Nam,WPRO,12,2524,0,35
2021-03-10,Viet Nam,WPRO,2,2526,0,35
2021-03-11,Viet Nam,WPRO,3,2529,0,35
2021-03-12,Viet Nam,WPRO,6,2535,0,35
2021-03-13,Viet Nam,WPRO,15,2550,0,35
2021-03-14,Viet Nam,WPRO,3,2553,0,35
2021-03-15,Viet Nam,WPRO,1,2554,0,35
2021-03-16,Viet Nam,WPRO,5,2559,0,35
2021-03-17,Viet Nam,WPRO,1,2560,0,35
2021-03-18,Viet Nam,WPRO,7,2567,0,35
2021-03-19,Viet Nam,WPRO,3,2570,0,35
2021-03-20,Viet Nam,WPRO,1,2571,0,35
2021-03-21,Viet Nam,WPRO,1,2572,0,35
2021-03-22,Viet Nam,WPRO,0,2572,0,35
2021-03-23,Viet Nam,WPRO,3,2575,0,35
2021-03-24,Viet Nam,WPRO,1,2576,0,35
2021-03-25,Viet Nam,WPRO,0,2576,0,35
2021-03-26,Viet Nam,WPRO,5,2581,0,35
2021-03-27,Viet Nam,WPRO,5,2586,0,35
2021-03-28,Viet Nam,WPRO,4,2590,0,35
2021-03-29,Viet Nam,WPRO,1,2591,0,35
2021-03-30,Viet Nam,WPRO,3,2594,0,35
2021-03-31,Viet Nam,WPRO,0,2594,0,35
2021-04-01,Viet Nam,WPRO,9,2603,0,35
2021-04-02,Viet Nam,WPRO,14,2617,0,35
2021-04-03,Viet Nam,WPRO,3,2620,0,35
2021-04-04,Viet Nam,WPRO,9,2629,0,35
2021-04-05,Viet Nam,WPRO,2,2631,0,35
2021-04-06,Viet Nam,WPRO,6,2637,0,35
2021-04-07,Viet Nam,WPRO,11,2648,0,35
2021-04-08,Viet Nam,WPRO,11,2659,0,35
2021-04-09,Viet Nam,WPRO,10,2669,0,35
2021-04-10,Viet Nam,WPRO,14,2683,0,35
2021-04-11,Viet Nam,WPRO,9,2692,0,35
2021-04-12,Viet Nam,WPRO,4,2696,0,35
2021-04-13,Viet Nam,WPRO,11,2707,0,35
2021-04-14,Viet Nam,WPRO,10,2717,0,35
2021-04-15,Viet Nam,WPRO,20,2737,0,35
2021-04-16,Viet Nam,WPRO,21,2758,0,35
2021-04-17,Viet Nam,WPRO,15,2773,0,35
2021-04-18,Viet Nam,WPRO,8,2781,0,35
2021-04-19,Viet Nam,WPRO,4,2785,0,35
2021-04-20,Viet Nam,WPRO,6,2791,0,35
2021-04-21,Viet Nam,WPRO,10,2801,0,35
2021-04-22,Viet Nam,WPRO,11,2812,0,35
2021-04-23,Viet Nam,WPRO,12,2824,0,35
2021-04-24,Viet Nam,WPRO,8,2832,0,35
2021-04-25,Viet Nam,WPRO,1,2833,0,35
2021-04-26,Viet Nam,WPRO,13,2846,0,35
2021-04-27,Viet Nam,WPRO,6,2852,0,35
2021-04-28,Viet Nam,WPRO,5,2857,0,35
2021-04-29,Viet Nam,WPRO,8,2865,0,35
2021-04-30,Viet Nam,WPRO,49,2914,0,35
2021-05-01,Viet Nam,WPRO,14,2928,0,35
2021-05-02,Viet Nam,WPRO,14,2942,0,35
2021-05-03,Viet Nam,WPRO,20,2962,0,35
2021-05-04,Viet Nam,WPRO,23,2985,0,35
2021-05-05,Viet Nam,WPRO,11,2996,0,35
2021-05-06,Viet Nam,WPRO,34,3030,0,35
2021-05-07,Viet Nam,WPRO,61,3091,0,35
2021-05-08,Viet Nam,WPRO,61,3152,0,35
2021-05-09,Viet Nam,WPRO,93,3245,0,35
2021-05-10,Viet Nam,WPRO,167,3412,0,35
2021-05-11,Viet Nam,WPRO,77,3489,0,35
2021-05-12,Viet Nam,WPRO,82,3571,0,35
2021-05-13,Viet Nam,WPRO,87,3658,0,35
2021-05-14,Viet Nam,WPRO,82,3740,0,35
2021-05-15,Viet Nam,WPRO,96,3836,0,35
2021-05-16,Viet Nam,WPRO,276,4112,1,36
2021-05-17,Viet Nam,WPRO,100,4212,1,37
2021-05-18,Viet Nam,WPRO,166,4378,0,37
2021-05-19,Viet Nam,WPRO,165,4543,0,37
2021-05-20,Viet Nam,WPRO,177,4720,1,38
2021-05-21,Viet Nam,WPRO,113,4833,1,39
2021-05-22,Viet Nam,WPRO,128,4961,2,41
2021-05-23,Viet Nam,WPRO,158,5119,0,41
2021-05-24,Viet Nam,WPRO,156,5275,2,43
2021-05-25,Viet Nam,WPRO,186,5461,1,44
2021-05-26,Viet Nam,WPRO,470,5931,0,44
2021-05-27,Viet Nam,WPRO,180,6111,1,45
2021-05-28,Viet Nam,WPRO,245,6356,1,46
2021-05-29,Viet Nam,WPRO,301,6657,1,47
2021-05-30,Viet Nam,WPRO,251,6908,0,47
2021-01-01,Wallis and Futuna,WPRO,0,4,0,0
2021-01-02,Wallis and Futuna,WPRO,0,4,0,0
2021-01-03,Wallis and Futuna,WPRO,0,4,0,0
2021-01-04,Wallis and Futuna,WPRO,0,4,0,0
2021-01-05,Wallis and Futuna,WPRO,0,4,0,0
2021-01-06,Wallis and Futuna,WPRO,0,4,0,0
2021-01-07,Wallis and Futuna,WPRO,0,4,0,0
2021-01-08,Wallis and Futuna,WPRO,0,4,0,0
2021-01-09,Wallis and Futuna,WPRO,0,4,0,0
2021-01-10,Wallis and Futuna,WPRO,0,4,0,0
2021-01-11,Wallis and Futuna,WPRO,0,4,0,0
2021-01-12,Wallis and Futuna,WPRO,0,4,0,0
2021-01-13,Wallis and Futuna,WPRO,0,4,0,0
2021-01-14,Wallis and Futuna,WPRO,0,4,0,0
2021-01-15,Wallis and Futuna,WPRO,0,4,0,0
2021-01-16,Wallis and Futuna,WPRO,0,4,0,0
2021-01-17,Wallis and Futuna,WPRO,0,4,0,0
2021-01-18,Wallis and Futuna,WPRO,0,4,0,0
2021-01-19,Wallis and Futuna,WPRO,0,4,0,0
2021-01-20,Wallis and Futuna,WPRO,0,4,0,0
2021-01-21,Wallis and Futuna,WPRO,0,4,0,0
2021-01-22,Wallis and Futuna,WPRO,0,4,0,0
2021-01-23,Wallis and Futuna,WPRO,0,4,0,0
2021-01-24,Wallis and Futuna,WPRO,0,4,0,0
2021-01-25,Wallis and Futuna,WPRO,1,5,0,0
2021-01-26,Wallis and Futuna,WPRO,0,5,0,0
2021-01-27,Wallis and Futuna,WPRO,0,5,0,0
2021-01-28,Wallis and Futuna,WPRO,0,5,0,0
2021-01-29,Wallis and Futuna,WPRO,0,5,0,0
2021-01-30,Wallis and Futuna,WPRO,0,5,0,0
2021-01-31,Wallis and Futuna,WPRO,0,5,0,0
2021-02-01,Wallis and Futuna,WPRO,0,5,0,0
2021-02-02,Wallis and Futuna,WPRO,0,5,0,0
2021-02-03,Wallis and Futuna,WPRO,0,5,0,0
2021-02-04,Wallis and Futuna,WPRO,0,5,0,0
2021-02-05,Wallis and Futuna,WPRO,0,5,0,0
2021-02-06,Wallis and Futuna,WPRO,0,5,0,0
2021-02-07,Wallis and Futuna,WPRO,0,5,0,0
2021-02-08,Wallis and Futuna,WPRO,4,9,0,0
2021-02-09,Wallis and Futuna,WPRO,0,9,0,0
2021-02-10,Wallis and Futuna,WPRO,0,9,0,0
2021-02-11,Wallis and Futuna,WPRO,0,9,0,0
2021-02-12,Wallis and Futuna,WPRO,0,9,0,0
2021-02-13,Wallis and Futuna,WPRO,0,9,0,0
2021-02-14,Wallis and Futuna,WPRO,0,9,0,0
2021-02-15,Wallis and Futuna,WPRO,0,9,0,0
2021-02-16,Wallis and Futuna,WPRO,0,9,0,0
2021-02-17,Wallis and Futuna,WPRO,0,9,0,0
2021-02-18,Wallis and Futuna,WPRO,0,9,0,0
2021-02-19,Wallis and Futuna,WPRO,0,9,0,0
2021-02-20,Wallis and Futuna,WPRO,0,9,0,0
2021-02-21,Wallis and Futuna,WPRO,0,9,0,0
2021-02-22,Wallis and Futuna,WPRO,0,9,0,0
2021-02-23,Wallis and Futuna,WPRO,0,9,0,0
2021-02-24,Wallis and Futuna,WPRO,0,9,0,0
2021-02-25,Wallis and Futuna,WPRO,0,9,0,0
2021-02-26,Wallis and Futuna,WPRO,0,9,0,0
2021-02-27,Wallis and Futuna,WPRO,0,9,0,0
2021-02-28,Wallis and Futuna,WPRO,0,9,0,0
2021-03-01,Wallis and Futuna,WPRO,0,9,0,0
2021-03-02,Wallis and Futuna,WPRO,0,9,0,0
2021-03-03,Wallis and Futuna,WPRO,0,9,0,0
2021-03-04,Wallis and Futuna,WPRO,0,9,0,0
2021-03-05,Wallis and Futuna,WPRO,0,9,0,0
2021-03-06,Wallis and Futuna,WPRO,0,9,0,0
2021-03-07,Wallis and Futuna,WPRO,1,10,0,0
2021-03-08,Wallis and Futuna,WPRO,27,37,0,0
2021-03-09,Wallis and Futuna,WPRO,37,74,0,0
2021-03-10,Wallis and Futuna,WPRO,16,90,0,0
2021-03-11,Wallis and Futuna,WPRO,44,134,0,0
2021-03-12,Wallis and Futuna,WPRO,20,154,0,0
2021-03-13,Wallis and Futuna,WPRO,1,155,0,0
2021-03-14,Wallis and Futuna,WPRO,21,176,0,0
2021-03-15,Wallis and Futuna,WPRO,11,187,0,0
2021-03-16,Wallis and Futuna,WPRO,8,195,0,0
2021-03-17,Wallis and Futuna,WPRO,47,242,0,0
2021-03-18,Wallis and Futuna,WPRO,28,270,0,0
2021-03-19,Wallis and Futuna,WPRO,15,285,0,0
2021-03-20,Wallis and Futuna,WPRO,15,300,0,0
2021-03-21,Wallis and Futuna,WPRO,11,311,1,1
2021-03-22,Wallis and Futuna,WPRO,6,317,0,1
2021-03-23,Wallis and Futuna,WPRO,10,327,0,1
2021-03-24,Wallis and Futuna,WPRO,11,338,1,2
2021-03-25,Wallis and Futuna,WPRO,12,350,1,3
2021-03-26,Wallis and Futuna,WPRO,11,361,0,3
2021-03-27,Wallis and Futuna,WPRO,6,367,1,4
2021-03-28,Wallis and Futuna,WPRO,9,376,0,4
2021-03-29,Wallis and Futuna,WPRO,7,383,0,4
2021-03-30,Wallis and Futuna,WPRO,11,394,0,4
2021-03-31,Wallis and Futuna,WPRO,7,401,0,4
2021-04-01,Wallis and Futuna,WPRO,11,412,0,4
2021-04-02,Wallis and Futuna,WPRO,6,418,0,4
2021-04-03,Wallis and Futuna,WPRO,1,419,0,4
2021-04-04,Wallis and Futuna,WPRO,6,425,0,4
2021-04-05,Wallis and Futuna,WPRO,0,425,0,4
2021-04-06,Wallis and Futuna,WPRO,4,429,0,4
2021-04-07,Wallis and Futuna,WPRO,2,431,0,4
2021-04-08,Wallis and Futuna,WPRO,1,432,0,4
2021-04-09,Wallis and Futuna,WPRO,6,438,1,5
2021-04-10,Wallis and Futuna,WPRO,1,439,0,5
2021-04-11,Wallis and Futuna,WPRO,2,441,0,5
2021-04-12,Wallis and Futuna,WPRO,0,441,0,5
2021-04-13,Wallis and Futuna,WPRO,5,446,0,5
2021-04-14,Wallis and Futuna,WPRO,0,446,0,5
2021-04-15,Wallis and Futuna,WPRO,0,446,0,5
2021-04-16,Wallis and Futuna,WPRO,0,446,0,5
2021-04-17,Wallis and Futuna,WPRO,1,447,0,5
2021-04-18,Wallis and Futuna,WPRO,0,447,0,5
2021-04-19,Wallis and Futuna,WPRO,0,447,0,5
2021-04-20,Wallis and Futuna,WPRO,0,447,0,5
2021-04-21,Wallis and Futuna,WPRO,1,448,0,5
2021-04-22,Wallis and Futuna,WPRO,1,449,0,5
2021-04-23,Wallis and Futuna,WPRO,0,449,0,5
2021-04-24,Wallis and Futuna,WPRO,0,449,0,5
2021-04-25,Wallis and Futuna,WPRO,0,449,0,5
2021-04-26,Wallis and Futuna,WPRO,0,449,0,5
2021-04-27,Wallis and Futuna,WPRO,2,451,0,5
2021-04-28,Wallis and Futuna,WPRO,1,452,0,5
2021-04-29,Wallis and Futuna,WPRO,0,452,0,5
2021-04-30,Wallis and Futuna,WPRO,1,453,2,7
2021-05-01,Wallis and Futuna,WPRO,0,453,0,7
2021-05-02,Wallis and Futuna,WPRO,0,453,0,7
2021-05-03,Wallis and Futuna,WPRO,0,453,0,7
2021-05-04,Wallis and Futuna,WPRO,0,453,0,7
2021-05-05,Wallis and Futuna,WPRO,0,453,0,7
2021-05-06,Wallis and Futuna,WPRO,0,453,0,7
2021-05-07,Wallis and Futuna,WPRO,1,454,0,7
2021-05-08,Wallis and Futuna,WPRO,0,454,0,7
2021-05-09,Wallis and Futuna,WPRO,0,454,0,7
2021-05-10,Wallis and Futuna,WPRO,0,454,0,7
2021-05-11,Wallis and Futuna,WPRO,0,454,0,7
2021-05-12,Wallis and Futuna,WPRO,0,454,0,7
2021-05-13,Wallis and Futuna,WPRO,0,454,0,7
2021-05-14,Wallis and Futuna,WPRO,0,454,0,7
2021-05-15,Wallis and Futuna,WPRO,0,454,0,7
2021-05-16,Wallis and Futuna,WPRO,0,454,0,7
2021-05-17,Wallis and Futuna,WPRO,0,454,0,7
2021-05-18,Wallis and Futuna,WPRO,0,454,0,7
2021-05-19,Wallis and Futuna,WPRO,0,454,0,7
2021-05-20,Wallis and Futuna,WPRO,0,454,0,7
2021-05-21,Wallis and Futuna,WPRO,0,454,0,7
2021-05-22,Wallis and Futuna,WPRO,0,454,0,7
2021-05-23,Wallis and Futuna,WPRO,0,454,0,7
2021-05-24,Wallis and Futuna,WPRO,0,454,0,7
2021-05-25,Wallis and Futuna,WPRO,0,454,0,7
2021-05-26,Wallis and Futuna,WPRO,0,454,0,7
2021-05-27,Wallis and Futuna,WPRO,0,454,0,7
2021-05-28,Wallis and Futuna,WPRO,0,454,0,7
2021-05-29,Wallis and Futuna,WPRO,0,454,0,7
2021-05-30,Wallis and Futuna,WPRO,0,454,0,7
2021-01-01,Yemen,EMRO,2,2103,0,611
2021-01-02,Yemen,EMRO,2,2105,0,611
2021-01-03,Yemen,EMRO,0,2105,0,611
2021-01-04,Yemen,EMRO,0,2105,0,611
2021-01-05,Yemen,EMRO,0,2105,0,611
2021-01-06,Yemen,EMRO,0,2105,0,611
2021-01-07,Yemen,EMRO,1,2106,0,611
2021-01-08,Yemen,EMRO,2,2108,0,611
2021-01-09,Yemen,EMRO,0,2108,0,611
2021-01-10,Yemen,EMRO,0,2108,0,611
2021-01-11,Yemen,EMRO,0,2108,1,612
2021-01-12,Yemen,EMRO,1,2109,1,613
2021-01-13,Yemen,EMRO,2,2111,0,613
2021-01-14,Yemen,EMRO,2,2113,0,613
2021-01-15,Yemen,EMRO,1,2114,0,613
2021-01-16,Yemen,EMRO,1,2115,0,613
2021-01-17,Yemen,EMRO,1,2116,0,613
2021-01-18,Yemen,EMRO,0,2116,0,613
2021-01-19,Yemen,EMRO,1,2117,0,613
2021-01-20,Yemen,EMRO,2,2119,0,613
2021-01-21,Yemen,EMRO,0,2119,0,613
2021-01-22,Yemen,EMRO,0,2119,2,615
2021-01-23,Yemen,EMRO,3,2122,0,615
2021-01-24,Yemen,EMRO,0,2122,1,616
2021-01-25,Yemen,EMRO,0,2122,0,616
2021-01-26,Yemen,EMRO,0,2122,0,616
2021-01-27,Yemen,EMRO,1,2123,0,616
2021-01-28,Yemen,EMRO,1,2124,0,616
2021-01-29,Yemen,EMRO,0,2124,0,616
2021-01-30,Yemen,EMRO,0,2124,0,616
2021-01-31,Yemen,EMRO,0,2124,0,616
2021-02-01,Yemen,EMRO,1,2125,0,616
2021-02-02,Yemen,EMRO,1,2126,0,616
2021-02-03,Yemen,EMRO,0,2126,0,616
2021-02-04,Yemen,EMRO,0,2126,0,616
2021-02-05,Yemen,EMRO,0,2126,0,616
2021-02-06,Yemen,EMRO,1,2127,0,616
2021-02-07,Yemen,EMRO,4,2131,0,616
2021-02-08,Yemen,EMRO,0,2131,0,616
2021-02-09,Yemen,EMRO,3,2134,0,616
2021-02-10,Yemen,EMRO,1,2135,0,616
2021-02-11,Yemen,EMRO,2,2137,1,617
2021-02-12,Yemen,EMRO,1,2138,0,617
2021-02-13,Yemen,EMRO,2,2140,0,617
2021-02-14,Yemen,EMRO,0,2140,0,617
2021-02-15,Yemen,EMRO,9,2149,1,618
2021-02-16,Yemen,EMRO,0,2149,0,618
2021-02-17,Yemen,EMRO,3,2152,1,619
2021-02-18,Yemen,EMRO,3,2155,0,619
2021-02-19,Yemen,EMRO,3,2158,0,619
2021-02-20,Yemen,EMRO,3,2161,0,619
2021-02-21,Yemen,EMRO,0,2161,0,619
2021-02-22,Yemen,EMRO,8,2169,1,620
2021-02-23,Yemen,EMRO,11,2180,0,620
2021-02-24,Yemen,EMRO,11,2191,1,621
2021-02-25,Yemen,EMRO,34,2225,4,625
2021-02-26,Yemen,EMRO,34,2259,3,628
2021-02-27,Yemen,EMRO,12,2271,2,630
2021-02-28,Yemen,EMRO,2,2273,2,632
2021-03-01,Yemen,EMRO,16,2289,3,635
2021-03-02,Yemen,EMRO,25,2314,0,635
2021-03-03,Yemen,EMRO,32,2346,6,641
2021-03-04,Yemen,EMRO,21,2367,3,644
2021-03-05,Yemen,EMRO,12,2379,2,646
2021-03-06,Yemen,EMRO,36,2415,3,649
2021-03-07,Yemen,EMRO,33,2448,2,651
2021-03-08,Yemen,EMRO,29,2477,1,652
2021-03-09,Yemen,EMRO,72,2549,2,654
2021-03-10,Yemen,EMRO,41,2590,1,655
2021-03-11,Yemen,EMRO,41,2631,7,662
2021-03-12,Yemen,EMRO,40,2671,6,668
2021-03-13,Yemen,EMRO,62,2733,12,680
2021-03-14,Yemen,EMRO,42,2775,4,684
2021-03-15,Yemen,EMRO,65,2840,6,690
2021-03-16,Yemen,EMRO,72,2912,9,699
2021-03-17,Yemen,EMRO,61,2973,9,708
2021-03-18,Yemen,EMRO,68,3041,6,714
2021-03-19,Yemen,EMRO,89,3130,10,724
2021-03-20,Yemen,EMRO,91,3221,10,734
2021-03-21,Yemen,EMRO,61,3282,4,738
2021-03-22,Yemen,EMRO,140,3422,14,752
2021-03-23,Yemen,EMRO,98,3520,20,772
2021-03-24,Yemen,EMRO,96,3616,14,786
2021-03-25,Yemen,EMRO,91,3707,15,801
2021-03-26,Yemen,EMRO,113,3820,10,811
2021-03-27,Yemen,EMRO,84,3904,10,821
2021-03-28,Yemen,EMRO,69,3973,12,833
2021-03-29,Yemen,EMRO,64,4037,19,852
2021-03-30,Yemen,EMRO,82,4119,12,864
2021-03-31,Yemen,EMRO,132,4251,19,883
2021-04-01,Yemen,EMRO,110,4361,6,889
2021-04-02,Yemen,EMRO,174,4535,18,907
2021-04-03,Yemen,EMRO,89,4624,10,917
2021-04-04,Yemen,EMRO,77,4701,16,933
2021-04-05,Yemen,EMRO,101,4802,14,947
2021-04-06,Yemen,EMRO,83,4885,9,956
2021-04-07,Yemen,EMRO,94,4979,21,977
2021-04-08,Yemen,EMRO,72,5051,10,987
2021-04-09,Yemen,EMRO,86,5137,18,1005
2021-04-10,Yemen,EMRO,100,5237,18,1023
2021-04-11,Yemen,EMRO,43,5280,9,1032
2021-04-12,Yemen,EMRO,81,5361,18,1050
2021-04-13,Yemen,EMRO,89,5450,19,1069
2021-04-14,Yemen,EMRO,61,5511,5,1074
2021-04-15,Yemen,EMRO,75,5586,10,1084
2021-04-16,Yemen,EMRO,75,5661,14,1098
2021-04-17,Yemen,EMRO,58,5719,11,1109
2021-04-18,Yemen,EMRO,55,5774,11,1120
2021-04-19,Yemen,EMRO,42,5816,7,1127
2021-04-20,Yemen,EMRO,46,5862,6,1133
2021-04-21,Yemen,EMRO,60,5922,6,1139
2021-04-22,Yemen,EMRO,42,5964,9,1148
2021-04-23,Yemen,EMRO,60,6024,10,1158
2021-04-24,Yemen,EMRO,36,6060,8,1166
2021-04-25,Yemen,EMRO,49,6109,10,1176
2021-04-26,Yemen,EMRO,32,6141,12,1188
2021-04-27,Yemen,EMRO,46,6187,18,1206
2021-04-28,Yemen,EMRO,37,6224,2,1208
2021-04-29,Yemen,EMRO,43,6267,9,1217
2021-04-30,Yemen,EMRO,31,6298,6,1223
2021-05-01,Yemen,EMRO,23,6321,4,1227
2021-05-02,Yemen,EMRO,8,6329,3,1230
2021-05-03,Yemen,EMRO,16,6345,4,1234
2021-05-04,Yemen,EMRO,22,6367,6,1240
2021-05-05,Yemen,EMRO,27,6394,1,1241
2021-05-06,Yemen,EMRO,24,6418,20,1261
2021-05-07,Yemen,EMRO,12,6430,5,1266
2021-05-08,Yemen,EMRO,20,6450,4,1270
2021-05-09,Yemen,EMRO,16,6466,1,1271
2021-05-10,Yemen,EMRO,20,6486,1,1272
2021-05-11,Yemen,EMRO,3,6489,4,1276
2021-05-12,Yemen,EMRO,7,6496,1,1277
2021-05-13,Yemen,EMRO,6,6502,1,1278
2021-05-14,Yemen,EMRO,9,6511,1,1279
2021-05-15,Yemen,EMRO,16,6527,7,1286
2021-05-16,Yemen,EMRO,15,6542,0,1286
2021-05-17,Yemen,EMRO,5,6547,4,1290
2021-05-18,Yemen,EMRO,25,6572,5,1295
2021-05-19,Yemen,EMRO,18,6590,3,1298
2021-05-20,Yemen,EMRO,7,6597,1,1299
2021-05-21,Yemen,EMRO,20,6617,3,1302
2021-05-22,Yemen,EMRO,19,6636,1,1303
2021-05-23,Yemen,EMRO,17,6653,2,1305
2021-05-24,Yemen,EMRO,9,6662,3,1308
2021-05-25,Yemen,EMRO,4,6666,3,1311
2021-05-26,Yemen,EMRO,8,6674,1,1312
2021-05-27,Yemen,EMRO,18,6692,2,1314
2021-05-28,Yemen,EMRO,8,6700,2,1316
2021-05-29,Yemen,EMRO,27,6727,1,1317
2021-05-30,Yemen,EMRO,8,6735,3,1320
2021-01-01,Zambia,AFRO,263,20725,2,388
2021-01-02,Zambia,AFRO,0,20725,0,388
2021-01-03,Zambia,AFRO,505,21230,4,392
2021-01-04,Zambia,AFRO,353,21583,2,394
2021-01-05,Zambia,AFRO,410,21993,4,398
2021-01-06,Zambia,AFRO,652,22645,14,412
2021-01-07,Zambia,AFRO,850,23495,5,417
2021-01-08,Zambia,AFRO,802,24297,6,423
2021-01-09,Zambia,AFRO,1029,25326,18,441
2021-01-10,Zambia,AFRO,1241,26567,23,464
2021-01-11,Zambia,AFRO,1161,27728,5,469
2021-01-12,Zambia,AFRO,868,28596,2,471
2021-01-13,Zambia,AFRO,1161,29757,24,495
2021-01-14,Zambia,AFRO,1343,31100,14,509
2021-01-15,Zambia,AFRO,1700,32800,5,514
2021-01-16,Zambia,AFRO,1478,34278,13,527
2021-01-17,Zambia,AFRO,1796,36074,5,532
2021-01-18,Zambia,AFRO,1531,37605,14,546
2021-01-19,Zambia,AFRO,602,38207,13,559
2021-01-20,Zambia,AFRO,1308,39515,19,578
2021-01-21,Zambia,AFRO,1434,40949,7,585
2021-01-22,Zambia,AFRO,1264,42213,12,597
2021-01-23,Zambia,AFRO,1120,43333,13,610
2021-01-24,Zambia,AFRO,1259,44592,17,627
2021-01-25,Zambia,AFRO,745,45337,12,639
2021-01-26,Zambia,AFRO,809,46146,21,660
2021-01-27,Zambia,AFRO,1476,47622,12,672
2021-01-28,Zambia,AFRO,1289,48911,16,688
2021-01-29,Zambia,AFRO,1408,50319,17,705
2021-01-30,Zambia,AFRO,1305,51624,23,728
2021-01-31,Zambia,AFRO,1728,53352,17,745
2021-02-01,Zambia,AFRO,865,54217,18,763
2021-02-02,Zambia,AFRO,825,55042,17,780
2021-02-03,Zambia,AFRO,1191,56233,14,794
2021-02-04,Zambia,AFRO,1256,57489,10,804
2021-02-05,Zambia,AFRO,1514,59003,8,812
2021-02-06,Zambia,AFRO,1424,60427,16,828
2021-02-07,Zambia,AFRO,1000,61427,11,839
2021-02-08,Zambia,AFRO,1236,62663,14,853
2021-02-09,Zambia,AFRO,0,62663,0,853
2021-02-10,Zambia,AFRO,1947,64610,28,881
2021-02-11,Zambia,AFRO,963,65573,20,901
2021-02-12,Zambia,AFRO,1025,66598,13,914
2021-02-13,Zambia,AFRO,1083,67681,17,931
2021-02-14,Zambia,AFRO,773,68454,9,940
2021-02-15,Zambia,AFRO,983,69437,11,951
2021-02-16,Zambia,AFRO,811,70248,8,959
2021-02-17,Zambia,AFRO,575,70823,15,974
2021-02-18,Zambia,AFRO,854,71677,9,983
2021-02-19,Zambia,AFRO,790,72467,8,991
2021-02-20,Zambia,AFRO,736,73203,11,1002
2021-02-21,Zambia,AFRO,691,73894,14,1016
2021-02-22,Zambia,AFRO,609,74503,4,1020
2021-02-23,Zambia,AFRO,524,75027,11,1031
2021-02-24,Zambia,AFRO,555,75582,9,1040
2021-02-25,Zambia,AFRO,902,76484,11,1051
2021-02-26,Zambia,AFRO,687,77171,8,1059
2021-02-27,Zambia,AFRO,0,77171,0,1059
2021-02-28,Zambia,AFRO,0,77171,0,1059
2021-03-01,Zambia,AFRO,1363,78534,32,1091
2021-03-02,Zambia,AFRO,468,79002,7,1098
2021-03-03,Zambia,AFRO,555,79557,6,1104
2021-03-04,Zambia,AFRO,533,80090,4,1108
2021-03-05,Zambia,AFRO,597,80687,1,1109
2021-03-06,Zambia,AFRO,654,81341,4,1113
2021-03-07,Zambia,AFRO,670,82011,3,1116
2021-03-08,Zambia,AFRO,410,82421,8,1124
2021-03-09,Zambia,AFRO,234,82655,8,1132
2021-03-10,Zambia,AFRO,242,82897,5,1137
2021-03-11,Zambia,AFRO,436,83333,3,1140
2021-03-12,Zambia,AFRO,580,83913,8,1148
2021-03-13,Zambia,AFRO,327,84240,1,1149
2021-03-14,Zambia,AFRO,234,84474,4,1153
2021-03-15,Zambia,AFRO,323,84797,5,1158
2021-03-16,Zambia,AFRO,153,84950,6,1164
2021-03-17,Zambia,AFRO,290,85240,3,1167
2021-03-18,Zambia,AFRO,262,85502,3,1170
2021-03-19,Zambia,AFRO,387,85889,5,1175
2021-03-20,Zambia,AFRO,170,86059,3,1178
2021-03-21,Zambia,AFRO,214,86273,0,1178
2021-03-22,Zambia,AFRO,176,86449,1,1179
2021-03-23,Zambia,AFRO,86,86535,3,1182
2021-03-24,Zambia,AFRO,244,86779,3,1185
2021-03-25,Zambia,AFRO,214,86993,2,1187
2021-03-26,Zambia,AFRO,325,87318,4,1191
2021-03-27,Zambia,AFRO,265,87583,3,1194
2021-03-28,Zambia,AFRO,144,87727,4,1198
2021-03-29,Zambia,AFRO,145,87872,2,1200
2021-03-30,Zambia,AFRO,140,88012,0,1200
2021-03-31,Zambia,AFRO,187,88199,2,1202
2021-04-01,Zambia,AFRO,219,88418,6,1208
2021-04-02,Zambia,AFRO,131,88549,4,1212
2021-04-03,Zambia,AFRO,181,88730,3,1215
2021-04-04,Zambia,AFRO,70,88800,0,1215
2021-04-05,Zambia,AFRO,130,88930,5,1220
2021-04-06,Zambia,AFRO,79,89009,2,1222
2021-04-07,Zambia,AFRO,62,89071,2,1224
2021-04-08,Zambia,AFRO,315,89386,0,1224
2021-04-09,Zambia,AFRO,206,89592,1,1225
2021-04-10,Zambia,AFRO,191,89783,1,1226
2021-04-11,Zambia,AFRO,135,89918,0,1226
2021-04-12,Zambia,AFRO,111,90029,0,1226
2021-04-13,Zambia,AFRO,35,90064,1,1227
2021-04-14,Zambia,AFRO,154,90218,2,1229
2021-04-15,Zambia,AFRO,171,90389,0,1229
2021-04-16,Zambia,AFRO,143,90532,1,1230
2021-04-17,Zambia,AFRO,0,90532,0,1230
2021-04-18,Zambia,AFRO,312,90844,4,1234
2021-04-19,Zambia,AFRO,74,90918,1,1235
2021-04-20,Zambia,AFRO,24,90942,1,1236
2021-04-21,Zambia,AFRO,100,91042,0,1236
2021-04-22,Zambia,AFRO,77,91119,2,1238
2021-04-23,Zambia,AFRO,70,91189,2,1240
2021-04-24,Zambia,AFRO,62,91251,5,1245
2021-04-25,Zambia,AFRO,66,91317,0,1245
2021-04-26,Zambia,AFRO,41,91358,1,1246
2021-04-27,Zambia,AFRO,20,91378,2,1248
2021-04-28,Zambia,AFRO,40,91418,1,1249
2021-04-29,Zambia,AFRO,66,91484,0,1249
2021-04-30,Zambia,AFRO,49,91533,1,1250
2021-05-01,Zambia,AFRO,53,91586,1,1251
2021-05-02,Zambia,AFRO,84,91670,0,1251
2021-05-03,Zambia,AFRO,23,91693,2,1253
2021-05-04,Zambia,AFRO,29,91722,0,1253
2021-05-05,Zambia,AFRO,82,91804,1,1254
2021-05-06,Zambia,AFRO,45,91849,1,1255
2021-05-07,Zambia,AFRO,97,91946,1,1256
2021-05-08,Zambia,AFRO,58,92004,0,1256
2021-05-09,Zambia,AFRO,53,92057,1,1257
2021-05-10,Zambia,AFRO,35,92092,0,1257
2021-05-11,Zambia,AFRO,20,92112,0,1257
2021-05-12,Zambia,AFRO,40,92152,1,1258
2021-05-13,Zambia,AFRO,59,92211,1,1259
2021-05-14,Zambia,AFRO,51,92262,1,1260
2021-05-15,Zambia,AFRO,94,92356,0,1260
2021-05-16,Zambia,AFRO,53,92409,0,1260
2021-05-17,Zambia,AFRO,27,92436,0,1260
2021-05-18,Zambia,AFRO,24,92460,1,1261
2021-05-19,Zambia,AFRO,60,92520,2,1263
2021-05-20,Zambia,AFRO,110,92630,0,1263
2021-05-21,Zambia,AFRO,124,92754,2,1265
2021-05-22,Zambia,AFRO,166,92920,1,1266
2021-05-23,Zambia,AFRO,186,93106,1,1267
2021-05-24,Zambia,AFRO,95,93201,1,1268
2021-05-25,Zambia,AFRO,78,93279,3,1271
2021-05-26,Zambia,AFRO,149,93428,0,1271
2021-05-27,Zambia,AFRO,199,93627,2,1273
2021-05-28,Zambia,AFRO,320,93947,2,1275
2021-05-29,Zambia,AFRO,483,94430,0,1275
2021-05-30,Zambia,AFRO,321,94751,1,1276
2021-01-01,Zimbabwe,AFRO,242,13867,3,363
2021-01-02,Zimbabwe,AFRO,0,13867,0,363
2021-01-03,Zimbabwe,AFRO,624,14491,14,377
2021-01-04,Zimbabwe,AFRO,774,15265,3,380
2021-01-05,Zimbabwe,AFRO,564,15829,4,384
2021-01-06,Zimbabwe,AFRO,1365,17194,34,418
2021-01-07,Zimbabwe,AFRO,610,17804,13,431
2021-01-08,Zimbabwe,AFRO,871,18675,15,446
2021-01-09,Zimbabwe,AFRO,985,19660,22,468
2021-01-10,Zimbabwe,AFRO,839,20499,15,483
2021-01-11,Zimbabwe,AFRO,978,21477,24,507
2021-01-12,Zimbabwe,AFRO,820,22297,21,528
2021-01-13,Zimbabwe,AFRO,942,23239,23,551
2021-01-14,Zimbabwe,AFRO,1017,24256,38,589
2021-01-15,Zimbabwe,AFRO,1112,25368,47,636
2021-01-16,Zimbabwe,AFRO,741,26109,30,666
2021-01-17,Zimbabwe,AFRO,772,26881,17,683
2021-01-18,Zimbabwe,AFRO,322,27203,30,713
2021-01-19,Zimbabwe,AFRO,689,27892,60,773
2021-01-20,Zimbabwe,AFRO,783,28675,52,825
2021-01-21,Zimbabwe,AFRO,733,29408,54,879
2021-01-22,Zimbabwe,AFRO,639,30047,38,917
2021-01-23,Zimbabwe,AFRO,476,30523,45,962
2021-01-24,Zimbabwe,AFRO,484,31007,12,974
2021-01-25,Zimbabwe,AFRO,313,31320,31,1005
2021-01-26,Zimbabwe,AFRO,326,31646,70,1075
2021-01-27,Zimbabwe,AFRO,358,32004,28,1103
2021-01-28,Zimbabwe,AFRO,300,32304,19,1122
2021-01-29,Zimbabwe,AFRO,342,32646,38,1160
2021-01-30,Zimbabwe,AFRO,306,32952,18,1178
2021-01-31,Zimbabwe,AFRO,319,33271,15,1193
2021-02-01,Zimbabwe,AFRO,117,33388,24,1217
2021-02-02,Zimbabwe,AFRO,160,33548,17,1234
2021-02-03,Zimbabwe,AFRO,266,33814,20,1254
2021-02-04,Zimbabwe,AFRO,150,33964,15,1269
2021-02-05,Zimbabwe,AFRO,207,34171,19,1288
2021-02-06,Zimbabwe,AFRO,160,34331,15,1303
2021-02-07,Zimbabwe,AFRO,156,34487,13,1316
2021-02-08,Zimbabwe,AFRO,65,34552,10,1326
2021-02-09,Zimbabwe,AFRO,106,34658,13,1339
2021-02-10,Zimbabwe,AFRO,127,34785,14,1353
2021-02-11,Zimbabwe,AFRO,79,34864,11,1364
2021-02-12,Zimbabwe,AFRO,85,34949,18,1382
2021-02-13,Zimbabwe,AFRO,96,35045,11,1393
2021-02-14,Zimbabwe,AFRO,59,35104,5,1398
2021-02-15,Zimbabwe,AFRO,68,35172,2,1400
2021-02-16,Zimbabwe,AFRO,50,35222,10,1410
2021-02-17,Zimbabwe,AFRO,93,35315,4,1414
2021-02-18,Zimbabwe,AFRO,108,35423,4,1418
2021-02-19,Zimbabwe,AFRO,120,35543,2,1420
2021-02-20,Zimbabwe,AFRO,167,35710,10,1430
2021-02-21,Zimbabwe,AFRO,58,35768,2,1432
2021-02-22,Zimbabwe,AFRO,28,35796,4,1436
2021-02-23,Zimbabwe,AFRO,66,35862,5,1441
2021-02-24,Zimbabwe,AFRO,48,35910,7,1448
2021-02-25,Zimbabwe,AFRO,50,35960,8,1456
2021-02-26,Zimbabwe,AFRO,34,35994,2,1458
2021-02-27,Zimbabwe,AFRO,0,35994,0,1458
2021-02-28,Zimbabwe,AFRO,0,35994,0,1458
2021-03-01,Zimbabwe,AFRO,95,36089,5,1463
2021-03-02,Zimbabwe,AFRO,26,36115,5,1468
2021-03-03,Zimbabwe,AFRO,33,36148,4,1472
2021-03-04,Zimbabwe,AFRO,31,36179,6,1478
2021-03-05,Zimbabwe,AFRO,44,36223,5,1483
2021-03-06,Zimbabwe,AFRO,25,36248,1,1484
2021-03-07,Zimbabwe,AFRO,12,36260,1,1485
2021-03-08,Zimbabwe,AFRO,11,36271,0,1485
2021-03-09,Zimbabwe,AFRO,18,36289,2,1487
2021-03-10,Zimbabwe,AFRO,32,36321,2,1489
2021-03-11,Zimbabwe,AFRO,20,36341,0,1489
2021-03-12,Zimbabwe,AFRO,36,36377,3,1492
2021-03-13,Zimbabwe,AFRO,46,36423,4,1496
2021-03-14,Zimbabwe,AFRO,48,36471,5,1501
2021-03-15,Zimbabwe,AFRO,13,36484,2,1503
2021-03-16,Zimbabwe,AFRO,20,36504,1,1504
2021-03-17,Zimbabwe,AFRO,31,36535,3,1507
2021-03-18,Zimbabwe,AFRO,18,36553,1,1508
2021-03-19,Zimbabwe,AFRO,58,36611,1,1509
2021-03-20,Zimbabwe,AFRO,41,36652,1,1510
2021-03-21,Zimbabwe,AFRO,10,36662,0,1510
2021-03-22,Zimbabwe,AFRO,3,36665,2,1512
2021-03-23,Zimbabwe,AFRO,19,36684,2,1514
2021-03-24,Zimbabwe,AFRO,33,36717,2,1516
2021-03-25,Zimbabwe,AFRO,32,36749,0,1516
2021-03-26,Zimbabwe,AFRO,29,36778,2,1518
2021-03-27,Zimbabwe,AFRO,27,36805,0,1518
2021-03-28,Zimbabwe,AFRO,13,36818,1,1519
2021-03-29,Zimbabwe,AFRO,4,36822,1,1520
2021-03-30,Zimbabwe,AFRO,17,36839,0,1520
2021-03-31,Zimbabwe,AFRO,19,36858,1,1521
2021-04-01,Zimbabwe,AFRO,24,36882,2,1523
2021-04-02,Zimbabwe,AFRO,14,36896,0,1523
2021-04-03,Zimbabwe,AFRO,8,36904,1,1524
2021-04-04,Zimbabwe,AFRO,7,36911,0,1524
2021-04-05,Zimbabwe,AFRO,12,36923,1,1525
2021-04-06,Zimbabwe,AFRO,11,36934,0,1525
2021-04-07,Zimbabwe,AFRO,32,36966,6,1531
2021-04-08,Zimbabwe,AFRO,18,36984,0,1531
2021-04-09,Zimbabwe,AFRO,68,37052,1,1532
2021-04-10,Zimbabwe,AFRO,95,37147,3,1535
2021-04-11,Zimbabwe,AFRO,126,37273,3,1538
2021-04-12,Zimbabwe,AFRO,15,37288,0,1538
2021-04-13,Zimbabwe,AFRO,19,37307,4,1542
2021-04-14,Zimbabwe,AFRO,23,37330,1,1543
2021-04-15,Zimbabwe,AFRO,39,37369,5,1548
2021-04-16,Zimbabwe,AFRO,53,37422,2,1550
2021-04-17,Zimbabwe,AFRO,0,37422,0,1550
2021-04-18,Zimbabwe,AFRO,247,37669,2,1552
2021-04-19,Zimbabwe,AFRO,82,37751,1,1553
2021-04-20,Zimbabwe,AFRO,108,37859,0,1553
2021-04-21,Zimbabwe,AFRO,16,37875,1,1554
2021-04-22,Zimbabwe,AFRO,105,37980,1,1555
2021-04-23,Zimbabwe,AFRO,38,38018,0,1555
2021-04-24,Zimbabwe,AFRO,27,38045,1,1556
2021-04-25,Zimbabwe,AFRO,19,38064,0,1556
2021-04-26,Zimbabwe,AFRO,22,38086,1,1557
2021-04-27,Zimbabwe,AFRO,16,38102,3,1560
2021-04-28,Zimbabwe,AFRO,62,38164,5,1565
2021-04-29,Zimbabwe,AFRO,27,38191,0,1565
2021-04-30,Zimbabwe,AFRO,44,38235,2,1567
2021-05-01,Zimbabwe,AFRO,22,38257,0,1567
2021-05-02,Zimbabwe,AFRO,3,38260,1,1568
2021-05-03,Zimbabwe,AFRO,21,38281,2,1570
2021-05-04,Zimbabwe,AFRO,12,38293,3,1573
2021-05-05,Zimbabwe,AFRO,34,38327,1,1574
2021-05-06,Zimbabwe,AFRO,30,38357,0,1574
2021-05-07,Zimbabwe,AFRO,41,38398,1,1575
2021-05-08,Zimbabwe,AFRO,5,38403,1,1576
2021-05-09,Zimbabwe,AFRO,11,38414,0,1576
2021-05-10,Zimbabwe,AFRO,5,38419,0,1576
2021-05-11,Zimbabwe,AFRO,14,38433,0,1576
2021-05-12,Zimbabwe,AFRO,15,38448,3,1579
2021-05-13,Zimbabwe,AFRO,18,38466,0,1579
2021-05-14,Zimbabwe,AFRO,25,38491,3,1582
2021-05-15,Zimbabwe,AFRO,44,38535,0,1582
2021-05-16,Zimbabwe,AFRO,19,38554,0,1582
2021-05-17,Zimbabwe,AFRO,6,38560,0,1582
2021-05-18,Zimbabwe,AFRO,12,38572,0,1582
2021-05-19,Zimbabwe,AFRO,23,38595,1,1583
2021-05-20,Zimbabwe,AFRO,17,38612,0,1583
2021-05-21,Zimbabwe,AFRO,23,38635,2,1585
2021-05-22,Zimbabwe,AFRO,29,38664,1,1586
2021-05-23,Zimbabwe,AFRO,15,38679,0,1586
2021-05-24,Zimbabwe,AFRO,3,38682,0,1586
2021-05-25,Zimbabwe,AFRO,14,38696,0,1586
2021-05-26,Zimbabwe,AFRO,10,38706,1,1587
2021-05-27,Zimbabwe,AFRO,113,38819,2,1589
2021-05-28,Zimbabwe,AFRO,35,38854,3,1592
2021-05-29,Zimbabwe,AFRO,64,38918,0,1592
2021-05-30,Zimbabwe,AFRO,15,38933,2,1594